# 1-D Scan File created by LabVIEW Control Panel  12/6/2011  5:22:35 AM; Scan time 0 hrs 4 min 28 sec. 
#
# Beamline 20 BM
#
# Scan config: 
#                 E0: 4966.00 eV   223 points
#        Scan bounds:  -100.00 -30.00 40.00 243.35 (7.99 (k))
#       Scan step(s):  5.00 0.50 0.07
#  Integration times:  0.50 0.50 0.50    kwgt in EXAFS region: 0.0 
#
# User Comment:
# 50oC
#
#
# Amplifier Sensitivities:
# Preslit: 20 nA/V  I0: 20 nA/V  I: 100 pA/V  IREF: 50 pA/V  
#
# Analog Input Voltages at start/end of scan:
# Preslit: 0.033/0.031  I0: 0.355/0.169  Ignore: 0.010/0.004  I: 0.661/0.336  IREF: 0.202/0.131  
#
# Mono Info:
# 
#
# ID Info:
# 
#
# Slit Info:
# Kappa S1:  Center is at -542 (H), 500 (V)   Size is 8000 wide x 2000 high
# Vacuum Slits:  Center is at 850 (H), -25 (V)   Size is 899 wide x 1000 high
#
# Motor Positions:
# SMV (20bm:m29): -37594.243125 SMH (20bm:m30): 4802.187500 
#
# Detector Names/PVs:
# I0/20bm:scaler1_netA.C  I/20bm:scaler1_netA.E  IREF/20bm:scaler1_netA.F  
#
# Positioner names/Drive PVs/Readback PVs:
# Mono Energy */20bm:monoE.VAL/20bm:EnctoE.VAL  Scaler preset time */20bm:scaler1.TP/  
# Here is a readable list of column headings:
#  1) Mono Energy *        
#  2) Scaler preset time * 
#  3) I0                   
#  4) I                    
#  5) IREF                 
#
# Column Headings:
#Mono Energy *        Scaler preset time * I0                   I                    IREF                 
        4865.38658797            0.50000000        12630.39355469        28004.19335937         3827.99438477 
        4870.45241530            0.50000000        12423.39355469        27710.19335937         3771.99438477 
        4875.46271053            0.50000000        12326.39355469        27724.19335937         3679.99438477 
        4880.54682416            0.50000000        12137.39355469        27585.19335937         3584.99438477 
        4885.58960585            0.50000000        11942.39355469        27330.19335937         3511.99438477 
        4890.57624875            0.50000000        11885.39355469        27428.19335937         3460.99438477 
        4895.66118128            0.50000000        11723.39355469        27271.19335937         3414.99438477 
        4900.77228306            0.50000000        11612.39355469        27410.19335937         3350.99438477 
        4905.80274538            0.50000000        11419.39355469        27044.19335937         3274.99438477 
        4910.81044561            0.50000000        11350.39355469        27283.19335937         3260.99438477 
        4915.82448876            0.50000000        11080.39355469        26867.19335937         3143.99438477 
        4920.84977234            0.50000000        11083.39355469        27129.19335937         3101.99438477 
        4925.88142801            0.50000000        10942.39355469        27050.19335937         3096.99438477 
        4930.88996442            0.50000000        10855.39355469        27168.19335937         3075.99438477 
        4935.95894332            0.50000000        10714.39355469        27136.19335937         3042.99438477 
        4936.48125336            0.50000000        10810.39355469        27530.19335937         3074.99438477 
        4936.94946433            0.50000000        10830.39355469        27546.19335937         3102.99438477 
        4937.44735323            0.50000000        10803.39355469        27518.19335937         3067.99438477 
        4937.92069616            0.50000000        10700.39355469        27296.19335937         3049.99438477 
        4938.43359654            0.50000000        10783.39355469        27406.19335937         3068.99438477 
        4938.94661366            0.50000000        10785.39355469        27455.19335937         3072.99438477 
        4939.44494397            0.50000000        10755.39355469        27571.19335937         3079.99438477 
        4939.98780527            0.50000000        10729.39355469        27367.19335937         3035.99438477 
        4940.47155546            0.50000000        10750.39355469        27525.19335937         3057.99438477 
        4940.98009864            0.50000000        10730.39355469        27582.19335937         3044.99438477 
        4941.44430609            0.50000000        10632.39355469        27375.19335937         3040.99438477 
        4941.94318868            0.50000000        10635.39355469        27402.19335937         3039.99438477 
        4942.43229949            0.50000000        10722.39355469        27634.19335937         3057.99438477 
        4942.97588032            0.50000000        10636.39355469        27454.19335937         3030.99438477 
        4943.46027175            0.50000000        10651.39355469        27492.19335937         3037.99438477 
        4944.02387833            0.50000000        10663.39355469        27607.19335937         3058.99438477 
        4944.46893032            0.50000000        10572.39355469        27331.19335937         3008.99438477 
        4945.00310856            0.50000000        10587.39355469        27412.19335937         3040.99438477 
        4945.46319667            0.50000000        10491.39355469        27241.19335937         2973.99438477 
        4945.96296847            0.50000000        10498.39355469        27242.19335937         2998.99438477 
        4946.43315182            0.50000000        10598.39355469        27480.19335937         3026.99438477 
        4946.98759899            0.50000000        10497.39355469        27341.19335937         2980.99438477 
        4947.47285194            0.50000000        10522.39355469        27386.19335937         3015.99438477 
        4948.05232107            0.50000000        10513.39355469        27405.19335937         3027.99438477 
        4948.47835043            0.50000000        10452.39355469        27333.19335937         3021.99438477 
        4949.01347785            0.50000000        10445.39355469        27326.19335937         3025.99438477 
        4949.47934006            0.50000000        10460.39355469        27422.19335937         2998.99438477 
        4949.98991638            0.50000000        10410.39355469        27353.19335937         2988.99438477 
        4950.44110404            0.50000000        10422.39355469        27391.19335937         3008.99438477 
        4951.01637495            0.50000000        10499.39355469        27591.19335937         3028.99438477 
        4951.48265014            0.50000000        10433.39355469        27489.19335937         3017.99438477 
        4952.07307262            0.50000000        10464.39355469        27446.19335937         2996.99438477 
        4952.48000808            0.50000000        10472.39355469        27577.19335937         3005.99438477 
        4953.03097639            0.50000000        10458.39355469        27555.19335937         2984.99438477 
        4953.48277126            0.50000000        10481.39355469        27694.19335937         3003.99438477 
        4953.99425236            0.50000000        10369.39355469        27397.19335937         2975.99438477 
        4954.43630488            0.50000000        10397.39355469        27448.19335937         2981.99438477 
        4955.01756152            0.50000000        10422.39355469        27609.19335937         3000.99438477 
        4955.48466220            0.50000000        10296.39355469        27406.19335937         2955.99438477 
        4956.08110105            0.50000000        10381.39355469        27611.19335937         2975.99438477 
        4956.48378613            0.50000000        10239.39355469        27298.19335937         2930.99438477 
        4957.03573018            0.50000000        10291.39355469        27385.19335937         2950.99438477 
        4957.48832523            0.50000000        10286.39355469        27343.19335937         2959.99438477 
        4958.02061316            0.50000000        10277.39355469        27434.19335937         2934.99438477 
        4958.45350026            0.50000000        10259.39355469        27334.19335937         2924.99438477 
        4959.02085687            0.50000000        10309.39355469        27627.19335937         2966.99438477 
        4959.49376261            0.50000000        10242.39355469        27437.19335937         2905.99438477 
        4960.07631904            0.50000000        10264.39355469        27533.19335937         2947.99438477 
        4960.48967639            0.50000000        10173.39355469        27295.19335937         2925.99438477 
        4961.02765187            0.50000000        10356.39355469        27761.19335937         2956.99438477 
        4961.48602802            0.50000000        10107.39355469        27158.19335937         2894.99438477 
        4962.01925603            0.50000000        10311.39355469        27685.19335937         2945.99438477 
        4962.43795282            0.50000000        10092.39355469        27229.19335937         2882.99438477 
        4963.02126652            0.50000000        10317.39355469        27791.19335937         2942.99438477 
        4963.49500771            0.50000000        10036.39355469        27140.19335937         2842.99438477 
        4964.09355911            0.50000000        10150.39355469        27406.19335937         2855.99438477 
        4964.48270224            0.50000000        10066.39355469        27276.19335937         2766.99438477 
        4965.03160731            0.50000000        10142.39355469        27416.19335937         2737.99438477 
        4965.48081026            0.50000000        10022.39355469        27200.19335937         2580.99438477 
        4966.01997121            0.50000000        10132.39355469        27421.19335937         2280.99438477 
        4966.43441345            0.50000000        10065.39355469        27375.19335937         1810.99438477 
        4967.02375081            0.50000000        10109.39355469        27386.19335937         1571.99438477 
        4967.47834432            0.50000000         9981.39355469        27116.19335937         1646.99438477 
        4968.08294485            0.50000000        10099.39355469        27245.19335937         1885.99438477 
        4968.46777448            0.50000000         9995.39355469        26933.19335937         1937.99438477 
        4969.02264369            0.50000000        10063.39355469        26986.19335937         1940.99438477 
        4969.47263719            0.50000000         9980.39355469        26852.19335937         1839.99438477 
        4970.00774550            0.50000000        10030.39355469        26653.19335937         1749.99438477 
        4970.41791384            0.50000000         9966.39355469        26119.19335937         1664.99438477 
        4971.01328989            0.50000000        10000.39355469        25629.19335937         1597.99438477 
        4971.47869241            0.50000000         9904.39355469        25560.19335937         1528.99438477 
        4972.07935267            0.50000000         9967.39355469        25897.19335937         1552.99438477 
        4972.46485998            0.50000000         9886.39355469        26096.19335937         1526.99438477 
        4973.02070638            0.50000000         9935.39355469        26444.19335937         1484.99438477 
        4973.46648323            0.50000000         9842.39355469        26327.19335937         1411.99438477 
        4974.00253293            0.50000000         9888.39355469        26317.19335937         1344.99438477 
        4974.41342293            0.50000000         9839.39355469        26221.19335937         1292.99438477 
        4975.00984661            0.50000000         9883.39355469        26169.19335937         1207.99438477 
        4975.46604086            0.50000000         9820.39355469        26120.19335937         1162.99438477 
        4976.06274067            0.50000000         9950.39355469        26238.19335937         1121.99438477 
        4976.45393976            0.50000000         9785.39355469        25546.19335937         1051.99438477 
        4977.00574514            0.50000000         9948.39355469        25478.19335937         1042.99438477 
        4977.46233985            0.50000000         9790.39355469        24703.19335937          958.99432373 
        4977.99431297            0.50000000         9883.39355469        24414.19335937          958.99432373 
        4978.40592465            0.50000000         9752.39355469        23788.19335937          895.99432373 
        4978.99335316            0.50000000         9809.39355469        23538.19335937          890.99432373 
        4979.46039167            0.50000000         9723.39355469        22971.19335937          846.99432373 
        4980.05813984            0.50000000         9786.39355469        22546.19335937          823.99432373 
        4980.45505094            0.50000000         9739.39355469        21850.19335937          794.99432373 
        4981.01285307            0.50000000         9704.39355469        21201.19335937          779.99432373 
        4981.46522538            0.50000000         9732.39355469        20849.19335937          760.99432373 
        4981.99310665            0.50000000         9663.39355469        20397.19335937          738.99432373 
        4982.41047080            0.50000000         9668.39355469        20102.19335937          721.99432373 
        4982.98887282            0.50000000         9681.39355469        19860.19335937          723.99432373 
        4983.46176268            0.50000000         9597.39355469        19532.19335937          720.99432373 
        4984.03539909            0.50000000         9631.39355469        19375.19335937          708.99432373 
        4984.45817096            0.50000000         9622.39355469        19149.19335937          708.99432373 
        4984.99681538            0.50000000         9598.39355469        18781.19335937          695.99432373 
        4985.45501500            0.50000000         9586.39355469        18405.19335937          690.99432373 
        4985.96871086            0.50000000         9534.39355469        17909.19335937          687.99432373 
        4986.41703024            0.50000000         9587.39355469        17628.19335937          678.99432373 
        4986.98637175            0.50000000         9533.39355469        17049.19335937          657.99432373 
        4987.46009158            0.50000000         9494.39355469        16633.19335937          659.99432373 
        4988.04481765            0.50000000         9557.39355469        16314.19433594          670.99432373 
        4988.45824893            0.50000000         9457.39355469        15887.19433594          651.99432373 
        4988.99279551            0.50000000         9510.39355469        15693.19433594          658.99432373 
        4989.46188765            0.50000000         9394.39355469        15309.19433594          660.99432373 
        4989.95630414            0.50000000         9382.39355469        15252.19433594          626.99432373 
        4990.41045447            0.50000000         9421.39355469        15381.19433594          634.99432373 
        4990.98584129            0.50000000         9377.39355469        15630.19433594          632.99432373 
        4991.45534322            0.50000000         9337.39355469        15956.19433594          621.99432373 
        4992.01079275            0.50000000         9347.39355469        16548.19335937          677.99432373 
        4992.45019853            0.50000000         9352.39355469        16938.19335937          659.99432373 
        4992.98062847            0.50000000         9282.39355469        17196.19335937          664.99432373 
        4993.44548739            0.50000000         9359.39355469        17622.19335937          688.99432373 
        4993.93065845            0.50000000         9242.39355469        17560.19335937          656.99432373 
        4994.42098805            0.50000000         9282.39355469        17758.19335937          671.99432373 
        4994.95187582            0.50000000         9321.39355469        17899.19335937          663.99432373 
        4995.43736688            0.50000000         9291.39355469        17848.19335937          663.99432373 
        4995.98872657            0.50000000         9175.39355469        17616.19335937          640.99432373 
        4996.46431790            0.50000000         9276.39355469        17814.19335937          656.99432373 
        4996.96531364            0.50000000         9237.39355469        17703.19335937          647.99432373 
        4997.44617036            0.50000000         9127.39355469        17463.19335937          630.99432373 
        4997.91193854            0.50000000         9182.39355469        17401.19335937          615.99432373 
        4998.43857335            0.50000000         9141.39355469        17200.19335937          616.99432373 
        4998.94506736            0.50000000         9057.39355469        16882.19335937          609.99432373 
        4999.44154032            0.50000000         9184.39355469        16944.19335937          591.99432373 
        4999.97866300            0.50000000         9140.39355469        16685.19335937          597.99432373 
        5000.47536033            0.50000000         9113.39355469        16468.19335937          586.99432373 
        5000.95695558            0.50000000         9037.39355469        16161.19433594          561.99432373 
        5001.46400746            0.50000000         9167.39355469        16285.19433594          576.99432373 
        5001.91537812            0.50000000         9083.39355469        16146.19433594          558.99432373 
        5002.44293529            0.50000000         9051.39355469        16047.19433594          570.99432373 
        5002.90972184            0.50000000         8989.39355469        15990.19433594          556.99432373 
        5003.44765914            0.50000000         9070.39355469        16304.19433594          571.99432373 
        5003.95526303            0.50000000         8900.39355469        16107.19433594          548.99432373 
        5004.49344601            0.50000000         8950.39355469        16410.19335937          547.99432373 
        5004.93525674            0.50000000         8888.39355469        16435.19335937          529.99432373 
        5005.46351015            0.50000000         8995.39355469        16743.19335937          572.99432373 
        5005.90550802            0.50000000         8915.39355469        16825.19335937          563.99432373 
        5007.58282713            0.50000000         8841.39355469        17288.19335937          560.99432373 
        5009.39367596            0.50000000         8811.39355469        17703.19335937          566.99432373 
        5011.19067790            0.50000000         8666.39355469        17748.19335937          573.99432373 
        5013.01457191            0.50000000         8613.39355469        17970.19335937          578.99432373 
        5014.82971498            0.50000000         8548.39355469        18096.19335937          608.99432373 
        5016.80965250            0.50000000         8487.39355469        18170.19335937          602.99432373 
        5018.75042204            0.50000000         8405.39355469        18139.19335937          590.99432373 
        5020.78999541            0.50000000         8347.39355469        18105.19335937          592.99432373 
        5022.77507644            0.50000000         8302.39355469        18140.19335937          569.99432373 
        5024.87457660            0.50000000         8183.39404297        17987.19335937          576.99432373 
        5026.91446147            0.50000000         8156.39404297        18000.19335937          582.99432373 
        5029.06393276            0.50000000         8021.39404297        17683.19335937          542.99432373 
        5031.19999976            0.50000000         8048.39404297        17761.19335937          534.99432373 
        5033.46659965            0.50000000         7990.39404297        17652.19335937          526.99432373 
        5035.74057651            0.50000000         7919.39404297        17504.19335937          485.99432373 
        5038.01164406            0.50000000         7853.39404297        17268.19335937          472.99432373 
        5040.26947548            0.50000000         7717.39404297        16913.19335937          451.99432373 
        5042.65858025            0.50000000         7712.39404297        16832.19335937          441.99432373 
        5045.11734279            0.50000000         7610.39404297        16733.19335937          425.99432373 
        5047.45455623            0.50000000         7525.39404297        16710.19335937          446.99432373 
        5049.98057231            0.50000000         7511.39404297        16888.19335937          461.99432373 
        5052.43676187            0.50000000         7343.39404297        16649.19335937          460.99432373 
        5054.95784006            0.50000000         7301.39404297        16668.19335937          464.99432373 
        5057.57519068            0.50000000         7176.39404297        16469.19335937          493.99432373 
        5060.16428642            0.50000000         7072.39404297        16233.19433594          467.99432373 
        5062.78751994            0.50000000         7008.39404297        16253.19433594          463.99432373 
        5065.55970684            0.50000000         6947.39404297        16203.19433594          484.99432373 
        5068.25690262            0.50000000         6881.39404297        16237.19433594          474.99432373 
        5071.06698117            0.50000000         6646.39404297        15819.19433594          470.99432373 
        5073.95894866            0.50000000         6708.39404297        16089.19433594          459.99432373 
        5076.78116247            0.50000000         6562.39404297        16006.19433594          456.99432373 
        5079.66974605            0.50000000         6352.39404297        15582.19433594          427.99432373 
        5082.70897868            0.50000000         6352.39404297        15834.19433594          405.99432373 
        5085.72061903            0.50000000         6229.39404297        15678.19433594          379.99432373 
        5088.70455233            0.50000000         6203.39404297        15624.19433594          369.99432373 
        5091.83994316            0.50000000         6099.39404297        15625.19433594          364.99432373 
        5094.95842309            0.50000000         5965.39404297        15482.19433594          357.99432373 
        5098.05991575            0.50000000         5941.39404297        15547.19433594          367.99432373 
        5101.23964079            0.50000000         5828.39404297        15538.19433594          402.99432373 
        5104.50321003            0.50000000         5701.39404297        15380.19433594          391.99432373 
        5107.78194517            0.50000000         5660.39404297        15393.19433594          410.99432373 
        5111.05995038            0.50000000         5656.39404297        15489.19433594          404.99432373 
        5114.39045271            0.50000000         5592.39404297        15409.19433594          408.99432373 
        5117.77899722            0.50000000         5467.39404297        15301.19433594          400.99432373 
        5121.17242953            0.50000000         5311.39404297        15030.19433594          407.99432373 
        5124.60284295            0.50000000         5216.39404297        14838.19433594          395.99432373 
        5128.08109834            0.50000000         5303.39404297        15199.19433594          398.99432373 
        5131.61275934            0.50000000         5135.39404297        14776.19433594          399.99432373 
        5135.13897069            0.50000000         5054.39404297        14855.19433594          389.99432373 
        5138.71886720            0.50000000         4943.39404297        14614.19433594          377.99432373 
        5142.42272008            0.50000000         4938.39404297        14702.19433594          370.99432373 
        5145.98668794            0.50000000         4680.39404297        14174.19433594          367.99432373 
        5149.70193983            0.50000000         4613.39404297        14174.19433594          357.99432373 
        5153.42302496            0.50000000         4564.39404297        14087.19433594          355.99432373 
        5157.17164198            0.50000000         4449.39404297        13995.19433594          354.99432373 
        5161.02935832            0.50000000         4367.39404297        13909.19433594          351.99432373 
        5164.84439729            0.50000000         4234.39404297        13692.19433594          361.99432373 
        5168.74728178            0.50000000         4195.39404297        13753.19433594          356.99432373 
        5172.69477363            0.50000000         4044.39404297        13293.19433594          361.99432373 
        5176.53950083            0.50000000         3888.39404297        13083.19433594          347.99432373 
        5180.55467736            0.50000000         3147.39404297        10740.19433594          311.99432373 
        5184.53823127            0.50000000         3777.39404297        12964.19433594          367.99432373 
        5188.53393181            0.50000000         3646.39404297        12751.19433594          348.99432373 
        5192.69589494            0.50000000         3501.39404297        12340.19433594          352.99432373 
        5196.82100953            0.50000000         3372.39404297        12019.19433594          325.99432373 
        5200.93115240            0.50000000         3255.39404297        11757.19433594          321.99432373 
        5205.14238426            0.50000000         3117.39404297        11331.19433594          319.99432373 
        5208.91776827            0.50000000         2929.39404297        10711.19433594          299.99432373 
