# 1-D Scan File created by LabVIEW Control Panel  12/5/2011  10:45:55 PM; Scan time 0 hrs 4 min 28 sec. 
#
# Beamline 20 BM
#
# Scan config: 
#                 E0: 4966.00 eV   223 points
#        Scan bounds:  -100.00 -30.00 40.00 243.35 (7.99 (k))
#       Scan step(s):  5.00 0.50 0.07
#  Integration times:  0.50 0.50 0.50    kwgt in EXAFS region: 0.0 
#
# User Comment:
# 50oC
#
#
# Amplifier Sensitivities:
# Preslit: 20 nA/V  I0: 20 nA/V  I: 100 pA/V  IREF: 50 pA/V  
#
# Analog Input Voltages at start/end of scan:
# Preslit: 0.035/0.033  I0: 0.774/0.540  Ignore: 0.022/0.014  I: 0.939/1.006  IREF: 0.247/0.150  
#
# Mono Info:
# 
#
# ID Info:
# 
#
# Slit Info:
# Kappa S1:  Center is at -542 (H), 500 (V)   Size is 8000 wide x 2000 high
# Vacuum Slits:  Center is at 850 (H), -25 (V)   Size is 899 wide x 1000 high
#
# Motor Positions:
# SMV (20bm:m29): -37594.243125 SMH (20bm:m30): 4802.187500 
#
# Detector Names/PVs:
# I0/20bm:scaler1_netA.C  I/20bm:scaler1_netA.E  IREF/20bm:scaler1_netA.F  
#
# Positioner names/Drive PVs/Readback PVs:
# Mono Energy */20bm:monoE.VAL/20bm:EnctoE.VAL  Scaler preset time */20bm:scaler1.TP/  
# Here is a readable list of column headings:
#  1) Mono Energy *        
#  2) Scaler preset time * 
#  3) I0                   
#  4) I                    
#  5) IREF                 
#
# Column Headings:
#Mono Energy *        Scaler preset time * I0                   I                    IREF                 
        4865.41045621            0.50000000        33789.39453125        41963.19531250         6083.99414062 
        4870.47155359            0.50000000        33678.39453125        42223.19531250         6110.99414062 
        4875.48189209            0.50000000        33651.39453125        42502.19531250         5978.99414062 
        4880.56604969            0.50000000        33570.39453125        42786.19531250         5905.99414062 
        4885.60887503            0.50000000        33392.39453125        42954.19531250         5800.99414062 
        4890.60038926            0.50000000        33462.39453125        43480.19531250         5842.99414062 
        4895.68537692            0.50000000        33357.39453125        43758.19531250         5728.99414062 
        4900.80138442            0.50000000        33294.39453125        44106.19531250         5642.99414062 
        4905.82705115            0.50000000        33210.39453125        44408.19531250         5629.99414062 
        4910.83967791            0.50000000        33211.39453125        44861.19531250         5645.99414062 
        4915.85378656            0.50000000        32836.39453125        44910.19531250         5467.99414062 
        4920.88402981            0.50000000        33004.39453125        45535.19531250         5545.99414062 
        4925.92066726            0.50000000        32880.39453125        45998.19531250         5489.99414062 
        4930.92929118            0.50000000        32935.39453125        46570.19531250         5466.99414062 
        4935.99343176            0.50000000        32812.39453125        46886.19531250         5473.99414062 
        4936.50096555            0.50000000        32971.39453125        47240.19531250         5494.99414062 
        4936.97410970            0.50000000        33000.39453125        47298.19531250         5501.99414062 
        4937.47200406            0.50000000        33005.39453125        47441.19531250         5489.99414062 
        4937.95521464            0.50000000        32785.39453125        47211.19531250         5433.99414062 
        4938.45825816            0.50000000        32905.39453125        47390.19531250         5460.99414062 
        4938.97128088            0.50000000        32921.39453125        47441.19531250         5523.99414062 
        4939.46961664            0.50000000        32849.39453125        47444.19531250         5448.99414062 
        4940.02235542            0.50000000        32789.39453125        47358.19531250         5464.99414062 
        4940.49623937            0.50000000        32920.39453125        47595.19531250         5469.99414062 
        4941.00478812            0.50000000        32838.39453125        47586.19531250         5437.99414062 
        4941.47887856            0.50000000        32700.39453125        47479.19531250         5402.99414062 
        4941.97776879            0.50000000        32824.39453125        47614.19531250         5446.99414062 
        4942.45206377            0.50000000        32916.39453125        47850.19531250         5475.99414062 
        4943.00059166            0.50000000        32787.39453125        47735.19531250         5452.99414062 
        4943.48498839            0.50000000        32820.39453125        47859.19531250         5433.99414062 
        4944.04860114            0.50000000        32971.39453125        48097.19531250         5489.99414062 
        4944.49365801            0.50000000        32700.39453125        47832.19531250         5439.99414062 
        4945.02289537            0.50000000        32744.39453125        47846.19531250         5398.99414062 
        4945.49288300            0.50000000        32586.39453125        47714.19531250         5384.99414062 
        4945.99266136            0.50000000        32661.39453125        47837.19531250         5366.99414062 
        4946.46285090            0.50000000        32797.39453125        48083.19531250         5449.99414062 
        4947.01730536            0.50000000        32755.39453125        48168.19531250         5438.99414062 
        4947.50751685            0.50000000        32711.39453125        48204.19531250         5494.99414062 
        4948.08204144            0.50000000        32772.39453125        48366.19531250         5483.99414062 
        4948.50312205            0.50000000        32694.39453125        48309.19531250         5491.99414062 
        4949.04321087            0.50000000        32643.39453125        48276.19531250         5423.99414062 
        4949.50907921            0.50000000        32742.39453125        48547.19531250         5484.99414062 
        4950.01966224            0.50000000        32719.39453125        48536.19531250         5469.99414062 
        4950.46589719            0.50000000        32662.39453125        48470.19531250         5444.99414062 
        4951.04117440            0.50000000        32842.39453125        48820.19531250         5510.99414062 
        4951.51241565            0.50000000        32694.39453125        48687.19531250         5476.99414062 
        4952.10780815            0.50000000        32801.39453125        48908.19531250         5514.99414062 
        4952.50978672            0.50000000        32803.39453125        48861.19531250         5491.99414062 
        4953.05579794            0.50000000        32772.39453125        48884.19531250         5483.99414062 
        4953.51752845            0.50000000        32804.39453125        49056.19531250         5531.99414062 
        4954.03398388            0.50000000        32924.39453125        49333.19531250         5526.99414062 
        4954.47107672            0.50000000        32980.39453125        49362.19531250         5536.99414062 
        4955.04240487            0.50000000        33012.39453125        49524.19531250         5551.99414062 
        4955.51448041            0.50000000        32821.39453125        49314.19531250         5518.99414062 
        4956.11092712            0.50000000        33000.39453125        49618.19531250         5499.99414062 
        4956.51858944            0.50000000        32728.39453125        49366.19531250         5457.99414062 
        4957.06556882            0.50000000        32876.39453125        49597.19531250         5495.99414062 
        4957.51816984            0.50000000        32924.39453125        49642.19531250         5504.99414062 
        4958.05046479            0.50000000        32855.39453125        49629.19531250         5505.99414062 
        4958.47838134            0.50000000        32858.39453125        49693.19531250         5453.99414062 
        4959.04574418            0.50000000        32877.39453125        49780.19531250         5493.99414062 
        4959.52363366            0.50000000        32774.39453125        49701.19531250         5460.99414062 
        4960.10619776            0.50000000        32890.39453125        49928.19531250         5473.99414062 
        4960.52454130            0.50000000        32765.39453125        49795.19531250         5460.99414062 
        4961.05754314            0.50000000        33052.39453125        50250.19531250         5517.99414062 
        4961.51592534            0.50000000        32676.39453125        49781.19531250         5443.99414062 
        4962.04916038            0.50000000        33022.39453125        50309.19531250         5503.99414062 
        4962.47284771            0.50000000        32706.39453125        49961.19531250         5403.99414062 
        4963.04619780            0.50000000        33061.39453125        50459.19531250         5486.99414062 
        4963.51994420            0.50000000        32625.39453125        49969.19531250         5372.99414062 
        4964.11850218            0.50000000        32842.39453125        50290.19531250         5322.99414062 
        4964.51263909            0.50000000        32641.39453125        50105.19531250         5234.99414062 
        4965.05656069            0.50000000        32815.39453125        50307.19531250         5102.99414062 
        4965.50576858            0.50000000        32713.39453125        50289.19531250         4837.99414062 
        4966.04493547            0.50000000        32790.39453125        50385.19531250         4185.99414062 
        4966.45938227            0.50000000        32693.39453125        50333.19531250         3380.99438477 
        4967.04373103            0.50000000        32746.39453125        50273.19531250         2986.99438477 
        4967.51331682            0.50000000        32615.39453125        50092.19531250         3134.99438477 
        4968.11292923            0.50000000        32725.39453125        50159.19531250         3531.99438477 
        4968.50276223            0.50000000        32605.39453125        49827.19531250         3662.99438477 
        4969.04764099            0.50000000        32719.39453125        49718.19531250         3628.99438477 
        4969.49763945            0.50000000        32611.39453125        49467.19531250         3463.99438477 
        4970.03775531            0.50000000        32711.39453125        49339.19531250         3323.99438477 
        4970.45293164            0.50000000        32639.39453125        49157.19531250         3200.99438477 
        4971.03830911            0.50000000        32697.39453125        48976.19531250         3068.99438477 
        4971.50371675            0.50000000        32606.39453125        49222.19531250         3029.99438477 
        4972.09937742            0.50000000        32664.39453125        49496.19531250         3020.99438477 
        4972.49490225            0.50000000        32594.39453125        49530.19531250         2947.99438477 
        4973.04073942            0.50000000        32677.39453125        49581.19531250         2862.99438477 
        4973.49653875            0.50000000        32522.39453125        49252.19531250         2713.99438477 
        4974.03760601            0.50000000        32655.39453125        48989.19531250         2595.99438477 
        4974.44850235            0.50000000        32595.39453125        48263.19531250         2481.99438477 
        4975.03992253            0.50000000        32622.39453125        47164.19531250         2309.99438477 
        4975.49612282            0.50000000        32552.39453125        46148.19531250         2186.99438477 
        4976.08781551            0.50000000        32737.39453125        45233.19531250         2099.99438477 
        4976.48403479            0.50000000        32451.39453125        44195.19531250         2000.99438477 
        4977.03584747            0.50000000        32787.39453125        44152.19531250         1957.99438477 
        4977.49244822            0.50000000        32541.39453125        43318.19531250         1836.99438477 
        4978.03446693            0.50000000        32810.39453125        43243.19531250         1815.99438477 
        4978.44106569            0.50000000        32478.39453125        42553.19531250         1745.99438477 
        4979.02348178            0.50000000        32701.39453125        42505.19531250         1719.99438477 
        4979.50057150            0.50000000        32548.39453125        42087.19531250         1669.99438477 
        4980.09330639            0.50000000        32706.39453125        42034.19531250         1619.99438477 
        4980.49524833            0.50000000        32505.39453125        41436.19531250         1551.99438477 
        4981.04300843            0.50000000        32498.39453125        40898.19531250         1541.99438477 
        4981.50041366            0.50000000        32531.39453125        40243.19531250         1535.99438477 
        4982.02830308            0.50000000        32541.39453125        39359.19531250         1484.99438477 
        4982.44064467            0.50000000        32507.39453125        38361.19531250         1462.99438477 
        4983.02911495            0.50000000        32638.39453125        37112.19531250         1430.99438477 
        4983.49698181            0.50000000        32417.39453125        35657.19531250         1404.99438477 
        4984.07062709            0.50000000        32502.39453125        34130.19531250         1359.99438477 
        4984.48837195            0.50000000        32478.39453125        32913.19531250         1351.99438477 
        4985.02702350            0.50000000        32438.39453125        31698.19335937         1357.99438477 
        4985.49026494            0.50000000        32460.39453125        30824.19335937         1326.99438477 
        4986.01404252            0.50000000        32334.39453125        30066.19335937         1315.99438477 
        4986.44725719            0.50000000        32495.39453125        29814.19335937         1330.99438477 
        4987.01660625            0.50000000        32383.39453125        29416.19335937         1302.99438477 
        4987.49033236            0.50000000        32295.39453125        29303.19335937         1298.99438477 
        4988.07506618            0.50000000        32467.39453125        29586.19335937         1326.99438477 
        4988.48850294            0.50000000        32263.39453125        29657.19335937         1297.99438477 
        4989.02305661            0.50000000        32381.39453125        30240.19335937         1336.99438477 
        4989.49215497            0.50000000        32242.39453125        30646.19335937         1301.99438477 
        4989.99666940            0.50000000        32242.39453125        31362.19335937         1317.99438477 
        4990.44073437            0.50000000        32180.39453125        31982.19335937         1325.99438477 
        4991.00603293            0.50000000        32246.39453125        32756.19335937         1375.99438477 
        4991.48563699            0.50000000        32076.39453125        33173.19531250         1358.99438477 
        4992.05119435            0.50000000        32155.39453125        33969.19531250         1348.99438477 
        4992.48050549            0.50000000        32027.39453125        34183.19531250         1349.99438477 
        4993.01599484            0.50000000        32034.39453125        34516.19531250         1338.99438477 
        4993.48591438            0.50000000        32111.39453125        34892.19531250         1350.99438477 
        4993.96603954            0.50000000        32022.39453125        34930.19531250         1361.99438477 
        4994.44121008            0.50000000        32038.39453125        35059.19531250         1346.99438477 
        4994.98727272            0.50000000        32183.39453125        35248.19531250         1347.99438477 
        4995.47277130            0.50000000        32053.39453125        34979.19531250         1325.99438477 
        4996.03425762            0.50000000        31965.39453125        34698.19531250         1330.99438477 
        4996.49467815            0.50000000        32119.39453125        34755.19531250         1332.99438477 
        4997.00074173            0.50000000        32129.39453125        34526.19531250         1288.99438477 
        4997.47654366            0.50000000        31968.39453125        34110.19531250         1274.99438477 
        4997.94231803            0.50000000        31985.39453125        33850.19531250         1276.99438477 
        4998.45883096            0.50000000        31893.39453125        33439.19531250         1253.99438477 
        4998.97546057            0.50000000        31837.39453125        33109.19531250         1240.99438477 
        4999.46687346            0.50000000        32022.39453125        33077.19531250         1218.99438477 
        5000.00906995            0.50000000        32148.39453125        32984.19531250         1246.99438477 
        5000.50577388            0.50000000        31937.39453125        32698.19335937         1200.99438477 
        5000.99244556            0.50000000        31849.39453125        32609.19335937         1172.99438477 
        5001.48936300            0.50000000        32059.39453125        32879.19531250         1208.99438477 
        5001.94581081            0.50000000        31973.39453125        32944.19531250         1191.99438477 
        5002.46830168            0.50000000        32037.39453125        33203.19531250         1193.99438477 
        5002.94524210            0.50000000        31781.39453125        33109.19531250         1173.99438477 
        5003.47303666            0.50000000        31950.39453125        33646.19531250         1184.99438477 
        5003.99079951            0.50000000        31696.39453125        33713.19531250         1135.99438477 
        5004.51883513            0.50000000        31801.39453125        34177.19531250         1180.99438477 
        5004.96572959            0.50000000        31699.39453125        34479.19531250         1188.99438477 
        5005.48383002            0.50000000        31945.39453125        35164.19531250         1207.99438477 
        5005.93599378            0.50000000        31723.39453125        35324.19531250         1178.99438477 
        5007.60825050            0.50000000        31740.39453125        36724.19531250         1202.99438477 
        5009.40894200            0.50000000        31678.39453125        37639.19531250         1263.99438477 
        5011.20595591            0.50000000        31462.39453125        38073.19531250         1280.99438477 
        5013.03495880            0.50000000        31410.39453125        38215.19531250         1255.99438477 
        5014.84501723            0.50000000        31313.39453125        37949.19531250         1278.99438477 
        5016.83007312            0.50000000        31348.39453125        38016.19531250         1292.99438477 
        5018.76064096            0.50000000        31200.39453125        38080.19531250         1296.99438477 
        5020.80022340            0.50000000        31173.39453125        38535.19531250         1305.99438477 
        5022.79043168            0.50000000        31235.39453125        39096.19531250         1298.99438477 
        5024.88482276            0.50000000        31013.39453125        39252.19531250         1318.99438477 
        5026.92471671            0.50000000        30989.39453125        39404.19531250         1316.99438477 
        5029.07419758            0.50000000        30837.39453125        39126.19531250         1284.99438477 
        5031.21027410            0.50000000        30865.39453125        39079.19531250         1256.99438477 
        5033.48716857            0.50000000        30864.39453125        38890.19531250         1209.99438477 
        5035.75087109            0.50000000        30736.39453125        38314.19531250         1149.99438477 
        5038.02194877            0.50000000        30715.39453125        37794.19531250         1086.99438477 
        5040.27463287            0.50000000        30508.39453125        37410.19531250         1069.99438477 
        5042.65858025            0.50000000        30562.39453125        37625.19531250         1051.99438477 
        5045.12251101            0.50000000        30429.39453125        37867.19531250         1064.99438477 
        5047.46490313            0.50000000        30286.39453125        38022.19531250         1052.99438477 
        5049.99610963            0.50000000        30285.39453125        38366.19531250         1080.99438477 
        5052.44194646            0.50000000        30003.39453125        38172.19531250         1108.99438477 
        5054.96303029            0.50000000        29875.39453125        38293.19531250         1124.99438477 
        5057.58558288            0.50000000        29880.39453125        38614.19531250         1147.99438477 
        5060.17989214            0.50000000        29711.39453125        38913.19531250         1149.99438477 
        5062.80314330            0.50000000        29625.39453125        39208.19531250         1146.99438477 
        5065.58056289            0.50000000        29555.39453125        39501.19531250         1178.99438477 
        5068.28822308            0.50000000        29514.39453125        39708.19531250         1184.99438477 
        5071.09311307            0.50000000        29010.39453125        39372.19531250         1178.99438477 
        5073.99034596            0.50000000        29267.39453125        40255.19531250         1193.99438477 
        5076.80211933            0.50000000        29006.39453125        40271.19531250         1170.99438477 
        5079.69072890            0.50000000        28606.39453125        40068.19531250         1124.99438477 
        5082.73524146            0.50000000        28673.39453125        40535.19531250         1092.99438477 
        5085.75217509            0.50000000        28399.39453125        40608.19531250         1038.99438477 
        5088.73614873            0.50000000        28607.39453125        41291.19531250         1030.99438477 
        5091.86630881            0.50000000        28367.39453125        41323.19531250         1047.99438477 
        5094.99538432            0.50000000        28072.39453125        41188.19531250         1006.99432373 
        5098.09692598            0.50000000        28020.39453125        41436.19531250         1031.99438477 
        5101.27670129            0.50000000        27819.39453125        41653.19531250         1081.99438477 
        5104.54562394            0.50000000        27690.39453125        41970.19531250         1117.99438477 
        5107.82441840            0.50000000        27504.39453125        42033.19531250         1174.99438477 
        5111.09716633            0.50000000        27581.39453125        42512.19531250         1176.99438477 
        5114.42772144            0.50000000        27439.39453125        42678.19531250         1176.99438477 
        5117.80032428            0.50000000        27063.39453125        42230.19531250         1152.99438477 
        5121.19912685            0.50000000        26697.39453125        41928.19531250         1162.99438477 
        5124.63492646            0.50000000        26598.39453125        42118.19531250         1165.99438477 
        5128.11322923            0.50000000        26821.39453125        42869.19531250         1185.99438477 
        5131.63421198            0.50000000        26441.39453125        42751.19531250         1195.99438477 
        5135.16045539            0.50000000        26322.39453125        42891.19531250         1165.99438477 
        5138.74038448            0.50000000        26118.39453125        42987.19531250         1164.99438477 
        5142.43888330            0.50000000        26105.39453125        43376.19531250         1167.99438477 
        5145.99747965            0.50000000        25547.39453125        42925.19531250         1136.99438477 
        5149.71274848            0.50000000        25501.39453125        43352.19531250         1111.99438477 
        5153.43926342            0.50000000        25377.39453125        43693.19531250         1121.99438477 
        5157.18790611            0.50000000        25131.39453125        43794.19531250         1142.99438477 
        5161.05650932            0.50000000        24933.39453125        44013.19531250         1147.99438477 
        5164.86071401            0.50000000        24598.39453125        44142.19531250         1172.99438477 
        5168.74728178            0.50000000        24542.39453125        44610.19531250         1171.99438477 
        5172.70023049            0.50000000        24203.39453125        44595.19531250         1197.99438477 
        5176.55043219            0.50000000        23798.39453125        44442.19531250         1224.99438477 
        5180.56015224            0.50000000        19866.39453125        37813.19531250         1076.99438477 
        5184.54919932            0.50000000        23927.39453125        45653.19531250         1283.99438477 
        5188.55041144            0.50000000        23524.39453125        45510.19531250         1292.99438477 
        5192.71240326            0.50000000        23025.39453125        45083.19531250         1300.99438477 
        5196.83754631            0.50000000        22499.39453125        44602.19531250         1262.99438477 
        5200.95323931            0.50000000        22220.39453125        44595.19531250         1263.99438477 
        5205.14791567            0.50000000        21833.39453125        44444.19531250         1242.99438477 
        5208.92884851            0.50000000        21127.39453125        43640.19531250         1224.99438477 
