# 1-D Scan File created by LabVIEW Control Panel  12/6/2011  4:12:16 AM; Scan time 0 hrs 4 min 28 sec. 
#
# Beamline 20 BM
#
# Scan config: 
#                 E0: 4966.00 eV   223 points
#        Scan bounds:  -100.00 -30.00 40.00 243.35 (7.99 (k))
#       Scan step(s):  5.00 0.50 0.07
#  Integration times:  0.50 0.50 0.50    kwgt in EXAFS region: 0.0 
#
# User Comment:
# 50oC
#
#
# Amplifier Sensitivities:
# Preslit: 20 nA/V  I0: 20 nA/V  I: 100 pA/V  IREF: 50 pA/V  
#
# Analog Input Voltages at start/end of scan:
# Preslit: 0.033/0.030  I0: 0.392/0.199  Ignore: 0.011/0.005  I: 0.728/0.434  IREF: 0.213/0.133  
#
# Mono Info:
# 
#
# ID Info:
# 
#
# Slit Info:
# Kappa S1:  Center is at -542 (H), 500 (V)   Size is 8000 wide x 2000 high
# Vacuum Slits:  Center is at 850 (H), -25 (V)   Size is 899 wide x 1000 high
#
# Motor Positions:
# SMV (20bm:m29): -37594.243125 SMH (20bm:m30): 4802.187500 
#
# Detector Names/PVs:
# I0/20bm:scaler1_netA.C  I/20bm:scaler1_netA.E  IREF/20bm:scaler1_netA.F  
#
# Positioner names/Drive PVs/Readback PVs:
# Mono Energy */20bm:monoE.VAL/20bm:EnctoE.VAL  Scaler preset time */20bm:scaler1.TP/  
# Here is a readable list of column headings:
#  1) Mono Energy *        
#  2) Scaler preset time * 
#  3) I0                   
#  4) I                    
#  5) IREF                 
#
# Column Headings:
#Mono Energy *        Scaler preset time * I0                   I                    IREF                 
        4865.37226716            0.50000000        14748.39355469        31402.19335937         4336.99414062 
        4870.44763076            0.50000000        14526.39355469        31093.19335937         4257.99414062 
        4875.45791516            0.50000000        14381.39355469        31065.19335937         4149.99414062 
        4880.53721146            0.50000000        14205.39355469        30995.19335937         4012.99438477 
        4885.57997133            0.50000000        14018.39355469        30849.19335937         3951.99438477 
        4890.57142068            0.50000000        13909.39355469        30944.19335937         3869.99438477 
        4895.65150310            0.50000000        13831.39355469        30989.19335937         3838.99438477 
        4900.76258268            0.50000000        13698.39355469        31069.19335937         3763.99438477 
        4905.80274538            0.50000000        13578.39355469        31030.19335937         3751.99438477 
        4910.80557360            0.50000000        13478.39355469        31083.19335937         3714.99438477 
        4915.81960583            0.50000000        13207.39355469        30841.19335937         3596.99438477 
        4920.85466623            0.50000000        13204.39355469        31275.19335937         3612.99438477 
        4925.88142801            0.50000000        13087.39355469        31246.19335937         3584.99438477 
        4930.88996442            0.50000000        12941.39355469        31312.19335937         3543.99438477 
        4935.95894332            0.50000000        12854.39355469        31403.19335937         3508.99438477 
        4936.47632534            0.50000000        12907.39355469        31704.19335937         3552.99438477 
        4936.93960625            0.50000000        12952.39355469        31743.19335937         3558.99438477 
        4937.44242310            0.50000000        12933.39355469        31810.19335937         3565.99438477 
        4937.92069616            0.50000000        12808.39355469        31613.19335937         3536.99438477 
        4938.43359654            0.50000000        12899.39355469        31748.19335937         3571.99438477 
        4938.94168024            0.50000000        12847.39355469        31578.19335937         3532.99438477 
        4939.44000946            0.50000000        12833.39355469        31766.19335937         3514.99438477 
        4939.98286958            0.50000000        12756.39355469        31420.19335937         3460.99438477 
        4940.46661871            0.50000000        12831.39355469        31747.19335937         3536.99438477 
        4940.97516077            0.50000000        12761.39355469        31678.19335937         3475.99438477 
        4941.44430609            0.50000000        12684.39355469        31518.19335937         3478.99438477 
        4941.93824871            0.50000000        12735.39355469        31713.19335937         3492.99438477 
        4942.42241741            0.50000000        12818.39355469        31863.19335937         3510.99438477 
        4942.97093809            0.50000000        12696.39355469        31645.19335937         3498.99438477 
        4943.45532845            0.50000000        12690.39355469        31644.19335937         3504.99438477 
        4944.01893380            0.50000000        12736.39355469        31808.19335937         3509.99438477 
        4944.46893032            0.50000000        12627.39355469        31520.19335937         3473.99438477 
        4944.99321522            0.50000000        12633.39355469        31619.19335937         3482.99438477 
        4945.46319667            0.50000000        12561.39355469        31495.19335937         3442.99438477 
        4945.96296847            0.50000000        12599.39355469        31570.19335937         3504.99438477 
        4946.43315182            0.50000000        12649.39355469        31617.19335937         3456.99438477 
        4946.98759899            0.50000000        12651.39355469        31808.19335937         3488.99438477 
        4947.47285194            0.50000000        12638.39355469        31724.19335937         3513.99438477 
        4948.04736771            0.50000000        12641.39355469        31835.19335937         3492.99438477 
        4948.47835043            0.50000000        12591.39355469        31848.19335937         3488.99438477 
        4949.01843333            0.50000000        12577.39355469        31818.19335937         3484.99438477 
        4949.47934006            0.50000000        12625.39355469        32017.19335937         3531.99438477 
        4949.98495877            0.50000000        12594.39355469        31922.19335937         3482.99438477 
        4950.44110404            0.50000000        12608.39355469        32001.19335937         3487.99438477 
        4951.00645525            0.50000000        12688.39355469        32170.19335937         3533.99438477 
        4951.47768926            0.50000000        12586.39355469        31960.19335937         3481.99438477 
        4952.07307262            0.50000000        12659.39355469        32079.19335937         3521.99438477 
        4952.48000808            0.50000000        12639.39355469        32128.19335937         3498.99438477 
        4953.02601211            0.50000000        12614.39355469        32132.19335937         3514.99438477 
        4953.48277126            0.50000000        12650.39355469        32327.19335937         3531.99438477 
        4953.99921876            0.50000000        12567.39355469        32164.19335937         3496.99438477 
        4954.44127225            0.50000000        12613.39355469        32238.19335937         3479.99438477 
        4955.01756152            0.50000000        12613.39355469        32323.19335937         3472.99438477 
        4955.48466220            0.50000000        12488.39355469        32098.19335937         3460.99438477 
        4956.07613008            0.50000000        12593.39355469        32345.19335937         3499.99438477 
        4956.48378613            0.50000000        12447.39355469        32034.19335937         3447.99438477 
        4957.03573018            0.50000000        12514.39355469        32201.19335937         3451.99438477 
        4957.48832523            0.50000000        12519.39355469        32192.19335937         3465.99438477 
        4958.02558841            0.50000000        12528.39355469        32370.19335937         3463.99438477 
        4958.44852407            0.50000000        12485.39355469        32173.19335937         3457.99438477 
        4959.02085687            0.50000000        12525.39355469        32376.19335937         3466.99438477 
        4959.48878414            0.50000000        12452.39355469        32196.19335937         3431.99438477 
        4960.08129880            0.50000000        12481.39355469        32341.19335937         3454.99438477 
        4960.48967639            0.50000000        12413.39355469        32188.19335937         3417.99438477 
        4961.02765187            0.50000000        12597.39355469        32625.19335937         3501.99438477 
        4961.48602802            0.50000000        12321.39355469        31961.19335937         3414.99438477 
        4962.01925603            0.50000000        12596.39355469        32731.19335937         3458.99438477 
        4962.43795282            0.50000000        12365.39355469        32184.19335937         3397.99438477 
        4963.02126652            0.50000000        12547.39355469        32658.19335937         3410.99438477 
        4963.49002044            0.50000000        12279.39355469        32048.19335937         3339.99438477 
        4964.08857053            0.50000000        12408.39355469        32405.19335937         3329.99438477 
        4964.47771280            0.50000000        12296.39355469        32225.19335937         3302.99438477 
        4965.03160731            0.50000000        12393.39355469        32409.19335937         3196.99438477 
        4965.48081026            0.50000000        12270.39355469        32216.19335937         3020.99438477 
        4966.01497839            0.50000000        12325.39355469        32188.19335937         2655.99438477 
        4966.42941972            0.50000000        12268.39355469        32253.19335937         2103.99438477 
        4967.02375081            0.50000000        12323.39355469        32216.19335937         1815.99438477 
        4967.48334036            0.50000000        12218.39355469        32026.19335937         1917.99438477 
        4968.08294485            0.50000000        12316.39355469        32107.19335937         2173.99438477 
        4968.46777448            0.50000000        12210.39355469        31862.19335937         2224.99438477 
        4969.02264369            0.50000000        12308.39355469        31854.19335937         2228.99438477 
        4969.46763678            0.50000000        12203.39355469        31633.19335937         2124.99438477 
        4970.00774550            0.50000000        12299.39355469        31578.19335937         2039.99438477 
        4970.42291635            0.50000000        12202.39355469        31326.19335937         1941.99438477 
        4971.01328989            0.50000000        12229.39355469        31030.19335937         1877.99438477 
        4971.47869241            0.50000000        12151.39355469        31097.19335937         1838.99438477 
        4972.07935267            0.50000000        12223.39355469        31344.19335937         1813.99438477 
        4972.45985297            0.50000000        12149.39355469        31413.19335937         1785.99438477 
        4973.02070638            0.50000000        12185.39355469        31459.19335937         1751.99438477 
        4973.47149245            0.50000000        12083.39355469        31223.19335937         1646.99438477 
        4974.00754334            0.50000000        12172.39355469        31105.19335937         1569.99438477 
        4974.41843424            0.50000000        12101.39355469        30721.19335937         1490.99438477 
        4975.01485923            0.50000000        12131.39355469        30073.19335937         1362.99438477 
        4975.46604086            0.50000000        12053.39355469        29447.19335937         1301.99438477 
        4976.05772573            0.50000000        12213.39355469        29131.19335937         1255.99438477 
        4976.45393976            0.50000000        12000.39355469        28254.19335937         1165.99438477 
        4977.01076217            0.50000000        12182.39355469        28259.19335937         1140.99438477 
        4977.46233985            0.50000000        11975.39355469        27530.19335937         1072.99438477 
        4977.99431297            0.50000000        12154.39355469        27577.19335937         1048.99438477 
        4978.40592465            0.50000000        11955.39355469        26958.19335937          987.99432373 
        4978.99335316            0.50000000        12051.39355469        26972.19335937          985.99432373 
        4979.46541411            0.50000000        11955.39355469        26587.19335937          931.99432373 
        4980.05813984            0.50000000        12047.39355469        26504.19335937          924.99432373 
        4980.45505094            0.50000000        11943.39355469        26006.19335937          904.99432373 
        4981.01285307            0.50000000        11927.39355469        25574.19335937          874.99432373 
        4981.46522538            0.50000000        11963.39355469        25267.19335937          861.99432373 
        4981.99310665            0.50000000        11908.39355469        24616.19335937          839.99432373 
        4982.40544186            0.50000000        11929.39355469        24123.19335937          827.99432373 
        4982.99390305            0.50000000        11933.39355469        23334.19335937          824.99432373 
        4983.46176268            0.50000000        11838.39355469        22540.19335937          790.99432373 
        4984.03539909            0.50000000        11894.39355469        21769.19335937          784.99432373 
        4984.45817096            0.50000000        11885.39355469        21043.19335937          767.99432373 
        4984.99681538            0.50000000        11849.39355469        20263.19335937          753.99432373 
        4985.45501500            0.50000000        11845.39355469        19776.19335937          746.99432373 
        4985.96871086            0.50000000        11772.39355469        19190.19335937          756.99432373 
        4986.41703024            0.50000000        11822.39355469        18945.19335937          753.99432373 
        4986.98637175            0.50000000        11782.39355469        18642.19335937          728.99432373 
        4987.45505149            0.50000000        11761.39355469        18523.19335937          748.99432373 
        4988.03977627            0.50000000        11810.39355469        18601.19335937          738.99432373 
        4988.45824893            0.50000000        11681.39355469        18437.19335937          732.99432373 
        4988.99279551            0.50000000        11749.39355469        18736.19335937          742.99432373 
        4989.45684313            0.50000000        11638.39355469        18834.19335937          743.99432373 
        4989.96134976            0.50000000        11657.39355469        19174.19335937          753.99432373 
        4990.41550109            0.50000000        11643.39355469        19511.19335937          734.99432373 
        4990.97574553            0.50000000        11629.39355469        19882.19335937          723.99432373 
        4991.45534322            0.50000000        11580.39355469        20218.19335937          741.99432373 
        4992.01079275            0.50000000        11606.39355469        20713.19335937          757.99432373 
        4992.45019853            0.50000000        11525.39355469        20879.19335937          750.99432373 
        4992.98062847            0.50000000        11508.39355469        21119.19335937          743.99432373 
        4993.45054073            0.50000000        11597.39355469        21468.19335937          766.99432373 
        4993.93065845            0.50000000        11473.39355469        21306.19335937          761.99432373 
        4994.42098805            0.50000000        11541.39355469        21545.19335937          746.99432373 
        4994.96198916            0.50000000        11562.39355469        21593.19335937          756.99432373 
        4995.44242462            0.50000000        11510.39355469        21495.19335937          744.99432373 
        4995.99884450            0.50000000        11406.39355469        21177.19335937          740.99432373 
        4996.46937791            0.50000000        11528.39355469        21321.19335937          755.99432373 
        4996.97037476            0.50000000        11463.39355469        21098.19335937          724.99432373 
        4997.45123255            0.50000000        11353.39355469        20783.19335937          687.99432373 
        4997.92206499            0.50000000        11412.39355469        20701.19335937          681.99432373 
        4998.44363774            0.50000000        11396.39355469        20501.19335937          680.99432373 
        4998.95519838            0.50000000        11278.39355469        20075.19335937          655.99432373 
        4999.44660692            0.50000000        11434.39355469        20193.19335937          657.99432373 
        4999.98879861            0.50000000        11398.39355469        20021.19335937          666.99432373 
        5000.48549814            0.50000000        11369.39355469        19875.19335937          657.99432373 
        5000.96709552            0.50000000        11321.39355469        19784.19335937          629.99432373 
        5001.47414964            0.50000000        11416.39355469        19851.19335937          670.99432373 
        5001.93059442            0.50000000        11329.39355469        19829.19335937          630.99432373 
        5002.45308181            0.50000000        11374.39355469        19975.19335937          639.99432373 
        5002.92494474            0.50000000        11257.39355469        19898.19335937          628.99432373 
        5003.45273462            0.50000000        11300.39355469        20188.19335937          643.99432373 
        5003.97049288            0.50000000        11160.39355469        20119.19335937          628.99432373 
        5004.50360162            0.50000000        11187.39355469        20394.19335937          634.99432373 
        5004.94541431            0.50000000        11136.39355469        20515.19335937          627.99432373 
        5005.46859010            0.50000000        11247.39355469        20889.19335937          659.99432373 
        5005.91058895            0.50000000        11083.39355469        20877.19335937          609.99432373 
        5007.59299644            0.50000000        11083.39355469        21697.19335937          645.99432373 
        5009.39367596            0.50000000        11032.39355469        22178.19335937          674.99432373 
        5011.19067790            0.50000000        10870.39355469        22259.19335937          676.99432373 
        5013.01966861            0.50000000        10784.39355469        22291.19335937          672.99432373 
        5014.83481572            0.50000000        10662.39355469        22062.19335937          691.99432373 
        5016.80965250            0.50000000        10655.39355469        22104.19335937          685.99432373 
        5018.75553150            0.50000000        10534.39355469        22002.19335937          680.99432373 
        5020.78999541            0.50000000        10528.39355469        22243.19335937          685.99432373 
        5022.78019484            0.50000000        10484.39355469        22379.19335937          677.99432373 
        5024.87457660            0.50000000        10345.39355469        22335.19335937          700.99432373 
        5026.91446147            0.50000000        10273.39355469        22238.19335937          676.99432373 
        5029.05880037            0.50000000        10150.39355469        21987.19335937          663.99432373 
        5031.19486261            0.50000000        10196.39355469        22027.19335937          658.99432373 
        5033.46145744            0.50000000        10139.39355469        21857.19335937          622.99432373 
        5035.73028197            0.50000000        10006.39355469        21416.19335937          589.99432373 
        5038.00649172            0.50000000         9977.39355469        21148.19335937          575.99432373 
        5040.25400337            0.50000000         9780.39355469        20606.19335937          538.99432373 
        5042.64309213            0.50000000         9797.39355469        20671.19335937          530.99432373 
        5045.09667002            0.50000000         9700.39355469        20693.19335937          528.99432373 
        5047.43903596            0.50000000         9586.39355469        20741.19335937          546.99432373 
        5049.97021416            0.50000000         9556.39355469        20813.19335937          528.99432373 
        5052.41602363            0.50000000         9332.39355469        20540.19335937          546.99432373 
        5054.93188907            0.50000000         9327.39355469        20661.19335937          588.99432373 
        5057.55960247            0.50000000         9181.39355469        20532.19335937          557.99432373 
        5060.14868081            0.50000000         9126.39355469        20545.19335937          564.99432373 
        5062.77189668            0.50000000         9014.39355469        20547.19335937          562.99432373 
        5065.54927889            0.50000000         8947.39355469        20535.19335937          562.99432373 
        5068.23602256            0.50000000         8816.39355469        20449.19335937          579.99432373 
        5071.05652849            0.50000000         8560.39355469        20139.19335937          565.99432373 
        5073.95371582            0.50000000         8621.39355469        20361.19335937          571.99432373 
        5076.77068411            0.50000000         8445.39355469        20283.19335937          560.99432373 
        5079.65925470            0.50000000         8210.39355469        19909.19335937          545.99432373 
        5082.70372616            0.50000000         8190.39404297        20151.19335937          509.99432373 
        5085.71535973            0.50000000         8070.39404297        20065.19335937          505.99432373 
        5088.70455233            0.50000000         8078.39404297        20145.19335937          488.99432373 
        5091.82412392            0.50000000         7916.39404297        20005.19335937          460.99432373 
        5094.94786284            0.50000000         7781.39404297        19891.19335937          455.99432373 
        5098.04934150            0.50000000         7709.39404297        19824.19335937          465.99432373 
        5101.22905218            0.50000000         7605.39404297        19919.19335937          480.99432373 
        5104.50851173            0.50000000         7521.39404297        19957.19335937          511.99432373 
        5107.77132699            0.50000000         7383.39404297        19760.19335937          507.99432373 
        5111.05995038            0.50000000         7385.39404297        19921.19335937          517.99432373 
        5114.39577678            0.50000000         7307.39404297        19713.19335937          518.99432373 
        5117.77366549            0.50000000         7153.39404297        19654.19335937          529.99432373 
        5121.17242953            0.50000000         6998.39404297        19438.19335937          493.99432373 
        5124.60284295            0.50000000         6845.39404297        18978.19335937          488.99432373 
        5128.08109834            0.50000000         6967.39404297        19613.19335937          514.99432373 
        5131.61275934            0.50000000         6780.39404297        19218.19335937          512.99432373 
        5135.13897069            0.50000000         6662.39404297        19221.19335937          508.99432373 
        5138.71886720            0.50000000         6503.39404297        18847.19335937          479.99432373 
        5142.42272008            0.50000000         6475.39404297        18923.19335937          474.99432373 
        5145.98668794            0.50000000         6188.39404297        18493.19335937          464.99432373 
        5149.70193983            0.50000000         6150.39404297        18544.19335937          452.99432373 
        5153.42843777            0.50000000         6077.39404297        18411.19335937          443.99432373 
        5157.17706334            0.50000000         5914.39404297        18305.19335937          449.99432373 
        5161.04564888            0.50000000         5815.39404297        18208.19335937          456.99432373 
        5164.84983618            0.50000000         5669.39404297        17995.19335937          451.99432373 
        5168.74728178            0.50000000         5568.39404297        17976.19335937          460.99432373 
        5172.70023049            0.50000000         5417.39404297        17643.19335937          455.99432373 
        5176.54496650            0.50000000         5259.39404297        17454.19335937          471.99432373 
        5180.56015224            0.50000000         4238.39404297        14259.19433594          385.99432373 
        5184.54919932            0.50000000         5164.39404297        17450.19335937          476.99432373 
        5188.53942501            0.50000000         4982.39404297        17162.19335937          460.99432373 
        5192.70690048            0.50000000         4820.39404297        16765.19335937          465.99432373 
        5196.83754631            0.50000000         4621.39404297        16187.19433594          429.99432373 
        5200.94771756            0.50000000         4457.39404297        15930.19433594          434.99432373 
        5205.15344710            0.50000000         4259.39404297        15301.19433594          411.99432373 
        5208.93438865            0.50000000         4032.39404297        14557.19433594          391.99432373 
