# 1-D Scan File created by LabVIEW Control Panel  12/6/2011  12:51:25 AM; Scan time 0 hrs 4 min 28 sec. 
#
# Beamline 20 BM
#
# Scan config: 
#                 E0: 4966.00 eV   223 points
#        Scan bounds:  -100.00 -30.00 40.00 243.35 (7.99 (k))
#       Scan step(s):  5.00 0.50 0.07
#  Integration times:  0.50 0.50 0.50    kwgt in EXAFS region: 0.0 
#
# User Comment:
# 50oC
#
#
# Amplifier Sensitivities:
# Preslit: 20 nA/V  I0: 20 nA/V  I: 100 pA/V  IREF: 50 pA/V  
#
# Analog Input Voltages at start/end of scan:
# Preslit: 0.033/0.033  I0: 0.580/0.311  Ignore: 0.017/0.008  I: 0.856/0.685  IREF: 0.232/0.141  
#
# Mono Info:
# 
#
# ID Info:
# 
#
# Slit Info:
# Kappa S1:  Center is at -542 (H), 500 (V)   Size is 8000 wide x 2000 high
# Vacuum Slits:  Center is at 850 (H), -25 (V)   Size is 899 wide x 1000 high
#
# Motor Positions:
# SMV (20bm:m29): -37594.243125 SMH (20bm:m30): 4802.187500 
#
# Detector Names/PVs:
# I0/20bm:scaler1_netA.C  I/20bm:scaler1_netA.E  IREF/20bm:scaler1_netA.F  
#
# Positioner names/Drive PVs/Readback PVs:
# Mono Energy */20bm:monoE.VAL/20bm:EnctoE.VAL  Scaler preset time */20bm:scaler1.TP/  
# Here is a readable list of column headings:
#  1) Mono Energy *        
#  2) Scaler preset time * 
#  3) I0                   
#  4) I                    
#  5) IREF                 
#
# Column Headings:
#Mono Energy *        Scaler preset time * I0                   I                    IREF                 
        4865.40090888            0.50000000        24200.39453125        37731.19531250         5267.99414062 
        4870.45719986            0.50000000        24002.39453125        37680.19531250         5239.99414062 
        4875.46271053            0.50000000        23967.39453125        37945.19531250         5190.99414062 
        4880.54682416            0.50000000        23817.39453125        38098.19531250         5080.99414062 
        4885.58960585            0.50000000        23535.39453125        38007.19531250         4951.99414062 
        4890.58590492            0.50000000        23543.39453125        38378.19531250         4952.99414062 
        4895.66602039            0.50000000        23433.39453125        38528.19531250         4870.99414062 
        4900.78683369            0.50000000        23340.39453125        38801.19531250         4776.99414062 
        4905.81246765            0.50000000        23232.39453125        38905.19531250         4798.99414062 
        4910.82506171            0.50000000        23182.39453125        39243.19531250         4775.99414062 
        4915.83425465            0.50000000        22838.39453125        39185.19531250         4639.99414062 
        4920.85956013            0.50000000        22844.39453125        39531.19531250         4645.99414062 
        4925.89614265            0.50000000        22792.39453125        39982.19531250         4647.99414062 
        4930.90962771            0.50000000        22723.39453125        40308.19531250         4606.99414062 
        4935.97372402            0.50000000        22618.39453125        40531.19531250         4590.99414062 
        4936.48618139            0.50000000        22739.39453125        40897.19531250         4610.99414062 
        4936.95439338            0.50000000        22732.39453125        40928.19531250         4623.99414062 
        4937.45721353            0.50000000        22751.39453125        41020.19531250         4656.99414062 
        4937.93055853            0.50000000        22571.39453125        40799.19531250         4579.99414062 
        4938.43852885            0.50000000        22662.39453125        40873.19531250         4634.99414062 
        4938.95648052            0.50000000        22638.39453125        40916.19531250         4634.99414062 
        4939.44987848            0.50000000        22594.39453125        40947.19531250         4582.99414062 
        4939.99767669            0.50000000        22619.39453125        40937.19531250         4591.99414062 
        4940.47649222            0.50000000        22621.39453125        41011.19531250         4599.99414062 
        4940.98503651            0.50000000        22598.39453125        41146.19531250         4623.99414062 
        4941.45912280            0.50000000        22479.39453125        40946.19531250         4558.99414062 
        4941.95800866            0.50000000        22540.39453125        41148.19531250         4572.99414062 
        4942.43724054            0.50000000        22688.39453125        41333.19531250         4636.99414062 
        4942.98576482            0.50000000        22579.39453125        41261.19531250         4588.99414062 
        4943.47015837            0.50000000        22554.39453125        41212.19531250         4642.99414062 
        4944.02882287            0.50000000        22640.39453125        41434.19531250         4632.99414062 
        4944.47882136            0.50000000        22486.39453125        41156.19531250         4574.99414062 
        4945.00310856            0.50000000        22492.39453125        41244.19531250         4618.99414062 
        4945.47309207            0.50000000        22375.39453125        41101.19531250         4569.99414062 
        4945.96791726            0.50000000        22428.39453125        41229.19531250         4554.99414062 
        4946.44800131            0.50000000        22520.39453125        41387.19531250         4588.99414062 
        4947.00245213            0.50000000        22458.39453125        41371.19531250         4600.99414062 
        4947.48770826            0.50000000        22398.39453125        41371.19531250         4604.99414062 
        4948.05727444            0.50000000        22444.39453125        41518.19531250         4603.99414062 
        4948.48825905            0.50000000        22361.39453125        41495.19531250         4576.99414062 
        4949.02338881            0.50000000        22346.39453125        41518.19531250         4580.99414062 
        4949.49420959            0.50000000        22404.39453125        41623.19531250         4635.99414062 
        4949.99983162            0.50000000        22312.39453125        41503.19531250         4559.99414062 
        4950.45102127            0.50000000        22427.39453125        41712.19531250         4598.99414062 
        4951.02133482            0.50000000        22499.39453125        41896.19531250         4623.99414062 
        4951.49257193            0.50000000        22361.39453125        41694.19531250         4604.99414062 
        4952.08795921            0.50000000        22474.39453125        41864.19531250         4657.99414062 
        4952.48993425            0.50000000        22425.39453125        41867.19531250         4621.99414062 
        4953.04090498            0.50000000        22433.39453125        41969.19531250         4609.99414062 
        4953.49270183            0.50000000        22487.39453125        42074.19531250         4641.99414062 
        4954.00915160            0.50000000        22397.39453125        42015.19531250         4613.99414062 
        4954.45120703            0.50000000        22378.39453125        41931.19531250         4608.99414062 
        4955.02749883            0.50000000        22423.39453125        42246.19531250         4631.99414062 
        4955.49460156            0.50000000        22296.39453125        42018.19531250         4583.99414062 
        4956.08607204            0.50000000        22406.39453125        42267.19531250         4635.99414062 
        4956.49372988            0.50000000        22240.39453125        41991.19531250         4548.99414062 
        4957.04567635            0.50000000        22254.39453125        42039.19531250         4538.99414062 
        4957.49827339            0.50000000        22300.39453125        42178.19531250         4567.99414062 
        4958.02558841            0.50000000        22254.39453125        42105.19531250         4549.99414062 
        4958.45350026            0.50000000        22260.39453125        42159.19531250         4583.99414062 
        4959.02583431            0.50000000        22299.39453125        42362.19531250         4588.99414062 
        4959.49874109            0.50000000        22182.39453125        42152.19531250         4549.99414062 
        4960.08627857            0.50000000        22246.39453125        42365.19531250         4564.99414062 
        4960.49465706            0.50000000        22122.39453125        42144.19531250         4550.99414062 
        4961.03761559            0.50000000        22369.39453125        42624.19531250         4596.99414062 
        4961.49101088            0.50000000        22054.39453125        42106.19531250         4520.99414062 
        4962.02922410            0.50000000        22340.39453125        42670.19531250         4592.99414062 
        4962.44792274            0.50000000        22037.39453125        42202.19531250         4483.99414062 
        4963.03123900            0.50000000        22316.39453125        42716.19531250         4553.99414062 
        4963.49999498            0.50000000        22014.39453125        42176.19531250         4456.99414062 
        4964.09854770            0.50000000        22078.39453125        42323.19531250         4415.99414062 
        4964.48769169            0.50000000        22020.39453125        42352.19531250         4374.99414062 
        4965.03659796            0.50000000        22115.39453125        42533.19531250         4224.99414062 
        4965.48580190            0.50000000        21987.39453125        42369.19531250         4042.99438477 
        4966.02496404            0.50000000        22078.39453125        42552.19531250         3527.99438477 
        4966.43940720            0.50000000        21992.39453125        42469.19531250         2797.99438477 
        4967.02375081            0.50000000        22056.39453125        42440.19531250         2419.99438477 
        4967.48334036            0.50000000        22036.39453125        42415.19531250         2583.99438477 
        4968.08294485            0.50000000        22126.39453125        42470.19531250         2908.99438477 
        4968.47277270            0.50000000        22006.39453125        42186.19531250         3014.99438477 
        4969.02764313            0.50000000        22084.39453125        42132.19531250         3015.99438477 
        4969.47263719            0.50000000        21985.39453125        41824.19531250         2863.99438477 
        4970.00774550            0.50000000        22096.39453125        41806.19531250         2769.99438477 
        4970.42791887            0.50000000        22013.39453125        41552.19531250         2601.99438477 
        4971.01328989            0.50000000        22073.39453125        41441.19531250         2536.99438477 
        4971.47869241            0.50000000        21978.39453125        41528.19531250         2469.99438477 
        4972.07935267            0.50000000        22055.39453125        41869.19531250         2470.99438477 
        4972.46485998            0.50000000        21936.39453125        41755.19531250         2441.99438477 
        4973.02070638            0.50000000        21980.39453125        41747.19531250         2337.99438477 
        4973.46648323            0.50000000        21914.39453125        41663.19531250         2235.99438477 
        4974.00253293            0.50000000        22011.39453125        41436.19531250         2109.99438477 
        4974.41843424            0.50000000        21934.39453125        40870.19531250         2017.99438477 
        4975.01485923            0.50000000        21966.39453125        39940.19531250         1862.99438477 
        4975.47105449            0.50000000        21841.39453125        39014.19531250         1755.99438477 
        4976.06775561            0.50000000        22034.39453125        38364.19531250         1691.99438477 
        4976.45895557            0.50000000        21761.39453125        37430.19531250         1606.99438477 
        4977.01076217            0.50000000        22020.39453125        37337.19531250         1544.99438477 
        4977.46735789            0.50000000        21800.39453125        36604.19531250         1478.99438477 
        4978.00435139            0.50000000        22004.39453125        36613.19531250         1451.99438477 
        4978.41596489            0.50000000        21758.39453125        35986.19531250         1361.99438477 
        4979.00339599            0.50000000        21933.39453125        35945.19531250         1359.99438477 
        4979.47545902            0.50000000        21785.39453125        35513.19531250         1322.99438477 
        4980.06818737            0.50000000        21907.39453125        35440.19531250         1289.99438477 
        4980.46510022            0.50000000        21703.39453125        34760.19531250         1226.99438477 
        4981.02290481            0.50000000        21745.39453125        34350.19531250         1219.99438477 
        4981.47527912            0.50000000        21807.39453125        33948.19531250         1186.99438477 
        4982.00316272            0.50000000        21738.39453125        33111.19531250         1173.99438477 
        4982.42052871            0.50000000        21710.39453125        32309.19335937         1155.99438477 
        4983.00396353            0.50000000        21784.39453125        31317.19335937         1136.99438477 
        4983.47182523            0.50000000        21639.39453125        30185.19335937         1115.99438477 
        4984.05049674            0.50000000        21753.39453125        29023.19335937         1109.99438477 
        4984.46320443            0.50000000        21704.39453125        28009.19335937         1059.99438477 
        4985.00185004            0.50000000        21698.39453125        26972.19335937         1065.99438477 
        4985.46005067            0.50000000        21649.39453125        26187.19335937         1047.99438477 
        4985.97374767            0.50000000        21563.39453125        25557.19335937         1027.99438477 
        4986.41703024            0.50000000        21643.39453125        25252.19335937         1040.99438477 
        4986.98637175            0.50000000        21605.39453125        24931.19335937         1049.99438477 
        4987.46009158            0.50000000        21546.39453125        24793.19335937         1033.99438477 
        4988.04985905            0.50000000        21601.39453125        24880.19335937         1016.99432373 
        4988.46833355            0.50000000        21484.39453125        24957.19335937         1035.99438477 
        4988.99783900            0.50000000        21552.39453125        25410.19335937         1038.99438477 
        4989.46693217            0.50000000        21433.39453125        25676.19335937         1047.99438477 
        4989.96639539            0.50000000        21386.39453125        26120.19335937         1053.99438477 
        4990.41550109            0.50000000        21390.39453125        26691.19335937         1025.99438477 
        4990.98584129            0.50000000        21399.39453125        27308.19335937         1038.99438477 
        4991.45534322            0.50000000        21327.39453125        27670.19335937         1046.99438477 
        4992.02089308            0.50000000        21399.39453125        28413.19335937         1067.99438477 
        4992.46030081            0.50000000        21294.39453125        28622.19335937         1075.99438477 
        4992.99073309            0.50000000        21281.39453125        28965.19335937         1035.99438477 
        4993.45559407            0.50000000        21309.39453125        29123.19335937         1074.99438477 
        4993.93571286            0.50000000        21263.39453125        29221.19335937         1074.99438477 
        4994.42604354            0.50000000        21289.39453125        29377.19335937         1046.99438477 
        4994.96198916            0.50000000        21354.39453125        29407.19335937         1061.99438477 
        4995.44748237            0.50000000        21326.39453125        29385.19335937         1054.99438477 
        4996.00390349            0.50000000        21175.39453125        29012.19335937         1048.99438477 
        4996.46937791            0.50000000        21290.39453125        29071.19335937         1045.99438477 
        4996.97037476            0.50000000        21220.39453125        28766.19335937         1030.99438477 
        4997.45629475            0.50000000        21167.39453125        28548.19335937          994.99432373 
        4997.92206499            0.50000000        21203.39453125        28354.19335937         1003.99432373 
        4998.43857335            0.50000000        21117.39453125        27983.19335937          972.99432373 
        4998.95013286            0.50000000        21057.39453125        27682.19335937          964.99432373 
        4999.45167354            0.50000000        21166.39453125        27609.19335937          964.99432373 
        4999.98879861            0.50000000        21185.39453125        27429.19335937          947.99432373 
        5000.48042923            0.50000000        21132.39453125        27362.19335937          940.99432373 
        5000.95695558            0.50000000        21061.39453125        27229.19335937          928.99432373 
        5001.46400746            0.50000000        21200.39453125        27382.19335937          950.99432373 
        5001.92045021            0.50000000        21114.39453125        27464.19335937          915.99432373 
        5002.44293529            0.50000000        21141.39453125        27560.19335937          944.99432373 
        5002.92494474            0.50000000        20971.39453125        27517.19335937          925.99432373 
        5003.44765914            0.50000000        21116.39453125        28050.19335937          923.99432373 
        5003.96033963            0.50000000        20874.39453125        27958.19335937          921.99432373 
        5004.49852381            0.50000000        20960.39453125        28359.19335937          929.99432373 
        5004.94033552            0.50000000        20889.39453125        28574.19335937          905.99432373 
        5005.46859010            0.50000000        21009.39453125        29073.19335937          925.99432373 
        5005.91058895            0.50000000        20879.39453125        29239.19335937          913.99432373 
        5007.58791178            0.50000000        20854.39453125        30325.19335937          931.99432373 
        5009.38858730            0.50000000        20798.39453125        31118.19335937          979.99432373 
        5011.19067790            0.50000000        20684.39453125        31459.19335937          982.99432373 
        5013.00947521            0.50000000        20542.39453125        31499.19335937          978.99432373 
        5014.82971498            0.50000000        20445.39453125        31282.19335937         1002.99432373 
        5016.80454738            0.50000000        20478.39453125        31319.19335937         1014.99432373 
        5018.73509376            0.50000000        20306.39453125        31266.19335937         1002.99432373 
        5020.78488144            0.50000000        20311.39453125        31634.19335937         1005.99432373 
        5022.76483967            0.50000000        20209.39453125        31888.19335937         1007.99432373 
        5024.86433048            0.50000000        20074.39453125        32017.19335937         1031.99438477 
        5026.89907869            0.50000000        20033.39453125        32052.19335937         1021.99432373 
        5029.04340327            0.50000000        19833.39453125        31738.19335937          987.99432373 
        5031.17945123            0.50000000        19878.39453125        31765.19335937          952.99432373 
        5033.44088874            0.50000000        19808.39453125        31472.19335937          924.99432373 
        5035.71484025            0.50000000        19659.39453125        30960.19335937          882.99432373 
        5037.99103476            0.50000000        19634.39453125        30577.19335937          838.99432373 
        5040.23853137            0.50000000        19370.39453125        29985.19335937          816.99432373 
        5042.61727884            0.50000000        19433.39453125        30215.19335937          815.99432373 
        5045.08633371            0.50000000        19260.39453125        30263.19335937          800.99432373 
        5047.41834244            0.50000000        19145.39453125        30428.19335937          802.99432373 
        5049.94949800            0.50000000        19122.39453125        30621.19335937          832.99432373 
        5052.41083910            0.50000000        18818.39453125        30350.19335937          834.99432373 
        5054.91112849            0.50000000        18768.39453125        30399.19335937          845.99432373 
        5057.54401436            0.50000000        18692.39453125        30603.19335937          894.99432373 
        5060.13827712            0.50000000        18694.39453125        30943.19335937          887.99432373 
        5062.76668896            0.50000000        18546.39453125        31037.19335937          874.99432373 
        5065.52842313            0.50000000        18439.39453125        31139.19335937          886.99432373 
        5068.23602256            0.50000000        18312.39453125        31148.19335937          910.99432373 
        5071.05130217            0.50000000        17922.39453125        30831.19335937          864.99432373 
        5073.93801737            0.50000000        18104.39453125        31449.19335937          906.99432373 
        5076.76544495            0.50000000        17895.39453125        31440.19335937          883.99432373 
        5079.64876340            0.50000000        17490.39453125        31019.19335937          836.99432373 
        5082.69847365            0.50000000        17567.39453125        31497.19335937          832.99432373 
        5085.70484116            0.50000000        17344.39453125        31506.19335937          808.99432373 
        5088.68875429            0.50000000        17352.39453125        31708.19335937          770.99432373 
        5091.81885086            0.50000000        17210.39453125        31768.19335937          752.99432373 
        5094.94258274            0.50000000        16950.39453125        31467.19335937          744.99432373 
        5098.04405440            0.50000000        16900.39453125        31693.19335937          763.99432373 
        5101.22905218            0.50000000        16731.39453125        31844.19335937          817.99432373 
        5104.50321003            0.50000000        16624.39453125        32045.19335937          842.99432373 
        5107.78194517            0.50000000        16503.39453125        32003.19335937          855.99432373 
        5111.06526691            0.50000000        16504.39453125        32334.19335937          864.99432373 
        5114.39577678            0.50000000        16322.39355469        32156.19335937          853.99432373 
        5117.77366549            0.50000000        16124.39355469        31982.19335937          840.99432373 
        5121.17776897            0.50000000        15778.39355469        31643.19335937          845.99432373 
        5124.60284295            0.50000000        15677.39355469        31579.19335937          856.99432373 
        5128.08109834            0.50000000        15795.39355469        32119.19335937          866.99432373 
        5131.60739622            0.50000000        15502.39355469        31818.19335937          855.99432373 
        5135.13359955            0.50000000        15279.39355469        31770.19335937          846.99432373 
        5138.71886720            0.50000000        15178.39355469        31879.19335937          835.99432373 
        5142.41733236            0.50000000        15160.39355469        32086.19335937          824.99432373 
        5145.97589628            0.50000000        14734.39355469        31653.19335937          815.99432373 
        5149.69653553            0.50000000        14554.39355469        31714.19335937          804.99432373 
        5153.42302496            0.50000000        14411.39355469        31718.19335937          790.99432373 
        5157.17164198            0.50000000        14184.39355469        31598.19335937          787.99432373 
        5161.02935832            0.50000000        14117.39355469        31901.19335937          826.99432373 
        5164.84439729            0.50000000        13683.39355469        31454.19335937          789.99432373 
        5168.73638617            0.50000000        13645.39355469        31777.19335937          828.99432373 
        5172.68931678            0.50000000        13396.39355469        31620.19335937          844.99432373 
        5176.53403517            0.50000000        13050.39355469        31294.19335937          843.99432373 
        5180.54372764            0.50000000        10774.39355469        26194.19335937          733.99432373 
        5184.53823127            0.50000000        12940.39355469        31680.19335937          882.99432373 
        5188.52843863            0.50000000        12669.39355469        31513.19335937          882.99432373 
        5192.70139770            0.50000000        12353.39355469        31107.19335937          862.99432373 
        5196.82652178            0.50000000        11972.39355469        30544.19335937          836.99432373 
        5200.94219583            0.50000000        11693.39355469        30201.19335937          862.99432373 
        5205.14238426            0.50000000        11435.39355469        29894.19335937          835.99432373 
        5208.92330839            0.50000000        10895.39355469        28815.19335937          815.99432373 
