# 1-D Scan File created by LabVIEW Control Panel  12/6/2011  7:18:04 AM; Scan time 0 hrs 4 min 28 sec. 
#
# Beamline 20 BM
#
# Scan config: 
#                 E0: 4966.00 eV   223 points
#        Scan bounds:  -100.00 -30.00 40.00 243.35 (7.99 (k))
#       Scan step(s):  5.00 0.50 0.07
#  Integration times:  0.50 0.50 0.50    kwgt in EXAFS region: 0.0 
#
# User Comment:
# 50oC
#
#
# Amplifier Sensitivities:
# Preslit: 20 nA/V  I0: 20 nA/V  I: 100 pA/V  IREF: 50 pA/V  
#
# Analog Input Voltages at start/end of scan:
# Preslit: 0.032/0.030  I0: 0.296/0.156  Ignore: 0.008/0.003  I: 0.591/0.285  IREF: 0.193/0.130  
#
# Mono Info:
# 
#
# ID Info:
# 
#
# Slit Info:
# Kappa S1:  Center is at -542 (H), 500 (V)   Size is 8000 wide x 2000 high
# Vacuum Slits:  Center is at 850 (H), -25 (V)   Size is 899 wide x 1000 high
#
# Motor Positions:
# SMV (20bm:m29): -37594.243125 SMH (20bm:m30): 4802.187500 
#
# Detector Names/PVs:
# I0/20bm:scaler1_netA.C  I/20bm:scaler1_netA.E  IREF/20bm:scaler1_netA.F  
#
# Positioner names/Drive PVs/Readback PVs:
# Mono Energy */20bm:monoE.VAL/20bm:EnctoE.VAL  Scaler preset time */20bm:scaler1.TP/  
# Here is a readable list of column headings:
#  1) Mono Energy *        
#  2) Scaler preset time * 
#  3) I0                   
#  4) I                    
#  5) IREF                 
#
# Column Headings:
#Mono Energy *        Scaler preset time * I0                   I                    IREF                 
        4865.38658797            0.50000000         9967.39355469        24520.19335937         3406.99438477 
        4870.45719986            0.50000000         9765.39355469        24163.19335937         3273.99438477 
        4875.47230129            0.50000000         9636.39355469        24056.19335937         3213.99438477 
        4880.54682416            0.50000000         9479.39355469        23844.19335937         3132.99438477 
        4885.59924042            0.50000000         9292.39355469        23551.19335937         3034.99438477 
        4890.59073303            0.50000000         9196.39355469        23486.19335937         2964.99438477 
        4895.66602039            0.50000000         9058.39355469        23341.19335937         2925.99438477 
        4900.78198347            0.50000000         8953.39355469        23249.19335937         2869.99438477 
        4905.80760651            0.50000000         8810.39355469        23086.19335937         2789.99438477 
        4910.81044561            0.50000000         8714.39355469        23031.19335937         2765.99438477 
        4915.82937170            0.50000000         8488.39355469        22621.19335937         2654.99438477 
        4920.84487846            0.50000000         8466.39355469        22780.19335937         2657.99438477 
        4925.88142801            0.50000000         8317.39355469        22605.19335937         2638.99438477 
        4930.88996442            0.50000000         8189.39404297        22536.19335937         2587.99438477 
        4935.96387021            0.50000000         8063.39404297        22374.19335937         2547.99438477 
        4936.47632534            0.50000000         8117.39404297        22643.19335937         2572.99438477 
        4936.93960625            0.50000000         8153.39404297        22726.19335937         2586.99438477 
        4937.43749298            0.50000000         8131.39404297        22722.19335937         2558.99438477 
        4937.91576500            0.50000000         8044.39404297        22498.19335937         2547.99438477 
        4938.42866425            0.50000000         8118.39404297        22679.19335937         2566.99438477 
        4938.93674684            0.50000000         8059.39404297        22482.19335937         2563.99438477 
        4939.44000946            0.50000000         8023.39404297        22521.19335937         2525.99438477 
        4939.98780527            0.50000000         8031.39404297        22517.19335937         2532.99438477 
        4940.46661871            0.50000000         8041.39404297        22596.19335937         2549.99438477 
        4940.97022292            0.50000000         8001.39404297        22515.19335937         2532.99438477 
        4941.44430609            0.50000000         7949.39404297        22404.19335937         2506.99438477 
        4941.93824871            0.50000000         7937.39404297        22321.19335937         2489.99438477 
        4942.43229949            0.50000000         8043.39404297        22694.19335937         2552.99438477 
        4942.96599587            0.50000000         7981.39404297        22519.19335937         2523.99438477 
        4943.45532845            0.50000000         7949.39404297        22438.19335937         2507.99438477 
        4944.00904478            0.50000000         8001.39404297        22613.19335937         2538.99438477 
        4944.46398482            0.50000000         7925.39404297        22441.19335937         2487.99438477 
        4944.99321522            0.50000000         7947.39404297        22483.19335937         2495.99438477 
        4945.46319667            0.50000000         7853.39404297        22275.19335937         2479.99438477 
        4945.95801969            0.50000000         7883.39404297        22361.19335937         2482.99438477 
        4946.43315182            0.50000000         7961.39404297        22562.19335937         2512.99438477 
        4946.98264797            0.50000000         7872.39404297        22413.19335937         2458.99438477 
        4947.46789985            0.50000000         7874.39404297        22407.19335937         2473.99438477 
        4948.04736771            0.50000000         7896.39404297        22536.19335937         2521.99438477 
        4948.47339614            0.50000000         7812.39404297        22309.19335937         2469.99438477 
        4949.00852239            0.50000000         7820.39404297        22386.19335937         2498.99438477 
        4949.46942710            0.50000000         7842.39404297        22469.19335937         2486.99438477 
        4949.98000117            0.50000000         7796.39404297        22354.19335937         2483.99438477 
        4950.43614545            0.50000000         7813.39404297        22432.19335937         2458.99438477 
        4951.01141509            0.50000000         7889.39404297        22678.19335937         2493.99438477 
        4951.47768926            0.50000000         7822.39404297        22513.19335937         2454.99438477 
        4952.07307262            0.50000000         7860.39404297        22643.19335937         2461.99438477 
        4952.47008195            0.50000000         7826.39404297        22521.19335937         2459.99438477 
        4953.02104785            0.50000000         7834.39404297        22526.19335937         2469.99438477 
        4953.47780599            0.50000000         7810.39404297        22546.19335937         2473.99438477 
        4953.98928596            0.50000000         7759.39404297        22453.19335937         2474.99438477 
        4954.43630488            0.50000000         7784.39404297        22494.19335937         2438.99438477 
        4955.01259288            0.50000000         7828.39404297        22654.19335937         2462.99438477 
        4955.47969254            0.50000000         7739.39404297        22420.19335937         2434.99438477 
        4956.07115912            0.50000000         7825.39404297        22689.19335937         2457.99438477 
        4956.47881427            0.50000000         7705.39404297        22426.19335937         2428.99438477 
        4957.03573018            0.50000000         7716.39404297        22406.19335937         2432.99438477 
        4957.48832523            0.50000000         7700.39404297        22397.19335937         2423.99438477 
        4958.02061316            0.50000000         7680.39404297        22363.19335937         2424.99438477 
        4958.44354790            0.50000000         7682.39404297        22383.19335937         2418.99438477 
        4959.01587944            0.50000000         7750.39404297        22602.19335937         2443.99438477 
        4959.48878414            0.50000000         7671.39404297        22381.19335937         2410.99438477 
        4960.07133929            0.50000000         7701.39404297        22502.19335937         2420.99438477 
        4960.48469573            0.50000000         7621.39404297        22342.19335937         2386.99438477 
        4961.02765187            0.50000000         7759.39404297        22767.19335937         2445.99438477 
        4961.48104517            0.50000000         7564.39404297        22235.19335937         2377.99438477 
        4962.01925603            0.50000000         7712.39404297        22670.19335937         2404.99438477 
        4962.43795282            0.50000000         7553.39404297        22247.19335937         2347.99438477 
        4963.02126652            0.50000000         7708.39404297        22689.19335937         2384.99438477 
        4963.49002044            0.50000000         7513.39404297        22114.19335937         2283.99438477 
        4964.09355911            0.50000000         7593.39404297        22360.19335937         2314.99438477 
        4964.48270224            0.50000000         7506.39404297        22150.19335937         2254.99438477 
        4965.03160731            0.50000000         7556.39404297        22304.19335937         2206.99438477 
        4965.48081026            0.50000000         7477.39404297        22130.19335937         2090.99438477 
        4966.01997121            0.50000000         7570.39404297        22388.19335937         1841.99438477 
        4966.42941972            0.50000000         7492.39404297        22162.19335937         1475.99438477 
        4967.01875579            0.50000000         7548.39404297        22323.19335937         1270.99438477 
        4967.48334036            0.50000000         7452.39404297        22083.19335937         1327.99438477 
        4968.07794749            0.50000000         7518.39404297        22126.19335937         1510.99438477 
        4968.46277628            0.50000000         7485.39404297        21894.19335937         1568.99438477 
        4969.01764427            0.50000000         7511.39404297        21862.19335937         1577.99438477 
        4969.46763678            0.50000000         7423.39404297        21596.19335937         1478.99438477 
        4970.00774550            0.50000000         7484.39404297        21590.19335937         1403.99438477 
        4970.42291635            0.50000000         7426.39404297        20968.19335937         1309.99438477 
        4971.00828608            0.50000000         7427.39404297        20523.19335937         1262.99438477 
        4971.47368758            0.50000000         7394.39404297        20522.19335937         1219.99438477 
        4972.07434652            0.50000000         7448.39404297        20896.19335937         1235.99438477 
        4972.45985297            0.50000000         7395.39404297        21086.19335937         1224.99438477 
        4973.01569815            0.50000000         7417.39404297        21393.19335937         1200.99438477 
        4973.46648323            0.50000000         7362.39404297        21346.19335937         1137.99438477 
        4974.00253293            0.50000000         7394.39404297        21364.19335937         1094.99438477 
        4974.41342293            0.50000000         7350.39404297        21212.19335937         1027.99438477 
        4975.00984661            0.50000000         7352.39404297        21223.19335937          970.99432373 
        4975.46604086            0.50000000         7303.39404297        21148.19335937          942.99432373 
        4976.06274067            0.50000000         7417.39404297        21440.19335937          907.99432373 
        4976.44892396            0.50000000         7286.39404297        20969.19335937          850.99432373 
        4977.01076217            0.50000000         7394.39404297        20923.19335937          842.99432373 
        4977.45732183            0.50000000         7275.39404297        20239.19335937          777.99432373 
        4977.98929377            0.50000000         7348.39404297        20127.19335937          762.99432373 
        4978.40090455            0.50000000         7251.39404297        19507.19335937          697.99432373 
        4978.98833176            0.50000000         7263.39404297        19294.19335937          687.99432373 
        4979.46039167            0.50000000         7234.39404297        18927.19335937          683.99432373 
        4980.05311609            0.50000000         7313.39404297        18656.19335937          656.99432373 
        4980.45002632            0.50000000         7212.39404297        17913.19335937          619.99432373 
        4981.00782722            0.50000000         7180.39404297        17362.19335937          610.99432373 
        4981.46019853            0.50000000         7206.39404297        17084.19335937          597.99432373 
        4981.98807863            0.50000000         7159.39404297        16681.19335937          574.99432373 
        4982.41047080            0.50000000         7194.39404297        16443.19335937          572.99432373 
        4982.99390305            0.50000000         7187.39404297        16136.19433594          559.99432373 
        4983.45673142            0.50000000         7111.39404297        15773.19433594          557.99432373 
        4984.03036657            0.50000000         7142.39404297        15619.19433594          558.99432373 
        4984.45313750            0.50000000         7116.39404297        15326.19433594          563.99432373 
        4984.99178073            0.50000000         7111.39404297        15113.19433594          561.99432373 
        4985.44997933            0.50000000         7093.39404297        14858.19433594          542.99432373 
        4985.96871086            0.50000000         7060.39404297        14528.19433594          533.99432373 
        4986.40695468            0.50000000         7091.39404297        14314.19433594          534.99432373 
        4986.98133271            0.50000000         7042.39404297        13996.19433594          546.99432373 
        4987.45505149            0.50000000         7030.39404297        13672.19433594          526.99432373 
        4988.03977627            0.50000000         7064.39404297        13456.19433594          539.99432373 
        4988.45320663            0.50000000         6978.39404297        13068.19433594          533.99432373 
        4988.99279551            0.50000000         7029.39404297        12884.19433594          531.99432373 
        4989.45684313            0.50000000         6938.39404297        12504.19433594          518.99432373 
        4989.95125854            0.50000000         6921.39404297        12374.19433594          528.99432373 
        4990.40540786            0.50000000         6940.39404297        12389.19433594          508.99432373 
        4990.97574553            0.50000000         6920.39404297        12548.19433594          515.99432373 
        4991.45029430            0.50000000         6876.39404297        12708.19433594          511.99432373 
        4992.00574260            0.50000000         6852.39404297        13046.19433594          516.99432373 
        4992.44514741            0.50000000         6835.39404297        13329.19433594          525.99432373 
        4992.97557617            0.50000000         6818.39404297        13602.19433594          534.99432373 
        4993.44548739            0.50000000         6880.39404297        13904.19433594          538.99432373 
        4993.92560406            0.50000000         6752.39404297        13841.19433594          542.99432373 
        4994.41593257            0.50000000         6832.39404297        14086.19433594          513.99432373 
        4994.95187582            0.50000000         6828.39404297        14177.19433594          513.99432373 
        4995.43230915            0.50000000         6809.39404297        14170.19433594          512.99432373 
        4995.98872657            0.50000000         6717.39404297        13968.19433594          501.99432373 
        4996.46431790            0.50000000         6781.39404297        14105.19433594          522.99432373 
        4996.96531364            0.50000000         6751.39404297        14083.19433594          510.99432373 
        4997.44617036            0.50000000         6673.39404297        13876.19433594          506.99432373 
        4997.91193854            0.50000000         6721.39404297        13932.19433594          523.99432373 
        4998.43857335            0.50000000         6679.39404297        13738.19433594          492.99432373 
        4998.94506736            0.50000000         6594.39404297        13458.19433594          481.99432373 
        4999.44154032            0.50000000         6716.39404297        13582.19433594          499.99432373 
        4999.98373080            0.50000000         6677.39404297        13377.19433594          477.99432373 
        5000.49056706            0.50000000         6659.39404297        13247.19433594          460.99432373 
        5000.95695558            0.50000000         6584.39404297        12948.19433594          473.99432373 
        5001.46907854            0.50000000         6674.39404297        13045.19433594          475.99432373 
        5001.92045021            0.50000000         6635.39404297        12944.19433594          458.99432373 
        5002.44800855            0.50000000         6613.39404297        12799.19433594          475.99432373 
        5002.91987043            0.50000000         6527.39404297        12696.19433594          442.99432373 
        5003.45273462            0.50000000         6607.39404297        12954.19433594          470.99432373 
        5003.96541625            0.50000000         6515.39404297        12836.19433594          446.99432373 
        5004.49852381            0.50000000         6551.39404297        13042.19433594          450.99432373 
        5004.94033552            0.50000000         6496.39404297        13013.19433594          438.99432373 
        5005.46351015            0.50000000         6553.39404297        13280.19433594          474.99432373 
        5005.91058895            0.50000000         6450.39404297        13175.19433594          459.99432373 
        5007.59299644            0.50000000         6430.39404297        13536.19433594          475.99432373 
        5009.40385331            0.50000000         6404.39404297        13838.19433594          483.99432373 
        5011.19577056            0.50000000         6254.39404297        13841.19433594          477.99432373 
        5013.01966861            0.50000000         6208.39404297        14041.19433594          485.99432373 
        5014.83481572            0.50000000         6159.39404297        14107.19433594          475.99432373 
        5016.80965250            0.50000000         6132.39404297        14248.19433594          498.99432373 
        5018.75042204            0.50000000         6044.39404297        14119.19433594          501.99432373 
        5020.78999541            0.50000000         6013.39404297        14150.19433594          477.99432373 
        5022.78019484            0.50000000         5964.39404297        14113.19433594          476.99432373 
        5024.87457660            0.50000000         5864.39404297        13994.19433594          481.99432373 
        5026.91958908            0.50000000         5802.39404297        13908.19433594          473.99432373 
        5029.05880037            0.50000000         5701.39404297        13683.19433594          459.99432373 
        5031.19999976            0.50000000         5716.39404297        13735.19433594          455.99432373 
        5033.47174186            0.50000000         5689.39404297        13697.19433594          432.99432373 
        5035.74572380            0.50000000         5599.39404297        13459.19433594          419.99432373 
        5038.01679641            0.50000000         5552.39404297        13369.19433594          382.99432373 
        5040.27463287            0.50000000         5452.39404297        13055.19433594          345.99432373 
        5042.65858025            0.50000000         5450.39404297        13033.19433594          361.99432373 
        5045.12767924            0.50000000         5363.39404297        12956.19433594          343.99432373 
        5047.45972967            0.50000000         5298.39404297        12868.19433594          334.99432373 
        5049.99093051            0.50000000         5278.39404297        12979.19433594          358.99432373 
        5052.43676187            0.50000000         5141.39404297        12761.19433594          365.99432373 
        5054.96303029            0.50000000         5112.39404297        12786.19433594          359.99432373 
        5057.58038677            0.50000000         5037.39404297        12600.19433594          368.99432373 
        5060.17469022            0.50000000         5012.39404297        12572.19433594          370.99432373 
        5062.79793550            0.50000000         4940.39404297        12479.19433594          363.99432373 
        5065.57013484            0.50000000         4883.39404297        12410.19433594          374.99432373 
        5068.26734273            0.50000000         4822.39404297        12386.19433594          365.99432373 
        5071.07743389            0.50000000         4655.39404297        12081.19433594          376.99432373 
        5073.96418151            0.50000000         4682.39404297        12221.19433594          370.99432373 
        5076.78640166            0.50000000         4572.39404297        12120.19433594          362.99432373 
        5079.66974605            0.50000000         4421.39404297        11847.19433594          315.99432373 
        5082.71948375            0.50000000         4385.39404297        11892.19433594          321.99432373 
        5085.72587834            0.50000000         4279.39404297        11731.19433594          298.99432373 
        5088.71508442            0.50000000         4268.39404297        11780.19433594          282.99432373 
        5091.83994316            0.50000000         4175.39404297        11660.19433594          285.99432373 
        5094.96370323            0.50000000         4071.39404297        11559.19433594          265.99432373 
        5098.05991575            0.50000000         4027.39404297        11527.19433594          280.99432373 
        5101.23434648            0.50000000         3968.39404297        11549.19433594          295.99432373 
        5104.50851173            0.50000000         3871.39404297        11375.19433594          286.99432373 
        5107.78194517            0.50000000         3809.39404297        11347.19433594          303.99432373 
        5111.07058345            0.50000000         3798.39404297        11338.19433594          301.99432373 
        5114.39577678            0.50000000         3732.39404297        11260.19433594          313.99432373 
        5117.77899722            0.50000000         3630.39404297        11091.19433594          293.99432373 
        5121.17776897            0.50000000         3531.39404297        10936.19433594          285.99432373 
        5124.60284295            0.50000000         3448.39404297        10731.19433594          281.99432373 
        5128.08109834            0.50000000         3512.39404297        11035.19433594          303.99432373 
        5131.61275934            0.50000000         3390.39404297        10720.19433594          289.99432373 
        5135.13359955            0.50000000         3346.39404297        10738.19433594          286.99432373 
        5138.71886720            0.50000000         3257.39404297        10533.19433594          282.99432373 
        5142.42272008            0.50000000         3249.39404297        10605.19433594          285.99432373 
        5145.98129210            0.50000000         3093.39404297        10266.19433594          272.99432373 
        5149.70193983            0.50000000         3038.39404297        10186.19433594          245.99432373 
        5153.42843777            0.50000000         2980.39404297        10084.19433594          234.99432373 
        5157.17164198            0.50000000         2920.39404297        10055.19433594          249.99432373 
        5161.02392815            0.50000000         2876.39404297        10031.19433594          261.99432373 
        5164.84439729            0.50000000         2796.39404297         9897.19433594          252.99432373 
        5168.74183397            0.50000000         2763.39404297         9897.19433594          248.99432373 
        5172.70023049            0.50000000         2680.39404297         9687.19433594          258.99432373 
        5176.53950083            0.50000000         2579.39404297         9482.19433594          277.99432373 
        5180.56015224            0.50000000         2073.39404297         7723.19433594          244.99432373 
        5184.54371529            0.50000000         2491.39404297         9312.19433594          266.99432373 
        5188.54491822            0.50000000         2414.39404297         9267.19433594          271.99432373 
        5192.70690048            0.50000000         2301.39404297         8905.19433594          255.99432373 
        5196.83203404            0.50000000         2202.39404297         8654.19433594          248.99432373 
        5200.94219583            0.50000000         2115.39404297         8409.19433594          245.99432373 
        5205.15344710            0.50000000         2010.39404297         8065.19433594          239.99432373 
        5208.92884851            0.50000000         1883.39404297         7569.19433594          230.99432373 
