# 1-D Scan File created by LabVIEW Control Panel  12/6/2011  12:01:13 AM; Scan time 0 hrs 4 min 28 sec. 
#
# Beamline 20 BM
#
# Scan config: 
#                 E0: 4966.00 eV   223 points
#        Scan bounds:  -100.00 -30.00 40.00 243.35 (7.99 (k))
#       Scan step(s):  5.00 0.50 0.07
#  Integration times:  0.50 0.50 0.50    kwgt in EXAFS region: 0.0 
#
# User Comment:
# 50oC
#
#
# Amplifier Sensitivities:
# Preslit: 20 nA/V  I0: 20 nA/V  I: 100 pA/V  IREF: 50 pA/V  
#
# Analog Input Voltages at start/end of scan:
# Preslit: 0.034/0.034  I0: 0.654/0.378  Ignore: 0.018/0.009  I: 0.891/0.827  IREF: 0.239/0.144  
#
# Mono Info:
# 
#
# ID Info:
# 
#
# Slit Info:
# Kappa S1:  Center is at -542 (H), 500 (V)   Size is 8000 wide x 2000 high
# Vacuum Slits:  Center is at 850 (H), -25 (V)   Size is 899 wide x 1000 high
#
# Motor Positions:
# SMV (20bm:m29): -37594.243125 SMH (20bm:m30): 4802.187500 
#
# Detector Names/PVs:
# I0/20bm:scaler1_netA.C  I/20bm:scaler1_netA.E  IREF/20bm:scaler1_netA.F  
#
# Positioner names/Drive PVs/Readback PVs:
# Mono Energy */20bm:monoE.VAL/20bm:EnctoE.VAL  Scaler preset time */20bm:scaler1.TP/  
# Here is a readable list of column headings:
#  1) Mono Energy *        
#  2) Scaler preset time * 
#  3) I0                   
#  4) I                    
#  5) IREF                 
#
# Column Headings:
#Mono Energy *        Scaler preset time * I0                   I                    IREF                 
        4865.41045621            0.50000000        27506.39453125        39547.19531250         5681.99414062 
        4870.46198442            0.50000000        27365.39453125        39673.19531250         5680.99414062 
        4875.47709668            0.50000000        27278.39453125        39834.19531250         5597.99414062 
        4880.55163053            0.50000000        27139.39453125        39953.19531250         5440.99414062 
        4885.60405772            0.50000000        26933.39453125        39974.19531250         5352.99414062 
        4890.59556114            0.50000000        26920.39453125        40335.19531250         5340.99414062 
        4895.68053777            0.50000000        26802.39453125        40593.19531250         5283.99414062 
        4900.79653417            0.50000000        26766.39453125        40952.19531250         5207.99414062 
        4905.83191233            0.50000000        26696.39453125        41138.19531250         5170.99414062 
        4910.82993377            0.50000000        26559.39453125        41415.19531250         5099.99414062 
        4915.84890357            0.50000000        26257.39453125        41474.19531250         5015.99414062 
        4920.87424191            0.50000000        26365.39453125        41984.19531250         5003.99414062 
        4925.90595246            0.50000000        26246.39453125        42306.19531250         5002.99414062 
        4930.91454356            0.50000000        26222.39453125        42763.19531250         5015.99414062 
        4935.98357787            0.50000000        26140.39453125        43159.19531250         4965.99414062 
        4936.49110943            0.50000000        26268.39453125        43458.19531250         5001.99414062 
        4936.95932245            0.50000000        26321.39453125        43547.19531250         5055.99414062 
        4937.45721353            0.50000000        26321.39453125        43577.19531250         5045.99414062 
        4937.94042094            0.50000000        26105.39453125        43305.19531250         4984.99414062 
        4938.44839348            0.50000000        26205.39453125        43468.19531250         5025.99414062 
        4938.96141396            0.50000000        26218.39453125        43579.19531250         5026.99414062 
        4939.45481300            0.50000000        26179.39453125        43595.19531250         5015.99414062 
        4940.00754815            0.50000000        26172.39453125        43579.19531250         5021.99414062 
        4940.48142899            0.50000000        26176.39453125        43656.19531250         5018.99414062 
        4940.98997440            0.50000000        26186.39453125        43803.19531250         4975.99414062 
        4941.46900066            0.50000000        26070.39453125        43646.19531250         4982.99414062 
        4941.96294868            0.50000000        26093.39453125        43799.19531250         4963.99414062 
        4942.44712268            0.50000000        26254.39453125        43998.19531250         5000.99414062 
        4942.99070709            0.50000000        26068.39453125        43772.19531250         4955.99414062 
        4943.48004504            0.50000000        26069.39453125        43797.19531250         4969.99414062 
        4944.02882287            0.50000000        26232.39453125        44093.19531250         5002.99414062 
        4944.48376690            0.50000000        26030.39453125        43841.19531250         4959.99414062 
        4945.01300194            0.50000000        26090.39453125        43978.19531250         4965.99414062 
        4945.48298751            0.50000000        25960.39453125        43846.19531250         4930.99414062 
        4945.97781487            0.50000000        25939.39453125        43857.19531250         4938.99414062 
        4946.44800131            0.50000000        26091.39453125        44084.19531250         4990.99414062 
        4947.00245213            0.50000000        26028.39453125        44165.19531250         4993.99414062 
        4947.49761254            0.50000000        25993.39453125        44136.19531250         5034.99414062 
        4948.07213461            0.50000000        26061.39453125        44296.19531250         5038.99414062 
        4948.49321337            0.50000000        25998.39453125        44329.19531250         5021.99414062 
        4949.03329982            0.50000000        25979.39453125        44232.19531250         4980.99414062 
        4949.49420959            0.50000000        25978.39453125        44363.19531250         4972.99414062 
        4950.00974691            0.50000000        25955.39453125        44399.19531250         4940.99414062 
        4950.45597990            0.50000000        25976.39453125        44436.19531250         4991.99414062 
        4951.03125459            0.50000000        26122.39453125        44712.19531250         5049.99414062 
        4951.50249377            0.50000000        25986.39453125        44575.19531250         4997.99414062 
        4952.09788366            0.50000000        26048.39453125        44610.19531250         5018.99414062 
        4952.49489735            0.50000000        26072.39453125        44772.19531250         5011.99414062 
        4953.04090498            0.50000000        26035.39453125        44729.19531250         5021.99414062 
        4953.50263245            0.50000000        26107.39453125        44896.19531250         4998.99414062 
        4954.01908448            0.50000000        25987.39453125        44841.19531250         5012.99414062 
        4954.46114186            0.50000000        25984.39453125        44799.19531250         4988.99414062 
        4955.03743618            0.50000000        26080.39453125        45049.19531250         5011.99414062 
        4955.50951068            0.50000000        25845.39453125        44796.19531250         4956.99414062 
        4956.09104303            0.50000000        26022.39453125        45062.19531250         5004.99414062 
        4956.50864558            0.50000000        25828.39453125        44837.19531250         4982.99414062 
        4957.06059569            0.50000000        25922.39453125        44999.19531250         4960.99414062 
        4957.50822159            0.50000000        25964.39453125        45103.19531250         4974.99414062 
        4958.04548949            0.50000000        25964.39453125        45211.19531250         4998.99414062 
        4958.46842887            0.50000000        25911.39453125        45144.19531250         4963.99414062 
        4959.04076670            0.50000000        25942.39453125        45248.19531250         4946.99414062 
        4959.51367660            0.50000000        25855.39453125        45127.19531250         4945.99414062 
        4960.09623814            0.50000000        25890.39453125        45301.19531250         4937.99414062 
        4960.50959913            0.50000000        25851.39453125        45253.19531250         4936.99414062 
        4961.05256124            0.50000000        26048.39453125        45593.19531250         5005.99414062 
        4961.50595952            0.50000000        25694.39453125        45110.19531250         4869.99414062 
        4962.03420815            0.50000000        26005.39453125        45593.19531250         4923.99414062 
        4962.45789269            0.50000000        25722.39453125        45239.19531250         4856.99414062 
        4963.03622526            0.50000000        25996.39453125        45686.19531250         4906.99414062 
        4963.50996957            0.50000000        25714.39453125        45292.19531250         4816.99414062 
        4964.11351354            0.50000000        25863.39453125        45615.19531250         4815.99414062 
        4964.50266010            0.50000000        25729.39453125        45514.19531250         4734.99414062 
        4965.05157000            0.50000000        25827.39453125        45652.19531250         4622.99414062 
        4965.50077690            0.50000000        25670.39453125        45475.19531250         4344.99414062 
        4966.03994259            0.50000000        25838.39453125        45706.19531250         3795.99438477 
        4966.45438849            0.50000000        25724.39453125        45621.19531250         3024.99438477 
        4967.03873596            0.50000000        25814.39453125        45610.19531250         2644.99438477 
        4967.50332462            0.50000000        25657.39453125        45346.19531250         2792.99438477 
        4968.09793699            0.50000000        25776.39453125        45395.19531250         3181.99438477 
        4968.49276568            0.50000000        25645.39453125        45215.19531250         3272.99438477 
        4969.03764204            0.50000000        25795.39453125        45093.19531250         3264.99438477 
        4969.48763851            0.50000000        25635.39453125        44803.19531250         3094.99438477 
        4970.02775200            0.50000000        25744.39453125        44625.19531250         2989.99438477 
        4970.43792395            0.50000000        25616.39453125        44368.19531250         2822.99438477 
        4971.02830139            0.50000000        25755.39453125        44480.19531250         2763.99438477 
        4971.48870211            0.50000000        25580.39453125        44384.19531250         2676.99438477 
        4972.08936502            0.50000000        25653.39453125        44650.19531250         2690.99438477 
        4972.47988107            0.50000000        25681.39453125        44881.19531250         2624.99438477 
        4973.03072288            0.50000000        25827.39453125        45102.19531250         2553.99438477 
        4973.48151094            0.50000000        25727.39453125        44797.19531250         2419.99438477 
        4974.01756418            0.50000000        25770.39453125        44561.19531250         2345.99438477 
        4974.43346825            0.50000000        25649.39453125        43749.19531250         2194.99438477 
        4975.02488452            0.50000000        25710.39453125        42893.19531250         2044.99438477 
        4975.48609545            0.50000000        25629.39453125        41872.19531250         1950.99438477 
        4976.08280052            0.50000000        25849.39453125        41221.19531250         1891.99438477 
        4976.47400307            0.50000000        25565.39453125        40269.19531250         1745.99438477 
        4977.02581332            0.50000000        25842.39453125        40143.19531250         1739.99438477 
        4977.48241205            0.50000000        25604.39453125        39375.19531250         1623.99438477 
        4978.00937062            0.50000000        25763.39453125        39221.19531250         1604.99438477 
        4978.42098503            0.50000000        25532.39453125        38581.19531250         1526.99438477 
        4979.00841742            0.50000000        25764.39453125        38698.19531250         1521.99438477 
        4979.48048149            0.50000000        25551.39453125        38178.19531250         1442.99438477 
        4980.07321115            0.50000000        25637.39453125        37919.19531250         1432.99438477 
        4980.47012488            0.50000000        25472.39453125        37425.19531250         1371.99438477 
        4981.02290481            0.50000000        25520.39453125        36977.19531250         1333.99438477 
        4981.48030601            0.50000000        25596.39453125        36488.19531250         1323.99438477 
        4982.00819077            0.50000000        25496.39453125        35580.19531250         1296.99438477 
        4982.42052871            0.50000000        25560.39453125        34877.19531250         1273.99438477 
        4983.00396353            0.50000000        25591.39453125        33653.19531250         1254.99438477 
        4983.47685652            0.50000000        25454.39453125        32390.19335937         1203.99438477 
        4984.05049674            0.50000000        25491.39453125        31056.19335937         1213.99438477 
        4984.46823792            0.50000000        25481.39453125        29959.19335937         1194.99438477 
        4985.01191939            0.50000000        25449.39453125        28863.19335937         1178.99438477 
        4985.47515775            0.50000000        25456.39453125        28099.19335937         1164.99438477 
        4985.98885815            0.50000000        25334.39453125        27319.19335937         1123.99438477 
        4986.43214366            0.50000000        25486.39453125        27146.19335937         1142.99438477 
        4987.00148895            0.50000000        25353.39453125        26686.19335937         1162.99438477 
        4987.47521192            0.50000000        25389.39453125        26649.19335937         1131.99438477 
        4988.05994187            0.50000000        25457.39453125        26790.19335937         1158.99438477 
        4988.47337588            0.50000000        25266.39453125        26873.19335937         1155.99438477 
        4989.00792601            0.50000000        25375.39453125        27380.19335937         1165.99438477 
        4989.47197671            0.50000000        25215.39453125        27662.19335937         1157.99438477 
        4989.97648668            0.50000000        25192.39453125        28221.19335937         1147.99438477 
        4990.42559437            0.50000000        25228.39453125        28827.19335937         1155.99438477 
        4990.99593709            0.50000000        25216.39453125        29454.19335937         1168.99438477 
        4991.47049005            0.50000000        25143.39453125        29986.19335937         1193.99438477 
        4992.03604366            0.50000000        25209.39453125        30652.19335937         1151.99438477 
        4992.47545431            0.50000000        25098.39453125        30836.19335937         1166.99438477 
        4993.00083776            0.50000000        25070.39453125        31206.19335937         1180.99438477 
        4993.47075418            0.50000000        25173.39453125        31481.19335937         1204.99438477 
        4993.95593060            0.50000000        25060.39453125        31530.19335937         1179.99438477 
        4994.43615456            0.50000000        25075.39453125        31613.19335937         1166.99438477 
        4994.98221599            0.50000000        25186.39453125        31754.19335937         1184.99438477 
        4995.46265570            0.50000000        25078.39453125        31571.19335937         1170.99438477 
        4996.01908050            0.50000000        24944.39453125        31283.19335937         1134.99438477 
        4996.48961808            0.50000000        25111.39453125        31340.19335937         1172.99438477 
        4996.99061936            0.50000000        25113.39453125        31127.19335937         1127.99438477 
        4997.47148141            0.50000000        24921.39453125        30646.19335937         1119.99438477 
        4997.93725475            0.50000000        25036.39453125        30558.19335937         1143.99438477 
        4998.45883096            0.50000000        24921.39453125        30137.19335937         1085.99438477 
        4998.97039500            0.50000000        24828.39453125        29806.19335937         1058.99438477 
        4999.46180681            0.50000000        25059.39453125        29841.19335937         1083.99438477 
        5000.00906995            0.50000000        25043.39453125        29640.19335937         1058.99438477 
        5000.49563599            0.50000000        24957.39453125        29551.19335937         1049.99438477 
        5000.98230551            0.50000000        24876.39453125        29362.19335937         1009.99432373 
        5001.48429187            0.50000000        25075.39453125        29612.19335937         1040.99438477 
        5001.94073867            0.50000000        24980.39453125        29707.19335937         1055.99438477 
        5002.46322838            0.50000000        24926.39453125        29715.19335937         1011.99432373 
        5002.94016775            0.50000000        24832.39453125        29830.19335937         1025.99438477 
        5003.47303666            0.50000000        24953.39453125        30303.19335937         1039.99438477 
        5003.99079951            0.50000000        24710.39453125        30233.19335937         1015.99432373 
        5004.51375728            0.50000000        24778.39453125        30675.19335937         1000.99432373 
        5004.96065075            0.50000000        24706.39453125        30861.19335937          992.99432373 
        5005.47875003            0.50000000        24877.39453125        31494.19335937         1034.99438477 
        5005.92583181            0.50000000        24643.39453125        31587.19335937         1036.99438477 
        5007.60825050            0.50000000        24658.39453125        32807.19531250         1059.99438477 
        5009.40385331            0.50000000        24661.39453125        33736.19531250         1085.99438477 
        5011.20086323            0.50000000        24402.39453125        33910.19531250         1117.99438477 
        5013.02476533            0.50000000        24362.39453125        34075.19531250         1116.99438477 
        5014.83991647            0.50000000        24248.39453125        33848.19531250         1091.99438477 
        5016.80965250            0.50000000        24247.39453125        33824.19531250         1132.99438477 
        5018.75553150            0.50000000        24098.39453125        33828.19531250         1108.99438477 
        5020.79510940            0.50000000        24074.39453125        34205.19531250         1096.99438477 
        5022.78531325            0.50000000        24034.39453125        34591.19531250         1107.99438477 
        5024.87457660            0.50000000        23861.39453125        34730.19531250         1118.99438477 
        5026.91958908            0.50000000        23830.39453125        34813.19531250         1089.99438477 
        5029.06393276            0.50000000        23642.39453125        34548.19531250         1078.99438477 
        5031.20513692            0.50000000        23697.39453125        34543.19531250         1070.99438477 
        5033.47174186            0.50000000        23714.39453125        34461.19531250         1041.99438477 
        5035.74572380            0.50000000        23577.39453125        33826.19531250          992.99432373 
        5038.01679641            0.50000000        23506.39453125        33330.19531250          939.99432373 
        5040.27463287            0.50000000        23268.39453125        32899.19531250          912.99432373 
        5042.65858025            0.50000000        23348.39453125        33045.19531250          901.99432373 
        5045.12251101            0.50000000        23093.39453125        33085.19531250          897.99432373 
        5047.45972967            0.50000000        23065.39453125        33438.19531250          919.99432373 
        5049.99093051            0.50000000        23065.39453125        33667.19531250          923.99432373 
        5052.44194646            0.50000000        22716.39453125        33330.19531250          928.99432373 
        5054.96303029            0.50000000        22680.39453125        33574.19531250          930.99432373 
        5057.58558288            0.50000000        22506.39453125        33586.19531250          957.99432373 
        5060.17469022            0.50000000        22465.39453125        33948.19531250          961.99432373 
        5062.79793550            0.50000000        22308.39453125        34069.19531250          988.99432373 
        5065.57013484            0.50000000        22187.39453125        34179.19531250          997.99432373 
        5068.27778288            0.50000000        22084.39453125        34284.19531250         1012.99432373 
        5071.08788666            0.50000000        21690.39453125        34008.19531250          992.99432373 
        5073.97464726            0.50000000        21876.39453125        34695.19531250         1011.99432373 
        5076.79688009            0.50000000        21652.39453125        34724.19531250          993.99432373 
        5079.68548317            0.50000000        21238.39453125        34344.19531250          944.99432373 
        5082.72998888            0.50000000        21290.39453125        34799.19531250          933.99432373 
        5085.74165636            0.50000000        21135.39453125        34925.19531250          897.99432373 
        5088.72561655            0.50000000        21262.39453125        35425.19531250          843.99432373 
        5091.85576252            0.50000000        21016.39453125        35310.19531250          842.99432373 
        5094.98482391            0.50000000        20810.39453125        35230.19531250          812.99432373 
        5098.08635157            0.50000000        20809.39453125        35599.19531250          861.99432373 
        5101.25552379            0.50000000        20546.39453125        35655.19531250          884.99432373 
        5104.52971864            0.50000000        20408.39453125        35764.19531250          943.99432373 
        5107.80318169            0.50000000        20269.39453125        35838.19531250          946.99432373 
        5111.09184973            0.50000000        20309.39453125        36234.19531250          958.99432373 
        5114.42239730            0.50000000        20123.39453125        36132.19531250          956.99432373 
        5117.79499250            0.50000000        19799.39453125        35795.19531250          945.99432373 
        5121.19378736            0.50000000        19529.39453125        35567.19531250          941.99432373 
        5124.62423191            0.50000000        19420.39453125        35697.19531250          962.99432373 
        5128.09716373            0.50000000        19576.39453125        36293.19531250          984.99432373 
        5131.62348564            0.50000000        19221.39453125        35988.19531250          984.99432373 
        5135.14971302            0.50000000        19015.39453125        35957.19531250          972.99432373 
        5138.72962582            0.50000000        18869.39453125        36070.19531250          955.99432373 
        5142.42810781            0.50000000        18763.39453125        36208.19531250          953.99432373 
        5145.99208379            0.50000000        18271.39453125        35746.19531250          922.99432373 
        5149.70734415            0.50000000        18221.39453125        36020.19531250          895.99432373 
        5153.43385059            0.50000000        18129.39453125        36251.19531250          904.99432373 
        5157.18248472            0.50000000        17861.39453125        36195.19531250          930.99432373 
        5161.05107909            0.50000000        17720.39453125        36432.19531250          933.99432373 
        5164.86615295            0.50000000        17376.39453125        36218.19531250          929.99432373 
        5168.74728178            0.50000000        17236.39453125        36470.19531250          957.99432373 
        5172.70568737            0.50000000        16969.39453125        36470.19531250          981.99432373 
        5176.55043219            0.50000000        16654.39453125        36269.19531250          986.99432373 
        5180.56015224            0.50000000        13766.39355469        30515.19335937          878.99432373 
        5184.55468336            0.50000000        16637.39453125        36985.19531250         1020.99432373 
        5188.54491822            0.50000000        16323.39355469        36921.19531250         1025.99438477 
        5192.71240326            0.50000000        15868.39355469        36318.19531250         1016.99432373 
        5196.83754631            0.50000000        15512.39355469        35906.19531250         1021.99432373 
        5200.95323931            0.50000000        15187.39355469        35590.19531250          987.99432373 
        5205.14791567            0.50000000        14822.39355469        35278.19531250          987.99432373 
        5208.92884851            0.50000000        14265.39355469        34366.19531250          961.99432373 
