# 1-D Scan File created by LabVIEW Control Panel  12/6/2011  3:01:59 AM; Scan time 0 hrs 4 min 28 sec. 
#
# Beamline 20 BM
#
# Scan config: 
#                 E0: 4966.00 eV   223 points
#        Scan bounds:  -100.00 -30.00 40.00 243.35 (7.99 (k))
#       Scan step(s):  5.00 0.50 0.07
#  Integration times:  0.50 0.50 0.50    kwgt in EXAFS region: 0.0 
#
# User Comment:
# 50oC
#
#
# Amplifier Sensitivities:
# Preslit: 20 nA/V  I0: 20 nA/V  I: 100 pA/V  IREF: 50 pA/V  
#
# Analog Input Voltages at start/end of scan:
# Preslit: 0.032/0.030  I0: 0.449/0.228  Ignore: 0.011/0.006  I: 0.771/0.509  IREF: 0.219/0.136  
#
# Mono Info:
# 
#
# ID Info:
# 
#
# Slit Info:
# Kappa S1:  Center is at -542 (H), 500 (V)   Size is 8000 wide x 2000 high
# Vacuum Slits:  Center is at 850 (H), -25 (V)   Size is 899 wide x 1000 high
#
# Motor Positions:
# SMV (20bm:m29): -37594.243125 SMH (20bm:m30): 4802.187500 
#
# Detector Names/PVs:
# I0/20bm:scaler1_netA.C  I/20bm:scaler1_netA.E  IREF/20bm:scaler1_netA.F  
#
# Positioner names/Drive PVs/Readback PVs:
# Mono Energy */20bm:monoE.VAL/20bm:EnctoE.VAL  Scaler preset time */20bm:scaler1.TP/  
# Here is a readable list of column headings:
#  1) Mono Energy *        
#  2) Scaler preset time * 
#  3) I0                   
#  4) I                    
#  5) IREF                 
#
# Column Headings:
#Mono Energy *        Scaler preset time * I0                   I                    IREF                 
        4865.39136160            0.50000000        17424.39453125        33516.19531250         4694.99414062 
        4870.45719986            0.50000000        17218.39453125        33347.19531250         4602.99414062 
        4875.46750590            0.50000000        17101.39453125        33421.19531250         4524.99414062 
        4880.54682416            0.50000000        16926.39453125        33392.19531250         4421.99414062 
        4885.59442313            0.50000000        16753.39453125        33369.19531250         4301.99414062 
        4890.58107683            0.50000000        16654.39453125        33496.19531250         4282.99414062 
        4895.66602039            0.50000000        16565.39453125        33630.19531250         4244.99414062 
        4900.77228306            0.50000000        16457.39453125        33777.19531250         4181.99414062 
        4905.80274538            0.50000000        16297.39355469        33634.19531250         4132.99414062 
        4910.81044561            0.50000000        16205.39355469        33927.19531250         4067.99438477 
        4915.82448876            0.50000000        15922.39355469        33671.19531250         3994.99438477 
        4920.84977234            0.50000000        15949.39355469        34093.19531250         3953.99438477 
        4925.88633288            0.50000000        15820.39355469        34242.19531250         3984.99438477 
        4930.89488023            0.50000000        15706.39355469        34368.19531250         3920.99438477 
        4935.96879711            0.50000000        15594.39355469        34442.19531250         3896.99438477 
        4936.48125336            0.50000000        15654.39355469        34827.19531250         3943.99438477 
        4936.94453528            0.50000000        15709.39355469        34894.19531250         3945.99438477 
        4937.44242310            0.50000000        15696.39355469        34936.19531250         3970.99438477 
        4937.92562734            0.50000000        15577.39355469        34778.19531250         3916.99438477 
        4938.43359654            0.50000000        15681.39355469        34917.19531250         3915.99438477 
        4938.94661366            0.50000000        15623.39355469        34772.19531250         3916.99438477 
        4939.44494397            0.50000000        15591.39355469        34917.19531250         3926.99438477 
        4939.98780527            0.50000000        15544.39355469        34704.19531250         3912.99438477 
        4940.47155546            0.50000000        15586.39355469        34880.19531250         3916.99438477 
        4940.97516077            0.50000000        15534.39355469        34903.19531250         3925.99438477 
        4941.44924499            0.50000000        15421.39355469        34657.19531250         3877.99438477 
        4941.94318868            0.50000000        15484.39355469        34866.19531250         3905.99438477 
        4942.43229949            0.50000000        15603.39355469        35129.19531250         3939.99438477 
        4942.97588032            0.50000000        15455.39355469        34856.19531250         3893.99438477 
        4943.46027175            0.50000000        15452.39355469        34871.19531250         3887.99438477 
        4944.02387833            0.50000000        15495.39355469        34994.19531250         3924.99438477 
        4944.46893032            0.50000000        15395.39355469        34872.19531250         3847.99438477 
        4945.00310856            0.50000000        15401.39355469        34888.19531250         3865.99438477 
        4945.46319667            0.50000000        15299.39355469        34769.19531250         3813.99438477 
        4945.96296847            0.50000000        15301.39355469        34746.19531250         3844.99438477 
        4946.43315182            0.50000000        15381.39355469        34824.19531250         3851.99438477 
        4946.99255003            0.50000000        15362.39355469        34968.19531250         3856.99438477 
        4947.48275614            0.50000000        15372.39355469        34973.19531250         3888.99438477 
        4948.05232107            0.50000000        15402.39355469        35135.19531250         3878.99438477 
        4948.47339614            0.50000000        15313.39355469        35061.19531250         3919.99438477 
        4949.01843333            0.50000000        15236.39355469        34927.19531250         3856.99438477 
        4949.47438357            0.50000000        15306.39355469        35112.19531250         3871.99438477 
        4949.98991638            0.50000000        15201.39355469        34939.19531250         3850.99438477 
        4950.44110404            0.50000000        15254.39355469        35063.19531250         3880.99438477 
        4951.01637495            0.50000000        15421.39355469        35476.19531250         3910.99438477 
        4951.48761103            0.50000000        15266.39355469        35192.19531250         3880.99438477 
        4952.07307262            0.50000000        15327.39355469        35285.19531250         3870.99438477 
        4952.48000808            0.50000000        15313.39355469        35317.19531250         3907.99438477 
        4953.02601211            0.50000000        15300.39355469        35285.19531250         3881.99438477 
        4953.48773654            0.50000000        15329.39355469        35435.19531250         3885.99438477 
        4953.99921876            0.50000000        15237.39355469        35272.19531250         3873.99438477 
        4954.44127225            0.50000000        15250.39355469        35340.19531250         3838.99438477 
        4955.01756152            0.50000000        15308.39355469        35537.19531250         3870.99438477 
        4955.48963188            0.50000000        15177.39355469        35264.19531250         3833.99438477 
        4956.07613008            0.50000000        15270.39355469        35551.19531250         3850.99438477 
        4956.48875800            0.50000000        15084.39355469        35189.19531250         3825.99438477 
        4957.04070326            0.50000000        15160.39355469        35359.19531250         3870.99438477 
        4957.49329930            0.50000000        15184.39355469        35373.19531250         3820.99438477 
        4958.02061316            0.50000000        15178.39355469        35489.19531250         3868.99438477 
        4958.44852407            0.50000000        15140.39355469        35408.19531250         3818.99438477 
        4959.02085687            0.50000000        15185.39355469        35611.19531250         3869.99438477 
        4959.48878414            0.50000000        15107.39355469        35431.19531250         3807.99438477 
        4960.07631904            0.50000000        15175.39355469        35673.19531250         3836.99438477 
        4960.48469573            0.50000000        15081.39355469        35442.19531250         3803.99438477 
        4961.02765187            0.50000000        15285.39355469        35918.19531250         3857.99438477 
        4961.48104517            0.50000000        15029.39355469        35434.19531250         3789.99438477 
        4962.01427201            0.50000000        15234.39355469        35867.19531250         3833.99438477 
        4962.43795282            0.50000000        15025.39355469        35501.19531250         3766.99438477 
        4963.02126652            0.50000000        15239.39355469        35927.19531250         3790.99438477 
        4963.49002044            0.50000000        15005.39355469        35505.19531250         3682.99438477 
        4964.08857053            0.50000000        15069.39355469        35616.19531250         3711.99438477 
        4964.47771280            0.50000000        14975.39355469        35582.19531250         3622.99438477 
        4965.03160731            0.50000000        15033.39355469        35651.19531250         3556.99438477 
        4965.47581862            0.50000000        14985.39355469        35695.19531250         3369.99438477 
        4966.01997121            0.50000000        15088.39355469        35828.19531250         2959.99438477 
        4966.42941972            0.50000000        14992.39355469        35691.19531250         2362.99438477 
        4967.01875579            0.50000000        15070.39355469        35733.19531250         2022.99438477 
        4967.47834432            0.50000000        14894.39355469        35467.19531250         2129.99438477 
        4968.07794749            0.50000000        14946.39355469        35411.19531250         2408.99438477 
        4968.46777448            0.50000000        14894.39355469        35300.19531250         2507.99438477 
        4969.02264369            0.50000000        14978.39355469        35193.19531250         2506.99438477 
        4969.46763678            0.50000000        14897.39355469        35028.19531250         2375.99438477 
        4970.01274711            0.50000000        14969.39355469        34937.19531250         2284.99438477 
        4970.42291635            0.50000000        14927.39355469        34744.19531250         2186.99438477 
        4971.01328989            0.50000000        14950.39355469        34548.19531250         2085.99438477 
        4971.47368758            0.50000000        14862.39355469        34564.19531250         2054.99438477 
        4972.07434652            0.50000000        14913.39355469        34754.19531250         2043.99438477 
        4972.45985297            0.50000000        14868.39355469        34882.19531250         2022.99438477 
        4973.01569815            0.50000000        14910.39355469        34961.19531250         1956.99438477 
        4973.46648323            0.50000000        14833.39355469        34859.19531250         1834.99438477 
        4974.00253293            0.50000000        14903.39355469        34580.19531250         1745.99438477 
        4974.41342293            0.50000000        14825.39355469        34129.19531250         1663.99438477 
        4975.01485923            0.50000000        14830.39355469        33318.19531250         1564.99438477 
        4975.47105449            0.50000000        14770.39355469        32694.19335937         1482.99438477 
        4976.06775561            0.50000000        14942.39355469        32200.19335937         1415.99438477 
        4976.45895557            0.50000000        14705.39355469        31315.19335937         1333.99438477 
        4977.00574514            0.50000000        14907.39355469        31287.19335937         1282.99438477 
        4977.46233985            0.50000000        14696.39355469        30562.19335937         1230.99438477 
        4977.99933217            0.50000000        14885.39355469        30638.19335937         1207.99438477 
        4978.41094477            0.50000000        14689.39355469        29996.19335937         1137.99438477 
        4979.00339599            0.50000000        14757.39355469        29915.19335937         1100.99438477 
        4979.47043656            0.50000000        14720.39355469        29645.19335937         1078.99438477 
        4980.06316360            0.50000000        14829.39355469        29574.19335937         1052.99438477 
        4980.46007558            0.50000000        14696.39355469        29107.19335937         1031.99438477 
        4981.01787894            0.50000000        14685.39355469        28664.19335937         1007.99432373 
        4981.47025225            0.50000000        14735.39355469        28303.19335937          994.99432373 
        4981.99813468            0.50000000        14663.39355469        27595.19335937          957.99432373 
        4982.41047080            0.50000000        14692.39355469        27044.19335937          943.99432373 
        4982.99390305            0.50000000        14689.39355469        26109.19335937          946.99432373 
        4983.46679395            0.50000000        14578.39355469        25124.19335937          915.99432373 
        4984.04043163            0.50000000        14639.39355469        24212.19335937          879.99432373 
        4984.45817096            0.50000000        14597.39355469        23332.19335937          867.99432373 
        4985.00185004            0.50000000        14596.39355469        22570.19335937          865.99432373 
        4985.46005067            0.50000000        14619.39355469        22033.19335937          847.99432373 
        4985.97878448            0.50000000        14514.39355469        21331.19335937          854.99432373 
        4986.41703024            0.50000000        14618.39355469        21206.19335937          871.99432373 
        4986.99141081            0.50000000        14515.39355469        20791.19335937          845.99432373 
        4987.46009158            0.50000000        14517.39355469        20721.19335937          838.99432373 
        4988.04481765            0.50000000        14542.39355469        20782.19335937          865.99432373 
        4988.45824893            0.50000000        14450.39355469        20787.19335937          842.99432373 
        4988.99279551            0.50000000        14525.39355469        21120.19335937          849.99432373 
        4989.45684313            0.50000000        14379.39355469        21244.19335937          849.99432373 
        4989.96134976            0.50000000        14386.39355469        21633.19335937          848.99432373 
        4990.41550109            0.50000000        14378.39355469        22070.19335937          853.99432373 
        4990.98079340            0.50000000        14396.39355469        22535.19335937          885.99432373 
        4991.45534322            0.50000000        14294.39355469        22827.19335937          867.99432373 
        4992.01079275            0.50000000        14343.39355469        23420.19335937          872.99432373 
        4992.45019853            0.50000000        14312.39355469        23643.19335937          887.99432373 
        4992.98062847            0.50000000        14253.39355469        23822.19335937          864.99432373 
        4993.45054073            0.50000000        14344.39355469        24176.19335937          881.99432373 
        4993.93065845            0.50000000        14204.39355469        24021.19335937          844.99432373 
        4994.42098805            0.50000000        14235.39355469        24136.19335937          877.99432373 
        4994.96198916            0.50000000        14344.39355469        24347.19335937          879.99432373 
        4995.44242462            0.50000000        14261.39355469        24192.19335937          877.99432373 
        4995.98872657            0.50000000        14143.39355469        23928.19335937          838.99432373 
        4996.46937791            0.50000000        14274.39355469        24012.19335937          858.99432373 
        4996.97037476            0.50000000        14261.39355469        23829.19335937          832.99432373 
        4997.44617036            0.50000000        14147.39355469        23501.19335937          828.99432373 
        4997.91700176            0.50000000        14177.39355469        23383.19335937          804.99432373 
        4998.43857335            0.50000000        14080.39355469        23007.19335937          809.99432373 
        4998.95013286            0.50000000        14041.39355469        22773.19335937          782.99432373 
        4999.44154032            0.50000000        14169.39355469        22753.19335937          775.99432373 
        4999.98879861            0.50000000        14168.39355469        22636.19335937          780.99432373 
        5000.48549814            0.50000000        14092.39355469        22444.19335937          760.99432373 
        5000.96709552            0.50000000        14063.39355469        22344.19335937          766.99432373 
        5001.46400746            0.50000000        14208.39355469        22558.19335937          761.99432373 
        5001.92552231            0.50000000        14118.39355469        22556.19335937          739.99432373 
        5002.44800855            0.50000000        14121.39355469        22668.19335937          746.99432373 
        5002.91479613            0.50000000        13991.39355469        22575.19335937          739.99432373 
        5003.45273462            0.50000000        14087.39355469        22986.19335937          743.99432373 
        5003.96541625            0.50000000        13870.39355469        22774.19335937          716.99432373 
        5004.49852381            0.50000000        13940.39355469        23173.19335937          729.99432373 
        5004.94033552            0.50000000        13829.39355469        23207.19335937          711.99432373 
        5005.45843021            0.50000000        14020.39355469        23751.19335937          739.99432373 
        5005.91058895            0.50000000        13924.39355469        23865.19335937          734.99432373 
        5007.58791178            0.50000000        13927.39355469        24850.19335937          745.99432373 
        5009.38858730            0.50000000        13882.39355469        25453.19335937          772.99432373 
        5011.19067790            0.50000000        13705.39355469        25584.19335937          788.99432373 
        5013.00947521            0.50000000        13602.39355469        25560.19335937          785.99432373 
        5014.81951354            0.50000000        13536.39355469        25387.19335937          805.99432373 
        5016.80454738            0.50000000        13521.39355469        25422.19335937          804.99432373 
        5018.74531260            0.50000000        13379.39355469        25326.19335937          816.99432373 
        5020.78488144            0.50000000        13344.39355469        25579.19335937          798.99432373 
        5022.77507644            0.50000000        13314.39355469        25808.19335937          809.99432373 
        5024.86945353            0.50000000        13141.39355469        25756.19335937          798.99432373 
        5026.90933386            0.50000000        13072.39355469        25706.19335937          779.99432373 
        5029.04853562            0.50000000        12896.39355469        25332.19335937          768.99432373 
        5031.18458834            0.50000000        12993.39355469        25494.19335937          767.99432373 
        5033.45631525            0.50000000        12902.39355469        25240.19335937          727.99432373 
        5035.72513472            0.50000000        12741.39355469        24655.19335937          667.99432373 
        5038.00133939            0.50000000        12741.39355469        24367.19335937          652.99432373 
        5040.24884603            0.50000000        12519.39355469        23910.19335937          631.99432373 
        5042.63792945            0.50000000        12517.39355469        23877.19335937          631.99432373 
        5045.10183820            0.50000000        12442.39355469        24043.19335937          619.99432373 
        5047.44420937            0.50000000        12332.39355469        24146.19335937          632.99432373 
        5049.97539323            0.50000000        12313.39355469        24259.19335937          637.99432373 
        5052.42639273            0.50000000        12029.39355469        23893.19335937          636.99432373 
        5054.94226943            0.50000000        12025.39355469        24084.19335937          653.99432373 
        5057.56999460            0.50000000        11846.39355469        23935.19335937          652.99432373 
        5060.15908454            0.50000000        11771.39355469        24042.19335937          650.99432373 
        5062.79272772            0.50000000        11655.39355469        24067.19335937          660.99432373 
        5065.55970684            0.50000000        11620.39355469        24138.19335937          662.99432373 
        5068.25168259            0.50000000        11467.39355469        24081.19335937          670.99432373 
        5071.06698117            0.50000000        11154.39355469        23713.19335937          649.99432373 
        5073.96418151            0.50000000        11254.39355469        24107.19335937          672.99432373 
        5076.78116247            0.50000000        11084.39355469        24045.19335937          642.99432373 
        5079.66974605            0.50000000        10776.39355469        23653.19335937          623.99432373 
        5082.70897868            0.50000000        10770.39355469        23908.19335937          582.99432373 
        5085.72587834            0.50000000        10556.39355469        23719.19335937          574.99432373 
        5088.70981837            0.50000000        10632.39355469        24016.19335937          560.99432373 
        5091.83467007            0.50000000        10389.39355469        23719.19335937          521.99432373 
        5094.96370323            0.50000000        10203.39355469        23535.19335937          522.99432373 
        5098.05991575            0.50000000        10136.39355469        23518.19335937          539.99432373 
        5101.23964079            0.50000000         9982.39355469        23532.19335937          562.99432373 
        5104.50851173            0.50000000         9831.39355469        23582.19335937          607.99432373 
        5107.78194517            0.50000000         9682.39355469        23386.19335937          603.99432373 
        5111.05995038            0.50000000         9694.39355469        23575.19335937          602.99432373 
        5114.39577678            0.50000000         9592.39355469        23446.19335937          601.99432373 
        5117.76833377            0.50000000         9399.39355469        23258.19335937          602.99432373 
        5121.17242953            0.50000000         9188.39355469        22904.19335937          593.99432373 
        5124.60284295            0.50000000         9080.39355469        22771.19335937          605.99432373 
        5128.07574324            0.50000000         9177.39355469        23252.19335937          599.99432373 
        5131.60203310            0.50000000         8912.39355469        22776.19335937          625.99432373 
        5135.13359955            0.50000000         8871.39355469        22974.19335937          614.99432373 
        5138.71348792            0.50000000         8685.39355469        22791.19335937          606.99432373 
        5142.41733236            0.50000000         8668.39355469        22913.19335937          586.99432373 
        5145.98668794            0.50000000         8257.39355469        22215.19335937          565.99432373 
        5149.69653553            0.50000000         8194.39355469        22333.19335937          562.99432373 
        5153.42843777            0.50000000         8115.39404297        22094.19335937          551.99432373 
        5157.17706334            0.50000000         7979.39404297        22165.19335937          555.99432373 
        5161.04564888            0.50000000         7877.39404297        22231.19335937          572.99432373 
        5164.84983618            0.50000000         7636.39404297        21940.19335937          548.99432373 
        5168.74728178            0.50000000         7543.39404297        22040.19335937          576.99432373 
        5172.70023049            0.50000000         7328.39404297        21476.19335937          577.99432373 
        5176.53950083            0.50000000         7139.39404297        21283.19335937          568.99432373 
        5180.55467736            0.50000000         5790.39404297        17545.19335937          492.99432373 
        5184.54371529            0.50000000         6991.39404297        21331.19335937          600.99432373 
        5188.53942501            0.50000000         6789.39404297        21126.19335937          591.99432373 
        5192.70690048            0.50000000         6583.39404297        20671.19335937          587.99432373 
        5196.83203404            0.50000000         6344.39404297        20124.19335937          576.99432373 
        5200.94219583            0.50000000         6164.39404297        19788.19335937          546.99432373 
        5205.14791567            0.50000000         5941.39404297        19300.19335937          551.99432373 
        5208.92884851            0.50000000         5601.39404297        18270.19335937          499.99432373 
