# 1-D Scan File created by LabVIEW Control Panel  12/5/2011  10:05:45 PM; Scan time 0 hrs 4 min 28 sec. 
#
# Beamline 20 BM
#
# Scan config: 
#                 E0: 4966.00 eV   223 points
#        Scan bounds:  -100.00 -30.00 40.00 243.35 (7.99 (k))
#       Scan step(s):  5.00 0.50 0.07
#  Integration times:  0.50 0.50 0.50    kwgt in EXAFS region: 0.0 
#
# User Comment:
# 50oC
#
#
# Amplifier Sensitivities:
# Preslit: 20 nA/V  I0: 20 nA/V  I: 100 pA/V  IREF: 50 pA/V  
#
# Analog Input Voltages at start/end of scan:
# Preslit: 0.036/0.031  I0: 0.856/0.676  Ignore: 0.023/0.018  I: 0.965/1.131  IREF: 0.250/0.154  
#
# Mono Info:
# 
#
# ID Info:
# 
#
# Slit Info:
# Kappa S1:  Center is at -542 (H), 500 (V)   Size is 8000 wide x 2000 high
# Vacuum Slits:  Center is at 850 (H), -25 (V)   Size is 899 wide x 1000 high
#
# Motor Positions:
# SMV (20bm:m29): -37594.243125 SMH (20bm:m30): 4802.187500 
#
# Detector Names/PVs:
# I0/20bm:scaler1_netA.C  I/20bm:scaler1_netA.E  IREF/20bm:scaler1_netA.F  
#
# Positioner names/Drive PVs/Readback PVs:
# Mono Energy */20bm:monoE.VAL/20bm:EnctoE.VAL  Scaler preset time */20bm:scaler1.TP/  
# Here is a readable list of column headings:
#  1) Mono Energy *        
#  2) Scaler preset time * 
#  3) I0                   
#  4) I                    
#  5) IREF                 
#
# Column Headings:
#Mono Energy *        Scaler preset time * I0                   I                    IREF                 
        4865.41045621            0.50000000        37819.39453125        43181.19531250         6276.99414062 
        4870.47155359            0.50000000        37725.39453125        43442.19531250         6296.99414062 
        4875.48668751            0.50000000        37772.39453125        43892.19531250         6241.99414062 
        4880.56604969            0.50000000        37685.39453125        44201.19531250         6133.99414062 
        4885.61369235            0.50000000        37489.39453125        44335.19531250         5991.99414062 
        4890.60521739            0.50000000        37541.39453125        44814.19531250         6023.99414062 
        4895.69021608            0.50000000        37483.39453125        45167.19531250         5951.99414062 
        4900.80623469            0.50000000        37437.39453125        45640.19531250         5928.99414062 
        4905.83191233            0.50000000        37313.39453125        45925.19531250         5879.99414062 
        4910.84942210            0.50000000        37412.39453125        46459.19531250         5905.99414062 
        4915.86843561            0.50000000        36969.39453125        46491.19531250         5727.99414062 
        4920.89871174            0.50000000        37145.39453125        47227.19531250         5742.99414062 
        4925.92557222            0.50000000        37143.39453125        47779.19531250         5720.99414062 
        4930.94403889            0.50000000        37144.39453125        48367.19531250         5725.99414062 
        4936.00821268            0.50000000        37083.39453125        48805.19531250         5715.99414062 
        4936.51082170            0.50000000        37241.39453125        49135.19531250         5746.99414062 
        4936.98396793            0.50000000        37289.39453125        49249.19531250         5746.99414062 
        4937.48679468            0.50000000        37268.39453125        49238.19531250         5755.99414062 
        4937.97000844            0.50000000        37053.39453125        49084.19531250         5681.99414062 
        4938.47305525            0.50000000        37219.39453125        49330.19531250         5739.99414062 
        4938.99101486            0.50000000        37187.39453125        49326.19531250         5731.99414062 
        4939.49428959            0.50000000        37119.39453125        49370.19531250         5683.99414062 
        4940.04209859            0.50000000        37113.39453125        49398.19531250         5722.99414062 
        4940.51104985            0.50000000        37106.39453125        49372.19531250         5716.99414062 
        4941.02947787            0.50000000        37239.39453125        49689.19531250         5751.99414062 
        4941.49863449            0.50000000        37006.39453125        49464.19531250         5665.99414062 
        4941.99752909            0.50000000        37041.39453125        49531.19531250         5643.99414062 
        4942.46688710            0.50000000        37203.39453125        49786.19531250         5745.99414062 
        4943.01541858            0.50000000        37040.39453125        49660.19531250         5662.99414062 
        4943.50476189            0.50000000        37075.39453125        49721.19531250         5723.99414062 
        4944.06837958            0.50000000        37256.39453125        50034.19531250         5780.99414062 
        4944.50849475            0.50000000        37039.39453125        49771.19531250         5666.99414062 
        4945.04268235            0.50000000        37067.39453125        49898.19531250         5676.99414062 
        4945.51267409            0.50000000        36973.39453125        49858.19531250         5607.99414062 
        4946.01245684            0.50000000        37005.39453125        49954.19531250         5635.99414062 
        4946.47770058            0.50000000        37143.39453125        50236.19531250         5717.99414062 
        4947.03215869            0.50000000        37087.39453125        50286.19531250         5722.99414062 
        4947.52732561            0.50000000        37055.39453125        50254.19531250         5765.99414062 
        4948.10680872            0.50000000        37092.39453125        50330.19531250         5704.99414062 
        4948.52293955            0.50000000        37015.39453125        50344.19531250         5710.99414062 
        4949.05807752            0.50000000        37030.39453125        50419.19531250         5732.99414062 
        4949.52890552            0.50000000        37068.39453125        50519.19531250         5701.99414062 
        4950.04445076            0.50000000        36992.39453125        50548.19531250         5719.99414062 
        4950.48573189            0.50000000        37016.39453125        50528.19531250         5709.99414062 
        4951.05605420            0.50000000        37219.39453125        50882.19531250         5807.99414062 
        4951.53225954            0.50000000        37072.39453125        50795.19531250         5735.99414062 
        4952.12765727            0.50000000        37168.39453125        51003.19531250         5797.99414062 
        4952.52963936            0.50000000        37120.39453125        50917.19531250         5773.99414062 
        4953.07069101            0.50000000        37062.39453125        50926.19531250         5740.99414062 
        4953.53242455            0.50000000        37112.39453125        51134.19531250         5749.99414062 
        4954.04888338            0.50000000        37097.39453125        51080.19531250         5750.99414062 
        4954.48597910            0.50000000        37105.39453125        51191.19531250         5747.99414062 
        4955.05731102            0.50000000        37184.39453125        51363.19531250         5758.99414062 
        4955.53435944            0.50000000        36986.39453125        51179.19531250         5730.99414062 
        4956.12584030            0.50000000        37243.39453125        51625.19531250         5794.99414062 
        4956.53847728            0.50000000        36969.39453125        51302.19531250         5698.99414062 
        4957.08048829            0.50000000        37024.39453125        51412.19531250         5714.99414062 
        4957.53309229            0.50000000        37083.39453125        51569.19531250         5773.99414062 
        4958.07036609            0.50000000        37083.39453125        51555.19531250         5718.99414062 
        4958.49331012            0.50000000        36956.39453125        51492.19531250         5725.99414062 
        4959.06067670            0.50000000        36994.39453125        51647.19531250         5720.99414062 
        4959.54354790            0.50000000        36935.39453125        51604.19531250         5717.99414062 
        4960.12611713            0.50000000        37028.39453125        51836.19531250         5720.99414062 
        4960.53948357            0.50000000        36921.39453125        51702.19531250         5708.99414062 
        4961.07248893            0.50000000        37196.39453125        52119.19531250         5757.99414062 
        4961.53087414            0.50000000        36851.39453125        51730.19531250         5652.99414062 
        4962.06909683            0.50000000        37183.39453125        52229.19531250         5739.99414062 
        4962.48780283            0.50000000        36850.39453125        51844.19531250         5647.99414062 
        4963.06115670            0.50000000        37149.39453125        52304.19531250         5696.99414062 
        4963.53989358            0.50000000        36719.39453125        51787.19531250         5553.99414062 
        4964.13346815            0.50000000        36931.39453125        52139.19531250         5542.99414062 
        4964.52760767            0.50000000        36860.39453125        52133.19531250         5466.99414062 
        4965.06654213            0.50000000        36972.39453125        52292.19531250         5354.99414062 
        4965.52074371            0.50000000        36786.39453125        52109.19531250         5022.99414062 
        4966.06490707            0.50000000        36905.39453125        52231.19531250         4353.99414062 
        4966.47436369            0.50000000        36847.39453125        52231.19531250         3521.99438477 
        4967.05871631            0.50000000        36890.39453125        52188.19531250         3106.99438477 
        4967.52830520            0.50000000        36732.39453125        51983.19531250         3317.99438477 
        4968.12292411            0.50000000        36936.39453125        52089.19531250         3720.99438477 
        4968.51775714            0.50000000        36746.39453125        51839.19531250         3794.99438477 
        4969.06263950            0.50000000        36920.39453125        51668.19531250         3794.99438477 
        4969.51264093            0.50000000        36813.39453125        51376.19531250         3619.99438477 
        4970.05276036            0.50000000        36923.39453125        51311.19531250         3496.99438477 
        4970.46793944            0.50000000        36821.39453125        51060.19531250         3338.99438477 
        4971.05332077            0.50000000        36903.39453125        51012.19531250         3278.99438477 
        4971.51873149            0.50000000        36800.39453125        51200.19531250         3162.99438477 
        4972.11940234            0.50000000        36905.39453125        51513.19531250         3156.99438477 
        4972.50992354            0.50000000        36793.39453125        51500.19531250         3104.99438477 
        4973.06077263            0.50000000        36943.39453125        51678.19531250         3020.99438477 
        4973.51156665            0.50000000        36791.39453125        51373.19531250         2867.99438477 
        4974.05263749            0.50000000        36869.39453125        50932.19531250         2725.99438477 
        4974.46353655            0.50000000        36799.39453125        50185.19531250         2587.99438477 
        4975.05496064            0.50000000        36863.39453125        48959.19531250         2435.99438477 
        4975.51617768            0.50000000        36823.39453125        47956.19531250         2297.99438477 
        4976.10286056            0.50000000        37031.39453125        47013.19531250         2244.99438477 
        4976.50409836            0.50000000        36730.39453125        45957.19531250         2111.99438477 
        4977.05591591            0.50000000        37011.39453125        45777.19531250         2055.99438477 
        4977.51753883            0.50000000        36657.39453125        44880.19531250         1961.99438477 
        4978.04952484            0.50000000        36997.39453125        44840.19531250         1939.99438477 
        4978.46114652            0.50000000        36685.39453125        44190.19531250         1853.99438477 
        4979.04356776            0.50000000        36939.39453125        44227.19531250         1834.99438477 
        4979.52066168            0.50000000        36697.39453125        43659.19531250         1761.99438477 
        4980.10837793            0.50000000        36917.39453125        43588.19531250         1721.99438477 
        4980.50529779            0.50000000        36697.39453125        43039.19531250         1668.99438477 
        4981.05808626            0.50000000        36741.39453125        42472.19531250         1651.99438477 
        4981.51549452            0.50000000        36773.39453125        41890.19531250         1652.99438477 
        4982.04841558            0.50000000        36723.39453125        40914.19531250         1594.99438477 
        4982.45573175            0.50000000        36751.39453125        39858.19531250         1575.99438477 
        4983.03917559            0.50000000        36805.39453125        38448.19531250         1549.99438477 
        4983.50704451            0.50000000        36667.39453125        37012.19531250         1488.99438477 
        4984.09075762            0.50000000        36751.39453125        35468.19531250         1487.99438477 
        4984.50347260            0.50000000        36643.39453125        34035.19531250         1424.99438477 
        4985.03709297            0.50000000        36701.39453125        32830.19531250         1417.99438477 
        4985.50033645            0.50000000        36738.39453125        32053.19335937         1433.99438477 
        4986.02411635            0.50000000        36563.39453125        31222.19335937         1398.99438477 
        4986.45229505            0.50000000        36720.39453125        30900.19335937         1426.99438477 
        4987.03172365            0.50000000        36631.39453125        30552.19335937         1404.99438477 
        4987.50545290            0.50000000        36608.39453125        30470.19335937         1406.99438477 
        4988.10027359            0.50000000        36727.39453125        30787.19335937         1441.99438477 
        4988.50363009            0.50000000        36524.39453125        30888.19335937         1407.99438477 
        4989.03818731            0.50000000        36719.39453125        31625.19335937         1457.99438477 
        4989.50728878            0.50000000        36455.39453125        31958.19335937         1443.99438477 
        4990.01685230            0.50000000        36507.39453125        32748.19335937         1437.99438477 
        4990.45587447            0.50000000        36544.39453125        33490.19531250         1445.99438477 
        4991.02622475            0.50000000        36502.39453125        34209.19531250         1445.99438477 
        4991.50583305            0.50000000        36395.39453125        34781.19531250         1441.99438477 
        4992.07139542            0.50000000        36527.39453125        35580.19531250         1481.99438477 
        4992.49565913            0.50000000        36361.39453125        35807.19531250         1443.99438477 
        4993.03115203            0.50000000        36355.39453125        36166.19531250         1444.99438477 
        4993.50612814            0.50000000        36431.39453125        36445.19531250         1447.99438477 
        4993.99131208            0.50000000        36327.39453125        36534.19531250         1453.99438477 
        4994.45637673            0.50000000        36347.39453125        36647.19531250         1456.99438477 
        4995.00749977            0.50000000        36548.39453125        36777.19531250         1454.99438477 
        4995.48794479            0.50000000        36468.39453125        36676.19531250         1445.99438477 
        4996.05449394            0.50000000        36308.39453125        36305.19531250         1422.99438477 
        4996.51491854            0.50000000        36426.39453125        36284.19531250         1430.99438477 
        4997.02098661            0.50000000        36465.39453125        36086.19531250         1403.99438477 
        4997.50185504            0.50000000        36260.39453125        35657.19531250         1398.99438477 
        4997.96257124            0.50000000        36386.39453125        35470.19531250         1393.99438477 
        4998.47402428            0.50000000        36236.39453125        35003.19531250         1347.99438477 
        4998.99572293            0.50000000        36249.39453125        34718.19531250         1344.99438477 
        4999.48714017            0.50000000        36399.39453125        34602.19531250         1327.99438477 
        5000.02934147            0.50000000        36416.39453125        34485.19531250         1313.99438477 
        5000.51084284            0.50000000        36327.39453125        34285.19531250         1320.99438477 
        5000.99751560            0.50000000        36186.39453125        34142.19531250         1296.99438477 
        5001.49950530            0.50000000        36474.39453125        34490.19531250         1328.99438477 
        5001.96102730            0.50000000        36325.39453125        34538.19531250         1286.99438477 
        5002.47844831            0.50000000        36368.39453125        34722.19531250         1272.99438477 
        5002.96046524            0.50000000        36207.39453125        34804.19531250         1290.99438477 
        5003.49333888            0.50000000        36284.39453125        35197.19531250         1288.99438477 
        5004.00602960            0.50000000        36044.39453125        35336.19531250         1271.99438477 
        5004.52391298            0.50000000        36135.39453125        35891.19531250         1290.99438477 
        5004.97588730            0.50000000        36038.39453125        36144.19531250         1268.99438477 
        5005.49907004            0.50000000        36277.39453125        36856.19531250         1306.99438477 
        5005.94107478            0.50000000        36061.39453125        37034.19531250         1288.99438477 
        5007.62350465            0.50000000        36126.39453125        38564.19531250         1309.99438477 
        5009.42420814            0.50000000        36161.39453125        39708.19531250         1344.99438477 
        5011.22632674            0.50000000        35929.39453125        40135.19531250         1371.99438477 
        5013.05024909            0.50000000        35851.39453125        40275.19531250         1356.99438477 
        5014.86031958            0.50000000        35696.39453125        39984.19531250         1382.99438477 
        5016.83517831            0.50000000        35784.39453125        40030.19531250         1389.99438477 
        5018.77085992            0.50000000        35669.39453125        40138.19531250         1390.99438477 
        5020.81045143            0.50000000        35693.39453125        40699.19531250         1414.99438477 
        5022.80066856            0.50000000        35736.39453125        41306.19531250         1383.99438477 
        5024.88994585            0.50000000        35672.39453125        41660.19531250         1413.99438477 
        5026.93497200            0.50000000        35701.39453125        41867.19531250         1391.99438477 
        5029.07933001            0.50000000        35494.39453125        41588.19531250         1377.99438477 
        5031.22054848            0.50000000        35645.39453125        41684.19531250         1345.99438477 
        5033.48716857            0.50000000        35601.39453125        41454.19531250         1313.99438477 
        5035.76116572            0.50000000        35503.39453125        40820.19531250         1246.99438477 
        5038.02710115            0.50000000        35491.39453125        40375.19531250         1230.99438477 
        5040.28494769            0.50000000        35181.39453125        39820.19531250         1166.99438477 
        5042.67406846            0.50000000        35273.39453125        40123.19531250         1184.99438477 
        5045.13801574            0.50000000        35138.39453125        40377.19531250         1161.99438477 
        5047.47525008            0.50000000        35044.39453125        40643.19531250         1164.99438477 
        5050.00646790            0.50000000        35058.39453125        41046.19531250         1179.99438477 
        5052.44713106            0.50000000        34671.39453125        40777.19531250         1214.99438477 
        5054.97341079            0.50000000        34711.39453125        41152.19531250         1248.99438477 
        5057.60117126            0.50000000        34599.39453125        41371.19531250         1245.99438477 
        5060.18509407            0.50000000        34593.39453125        41856.19531250         1251.99438477 
        5062.80835111            0.50000000        34548.39453125        42270.19531250         1273.99438477 
        5065.58577693            0.50000000        34428.39453125        42521.19531250         1287.99438477 
        5068.29344319            0.50000000        34328.39453125        42697.19531250         1316.99438477 
        5071.09833948            0.50000000        33910.39453125        42507.19531250         1310.99438477 
        5073.99557888            0.50000000        34205.39453125        43453.19531250         1307.99438477 
        5076.81783709            0.50000000        33958.39453125        43509.19531250         1283.99438477 
        5079.70122039            0.50000000        33629.39453125        43482.19531250         1239.99438477 
        5082.74574666            0.50000000        33671.39453125        43972.19531250         1201.99438477 
        5085.76269388            0.50000000        33504.39453125        44241.19531250         1177.99438477 
        5088.74141484            0.50000000        33646.39453125        44868.19531250         1139.99438477 
        5091.87685515            0.50000000        33430.39453125        44882.19531250         1115.99438477 
        5095.00066454            0.50000000        33126.39453125        44813.19531250         1116.99438477 
        5098.10750044            0.50000000        33121.39453125        45279.19531250         1139.99438477 
        5101.28199570            0.50000000        32862.39453125        45381.19531250         1179.99438477 
        5104.55092574            0.50000000        32687.39453125        45681.19531250         1257.99438477 
        5107.81910920            0.50000000        32547.39453125        45920.19531250         1264.99438477 
        5111.10779956            0.50000000        32588.39453125        46303.19531250         1277.99438477 
        5114.43304560            0.50000000        32519.39453125        46594.19531250         1304.99438477 
        5117.81098788            0.50000000        32118.39453125        46227.19531250         1279.99438477 
        5121.20980586            0.50000000        31719.39453125        45874.19531250         1288.99438477 
        5124.64027376            0.50000000        31621.39453125        46191.19531250         1272.99438477 
        5128.12393962            0.50000000        31878.39453125        46908.19531250         1322.99438477 
        5131.64493837            0.50000000        31594.39453125        47014.19531250         1317.99438477 
        5135.16582659            0.50000000        31480.39453125        47285.19531250         1294.99438477 
        5138.75114318            0.50000000        31248.39453125        47371.19531250         1310.99438477 
        5142.44965885            0.50000000        31303.39453125        47803.19531250         1273.99438477 
        5146.01366731            0.50000000        30588.39453125        47239.19531250         1231.99438477 
        5149.73436592            0.50000000        30604.39453125        47722.19531250         1248.99438477 
        5153.45550198            0.50000000        30518.39453125        48260.19531250         1221.99438477 
        5157.20417034            0.50000000        30203.39453125        48296.19531250         1232.99438477 
        5161.05650932            0.50000000        30098.39453125        48821.19531250         1275.99438477 
        5164.87703085            0.50000000        29718.39453125        48832.19531250         1269.99438477 
        5168.76362530            0.50000000        29598.39453125        49370.19531250         1303.99438477 
        5172.71660116            0.50000000        29313.39453125        49610.19531250         1334.99438477 
        5176.56682932            0.50000000        28835.39453125        49386.19531250         1383.99438477 
        5180.57657696            0.50000000        24284.39453125        42438.19531250         1241.99438477 
        5184.57113557            0.50000000        29053.39453125        50785.19531250         1425.99438477 
        5188.56689118            0.50000000        28652.39453125        50843.19531250         1441.99438477 
        5192.72340887            0.50000000        28227.39453125        50689.19531250         1425.99438477 
        5196.84857090            0.50000000        27738.39453125        50438.19531250         1426.99438477 
        5200.96428284            0.50000000        27415.39453125        50420.19531250         1427.99438477 
        5205.15897853            0.50000000        26932.39453125        50230.19531250         1433.99438477 
        5208.93992880            0.50000000        26165.39453125        49594.19531250         1395.99438477 
