# 1-D Scan File created by LabVIEW Control Panel  12/6/2011  6:12:47 AM; Scan time 0 hrs 4 min 28 sec. 
#
# Beamline 20 BM
#
# Scan config: 
#                 E0: 4966.00 eV   223 points
#        Scan bounds:  -100.00 -30.00 40.00 243.35 (7.99 (k))
#       Scan step(s):  5.00 0.50 0.07
#  Integration times:  0.50 0.50 0.50    kwgt in EXAFS region: 0.0 
#
# User Comment:
# 50oC
#
#
# Amplifier Sensitivities:
# Preslit: 20 nA/V  I0: 20 nA/V  I: 100 pA/V  IREF: 50 pA/V  
#
# Analog Input Voltages at start/end of scan:
# Preslit: 0.033/0.030  I0: 0.327/0.157  Ignore: 0.008/0.004  I: 0.625/0.298  IREF: 0.196/0.131  
#
# Mono Info:
# 
#
# ID Info:
# 
#
# Slit Info:
# Kappa S1:  Center is at -542 (H), 500 (V)   Size is 8000 wide x 2000 high
# Vacuum Slits:  Center is at 850 (H), -25 (V)   Size is 899 wide x 1000 high
#
# Motor Positions:
# SMV (20bm:m29): -37594.243125 SMH (20bm:m30): 4802.187500 
#
# Detector Names/PVs:
# I0/20bm:scaler1_netA.C  I/20bm:scaler1_netA.E  IREF/20bm:scaler1_netA.F  
#
# Positioner names/Drive PVs/Readback PVs:
# Mono Energy */20bm:monoE.VAL/20bm:EnctoE.VAL  Scaler preset time */20bm:scaler1.TP/  
# Here is a readable list of column headings:
#  1) Mono Energy *        
#  2) Scaler preset time * 
#  3) I0                   
#  4) I                    
#  5) IREF                 
#
# Column Headings:
#Mono Energy *        Scaler preset time * I0                   I                    IREF                 
        4865.39136160            0.50000000        11373.39355469        26238.19335937         3624.99438477 
        4870.45719986            0.50000000        11164.39355469        25920.19335937         3560.99438477 
        4875.46750590            0.50000000        11039.39355469        25814.19335937         3457.99438477 
        4880.54682416            0.50000000        10871.39355469        25680.19335937         3364.99438477 
        4885.59442313            0.50000000        10665.39355469        25397.19335937         3277.99438477 
        4890.58590492            0.50000000        10592.39355469        25376.19335937         3240.99438477 
        4895.66602039            0.50000000        10458.39355469        25278.19335937         3194.99438477 
        4900.77713326            0.50000000        10357.39355469        25316.19335937         3127.99438477 
        4905.80274538            0.50000000        10204.39355469        25069.19335937         3042.99438477 
        4910.81044561            0.50000000        10087.39355469        25063.19335937         3004.99438477 
        4915.82448876            0.50000000         9938.39355469        24948.19335937         2939.99438477 
        4920.84977234            0.50000000         9879.39355469        25073.19335937         2930.99438477 
        4925.88142801            0.50000000         9756.39355469        24969.19335937         2887.99438477 
        4930.88504862            0.50000000         9618.39355469        24941.19335937         2838.99438477 
        4935.96879711            0.50000000         9530.39355469        24932.19335937         2830.99438477 
        4936.47632534            0.50000000         9604.39355469        25251.19335937         2874.99438477 
        4936.93960625            0.50000000         9608.39355469        25255.19335937         2852.99438477 
        4937.44242310            0.50000000         9582.39355469        25204.19335937         2838.99438477 
        4937.92069616            0.50000000         9456.39355469        24953.19335937         2796.99438477 
        4938.43359654            0.50000000         9549.39355469        25095.19335937         2823.99438477 
        4938.94661366            0.50000000         9554.39355469        25092.19335937         2818.99438477 
        4939.44000946            0.50000000         9522.39355469        25179.19335937         2870.99438477 
        4939.98780527            0.50000000         9486.39355469        25036.19335937         2817.99438477 
        4940.46661871            0.50000000         9544.39355469        25248.19335937         2850.99438477 
        4940.97022292            0.50000000         9465.39355469        25141.19335937         2823.99438477 
        4941.44430609            0.50000000         9411.39355469        25025.19335937         2795.99438477 
        4941.93330875            0.50000000         9413.39355469        25055.19335937         2802.99438477 
        4942.42735845            0.50000000         9510.39355469        25309.19335937         2841.99438477 
        4942.96599587            0.50000000         9424.39355469        25153.19335937         2795.99438477 
        4943.45532845            0.50000000         9394.39355469        25039.19335937         2788.99438477 
        4944.01893380            0.50000000         9448.39355469        25165.19335937         2800.99438477 
        4944.46893032            0.50000000         9331.39355469        24917.19335937         2780.99438477 
        4944.99321522            0.50000000         9321.39355469        24937.19335937         2785.99438477 
        4945.46319667            0.50000000         9270.39355469        24846.19335937         2748.99438477 
        4945.96296847            0.50000000         9285.39355469        24840.19335937         2761.99438477 
        4946.42820201            0.50000000         9390.39355469        25094.19335937         2777.99438477 
        4946.98264797            0.50000000         9316.39355469        25017.19335937         2781.99438477 
        4947.46789985            0.50000000         9299.39355469        24941.19335937         2764.99438477 
        4948.04241437            0.50000000         9296.39355469        24999.19335937         2754.99438477 
        4948.47339614            0.50000000         9263.39355469        25019.19335937         2748.99438477 
        4949.01347785            0.50000000         9233.39355469        24938.19335937         2766.99438477 
        4949.47934006            0.50000000         9267.39355469        25071.19335937         2784.99438477 
        4949.98495877            0.50000000         9204.39355469        24956.19335937         2737.99438477 
        4950.44110404            0.50000000         9237.39355469        25033.19335937         2753.99438477 
        4951.00645525            0.50000000         9357.39355469        25398.19335937         2797.99438477 
        4951.47768926            0.50000000         9226.39355469        25060.19335937         2746.99438477 
        4952.07307262            0.50000000         9295.39355469        25176.19335937         2765.99438477 
        4952.48000808            0.50000000         9287.39355469        25219.19335937         2760.99438477 
        4953.02601211            0.50000000         9274.39355469        25148.19335937         2772.99438477 
        4953.47780599            0.50000000         9307.39355469        25346.19335937         2779.99438477 
        4953.99425236            0.50000000         9217.39355469        25179.19335937         2738.99438477 
        4954.43630488            0.50000000         9220.39355469        25209.19335937         2736.99438477 
        4955.01259288            0.50000000         9256.39355469        25327.19335937         2773.99438477 
        4955.47969254            0.50000000         9138.39355469        25036.19335937         2713.99438477 
        4956.07613008            0.50000000         9244.39355469        25338.19335937         2762.99438477 
        4956.48378613            0.50000000         9114.39355469        25036.19335937         2723.99438477 
        4957.03573018            0.50000000         9159.39355469        25158.19335937         2747.99438477 
        4957.48832523            0.50000000         9146.39355469        25047.19335937         2702.99438477 
        4958.02558841            0.50000000         9134.39355469        25171.19335937         2764.99438477 
        4958.45350026            0.50000000         9102.39355469        25018.19335937         2670.99438477 
        4959.02085687            0.50000000         9202.39355469        25353.19335937         2772.99438477 
        4959.48878414            0.50000000         9086.39355469        24996.19335937         2719.99438477 
        4960.08129880            0.50000000         9115.39355469        25188.19335937         2703.99438477 
        4960.48967639            0.50000000         9043.39355469        25002.19335937         2681.99438477 
        4961.03263372            0.50000000         9228.39355469        25519.19335937         2756.99438477 
        4961.48104517            0.50000000         8979.39355469        24900.19335937         2668.99438477 
        4962.01925603            0.50000000         9201.39355469        25536.19335937         2748.99438477 
        4962.43795282            0.50000000         9003.39355469        25026.19335937         2663.99438477 
        4963.02126652            0.50000000         9174.39355469        25482.19335937         2716.99438477 
        4963.49002044            0.50000000         8965.39355469        24942.19335937         2647.99438477 
        4964.08857053            0.50000000         9067.39355469        25240.19335937         2633.99438477 
        4964.48270224            0.50000000         8957.39355469        25025.19335937         2591.99438477 
        4965.03160731            0.50000000         9053.39355469        25188.19335937         2546.99438477 
        4965.48081026            0.50000000         8931.39355469        24936.19335937         2372.99438477 
        4966.01997121            0.50000000         8998.39355469        25081.19335937         2082.99438477 
        4966.43441345            0.50000000         8919.39355469        24999.19335937         1654.99438477 
        4967.01875579            0.50000000         8981.39355469        25003.19335937         1399.99438477 
        4967.47834432            0.50000000         8897.39355469        24889.19335937         1500.99438477 
        4968.08294485            0.50000000         8961.39355469        24917.19335937         1700.99438477 
        4968.46777448            0.50000000         8897.39355469        24623.19335937         1759.99438477 
        4969.02264369            0.50000000         8950.39355469        24570.19335937         1765.99438477 
        4969.47263719            0.50000000         8871.39355469        24476.19335937         1680.99438477 
        4970.01274711            0.50000000         8942.39355469        24311.19335937         1613.99438477 
        4970.42291635            0.50000000         8892.39355469        23759.19335937         1514.99438477 
        4971.01829371            0.50000000         8907.39355469        23254.19335937         1448.99438477 
        4971.47869241            0.50000000         8814.39355469        23174.19335937         1406.99438477 
        4972.07935267            0.50000000         8891.39355469        23594.19335937         1424.99438477 
        4972.46485998            0.50000000         8804.39355469        23781.19335937         1385.99438477 
        4973.02070638            0.50000000         8863.39355469        24233.19335937         1372.99438477 
        4973.46648323            0.50000000         8802.39355469        24173.19335937         1306.99438477 
        4974.00754334            0.50000000         8836.39355469        24091.19335937         1222.99438477 
        4974.41843424            0.50000000         8772.39355469        23938.19335937         1152.99438477 
        4975.01485923            0.50000000         8777.39355469        23907.19335937         1095.99438477 
        4975.47105449            0.50000000         8723.39355469        23967.19335937         1038.99438477 
        4976.05772573            0.50000000         8859.39355469        24128.19335937         1022.99432373 
        4976.45393976            0.50000000         8683.39355469        23521.19335937          965.99432373 
        4977.01076217            0.50000000         8825.39355469        23550.19335937          956.99432373 
        4977.46233985            0.50000000         8681.39355469        22775.19335937          888.99432373 
        4977.99431297            0.50000000         8789.39355469        22608.19335937          840.99432373 
        4978.40592465            0.50000000         8663.39355469        21993.19335937          815.99432373 
        4978.99837457            0.50000000         8745.39355469        21900.19335937          790.99432373 
        4979.46039167            0.50000000         8674.39355469        21384.19335937          769.99432373 
        4980.05813984            0.50000000         8668.39355469        20836.19335937          742.99432373 
        4980.45505094            0.50000000         8622.39355469        20186.19335937          732.99432373 
        4981.01285307            0.50000000         8583.39355469        19560.19335937          681.99432373 
        4981.46522538            0.50000000         8619.39355469        19234.19335937          692.99432373 
        4981.98807863            0.50000000         8571.39355469        18767.19335937          657.99432373 
        4982.41047080            0.50000000         8604.39355469        18592.19335937          657.99432373 
        4982.99390305            0.50000000         8627.39355469        18252.19335937          655.99432373 
        4983.45673142            0.50000000         8508.39355469        17846.19335937          610.99432373 
        4984.03539909            0.50000000         8540.39355469        17641.19335937          632.99432373 
        4984.45817096            0.50000000         8526.39355469        17400.19335937          621.99432373 
        4984.99681538            0.50000000         8542.39355469        17178.19335937          610.99432373 
        4985.45501500            0.50000000         8562.39355469        16918.19335937          609.99432373 
        4985.96871086            0.50000000         8507.39355469        16514.19335937          604.99432373 
        4986.41703024            0.50000000         8557.39355469        16311.19433594          607.99432373 
        4986.98637175            0.50000000         8519.39355469        15903.19433594          606.99432373 
        4987.46009158            0.50000000         8487.39355469        15572.19433594          595.99432373 
        4988.04481765            0.50000000         8504.39355469        15277.19433594          603.99432373 
        4988.45824893            0.50000000         8438.39355469        14857.19433594          584.99432373 
        4988.99279551            0.50000000         8500.39355469        14644.19433594          600.99432373 
        4989.46188765            0.50000000         8384.39355469        14196.19433594          587.99432373 
        4989.96134976            0.50000000         8375.39355469        14080.19433594          578.99432373 
        4990.41045447            0.50000000         8400.39355469        14180.19433594          576.99432373 
        4990.98079340            0.50000000         8381.39355469        14325.19433594          575.99432373 
        4991.45029430            0.50000000         8313.39355469        14483.19433594          569.99432373 
        4992.00574260            0.50000000         8317.39355469        15029.19433594          579.99432373 
        4992.45019853            0.50000000         8293.39355469        15318.19433594          591.99432373 
        4992.98062847            0.50000000         8256.39355469        15624.19433594          590.99432373 
        4993.45054073            0.50000000         8362.39355469        16041.19433594          591.99432373 
        4993.93571286            0.50000000         8235.39355469        15983.19433594          577.99432373 
        4994.42098805            0.50000000         8294.39355469        16217.19433594          612.99432373 
        4994.95187582            0.50000000         8324.39355469        16360.19433594          606.99432373 
        4995.43736688            0.50000000         8266.39355469        16302.19433594          599.99432373 
        4995.98872657            0.50000000         8168.39404297        16084.19433594          586.99432373 
        4996.46937791            0.50000000         8283.39355469        16341.19433594          571.99432373 
        4996.97037476            0.50000000         8202.39355469        16211.19433594          577.99432373 
        4997.45123255            0.50000000         8117.39404297        15987.19433594          571.99432373 
        4997.91193854            0.50000000         8191.39404297        16041.19433594          558.99432373 
        4998.43857335            0.50000000         8160.39404297        15894.19433594          544.99432373 
        4998.95013286            0.50000000         8046.39404297        15552.19433594          526.99432373 
        4999.44660692            0.50000000         8182.39404297        15640.19433594          543.99432373 
        4999.98879861            0.50000000         8157.39404297        15404.19433594          537.99432373 
        5000.49056706            0.50000000         8129.39404297        15249.19433594          522.99432373 
        5000.96202554            0.50000000         8062.39404297        14978.19433594          504.99432373 
        5001.46907854            0.50000000         8172.39404297        15050.19433594          527.99432373 
        5001.92552231            0.50000000         8118.39404297        14979.19433594          513.99432373 
        5002.45308181            0.50000000         8056.39404297        14803.19433594          504.99432373 
        5002.91987043            0.50000000         8017.39404297        14733.19433594          518.99432373 
        5003.45781011            0.50000000         8072.39404297        14964.19433594          507.99432373 
        5003.96033963            0.50000000         7927.39404297        14765.19433594          514.99432373 
        5004.50360162            0.50000000         7994.39404297        15055.19433594          496.99432373 
        5004.94033552            0.50000000         7932.39404297        15067.19433594          497.99432373 
        5005.46859010            0.50000000         8044.39404297        15409.19433594          525.99432373 
        5005.91566990            0.50000000         7893.39404297        15245.19433594          504.99432373 
        5007.59299644            0.50000000         7908.39404297        15782.19433594          506.99432373 
        5009.39876463            0.50000000         7858.39404297        16052.19433594          522.99432373 
        5011.20086323            0.50000000         7702.39404297        16176.19433594          525.99432373 
        5013.02986206            0.50000000         7684.39404297        16420.19335937          547.99432373 
        5014.83991647            0.50000000         7585.39404297        16502.19335937          531.99432373 
        5016.81475764            0.50000000         7558.39404297        16648.19335937          545.99432373 
        5018.75553150            0.50000000         7461.39404297        16573.19335937          545.99432373 
        5020.79510940            0.50000000         7458.39404297        16675.19335937          543.99432373 
        5022.78531325            0.50000000         7405.39404297        16655.19335937          511.99432373 
        5024.87969967            0.50000000         7281.39404297        16533.19335937          520.99432373 
        5026.92471671            0.50000000         7230.39404297        16469.19335937          541.99432373 
        5029.06906517            0.50000000         7115.39404297        16231.19433594          510.99432373 
        5031.21541128            0.50000000         7150.39404297        16299.19433594          513.99432373 
        5033.48202632            0.50000000         7127.39404297        16268.19433594          501.99432373 
        5035.74572380            0.50000000         7021.39404297        16026.19433594          470.99432373 
        5038.02194877            0.50000000         6992.39404297        15948.19433594          459.99432373 
        5040.27979028            0.50000000         6849.39404297        15601.19433594          420.99432373 
        5042.66890571            0.50000000         6885.39404297        15614.19433594          442.99432373 
        5045.12767924            0.50000000         6769.39404297        15463.19433594          422.99432373 
        5047.45972967            0.50000000         6717.39404297        15514.19433594          422.99432373 
        5049.99093051            0.50000000         6668.39404297        15541.19433594          421.99432373 
        5052.44194646            0.50000000         6484.39404297        15310.19433594          434.99432373 
        5054.96822053            0.50000000         6457.39404297        15320.19433594          436.99432373 
        5057.59077899            0.50000000         6394.39404297        15240.19433594          436.99432373 
        5060.17469022            0.50000000         6315.39404297        15110.19433594          444.99432373 
        5062.80314330            0.50000000         6222.39404297        15008.19433594          422.99432373 
        5065.56492084            0.50000000         6178.39404297        14949.19433594          448.99432373 
        5068.26734273            0.50000000         6119.39404297        15014.19433594          442.99432373 
        5071.07743389            0.50000000         5918.39404297        14697.19433594          438.99432373 
        5073.96941438            0.50000000         5991.39404297        14886.19433594          427.99432373 
        5076.79688009            0.50000000         5827.39404297        14752.19433594          416.99432373 
        5079.67499175            0.50000000         5645.39404297        14429.19433594          384.99432373 
        5082.71948375            0.50000000         5608.39404297        14535.19433594          361.99432373 
        5085.73113767            0.50000000         5480.39404297        14303.19433594          364.99432373 
        5088.71508442            0.50000000         5487.39404297        14348.19433594          343.99432373 
        5091.84521627            0.50000000         5361.39404297        14280.19433594          327.99432373 
        5094.97426355            0.50000000         5200.39404297        14099.19433594          335.99432373 
        5098.06520289            0.50000000         5146.39404297        14073.19433594          329.99432373 
        5101.23964079            0.50000000         5020.39404297        13976.19433594          349.99432373 
        5104.50851173            0.50000000         4928.39404297        13877.19433594          356.99432373 
        5107.78194517            0.50000000         4862.39404297        13840.19433594          363.99432373 
        5111.06526691            0.50000000         4840.39404297        13834.19433594          351.99432373 
        5114.39577678            0.50000000         4770.39404297        13713.19433594          356.99432373 
        5117.77366549            0.50000000         4651.39404297        13640.19433594          367.99432373 
        5121.17242953            0.50000000         4561.39404297        13501.19433594          359.99432373 
        5124.59749574            0.50000000         4457.39404297        13205.19433594          342.99432373 
        5128.07574324            0.50000000         4515.39404297        13562.19433594          369.99432373 
        5131.60739622            0.50000000         4377.39404297        13202.19433594          337.99432373 
        5135.13359955            0.50000000         4307.39404297        13222.19433594          342.99432373 
        5138.70272938            0.50000000         4229.39404297        13059.19433594          335.99432373 
        5142.41194465            0.50000000         4224.39404297        13138.19433594          359.99432373 
        5145.97050047            0.50000000         4036.39404297        12806.19433594          326.99432373 
        5149.69113124            0.50000000         4001.39404297        12775.19433594          314.99432373 
        5153.42302496            0.50000000         3930.39404297        12665.19433594          295.99432373 
        5157.16622063            0.50000000         3833.39404297        12599.19433594          306.99432373 
        5161.02935832            0.50000000         3768.39404297        12559.19433594          312.99432373 
        5164.83895840            0.50000000         3617.39404297        12206.19433594          310.99432373 
        5168.73638617            0.50000000         3609.39404297        12350.19433594          315.99432373 
        5172.68385994            0.50000000         3512.39404297        12043.19433594          328.99432373 
        5176.53403517            0.50000000         3380.39404297        11797.19433594          304.99432373 
        5180.54372764            0.50000000         2698.39404297         9535.19433594          268.99432373 
        5184.53274726            0.50000000         3263.39404297        11596.19433594          318.99432373 
        5188.52294546            0.50000000         3144.39404297        11382.19433594          311.99432373 
        5192.69039219            0.50000000         3034.39404297        11125.19433594          315.99432373 
        5196.81549730            0.50000000         2896.39404297        10702.19433594          282.99432373 
        5200.93115240            0.50000000         2805.39404297        10517.19433594          296.99432373 
        5205.13685287            0.50000000         2667.39404297        10033.19433594          279.99432373 
        5208.91776827            0.50000000         2493.39404297         9466.19433594          255.99432373 
