# 1-D Scan File created by LabVIEW Control Panel  12/6/2011  3:32:06 AM; Scan time 0 hrs 4 min 28 sec. 
#
# Beamline 20 BM
#
# Scan config: 
#                 E0: 4966.00 eV   223 points
#        Scan bounds:  -100.00 -30.00 40.00 243.35 (7.99 (k))
#       Scan step(s):  5.00 0.50 0.07
#  Integration times:  0.50 0.50 0.50    kwgt in EXAFS region: 0.0 
#
# User Comment:
# 50oC
#
#
# Amplifier Sensitivities:
# Preslit: 20 nA/V  I0: 20 nA/V  I: 100 pA/V  IREF: 50 pA/V  
#
# Analog Input Voltages at start/end of scan:
# Preslit: 0.032/0.032  I0: 0.421/0.210  Ignore: 0.012/0.005  I: 0.751/0.440  IREF: 0.213/0.135  
#
# Mono Info:
# 
#
# ID Info:
# 
#
# Slit Info:
# Kappa S1:  Center is at -542 (H), 500 (V)   Size is 8000 wide x 2000 high
# Vacuum Slits:  Center is at 850 (H), -25 (V)   Size is 899 wide x 1000 high
#
# Motor Positions:
# SMV (20bm:m29): -37594.243125 SMH (20bm:m30): 4802.187500 
#
# Detector Names/PVs:
# I0/20bm:scaler1_netA.C  I/20bm:scaler1_netA.E  IREF/20bm:scaler1_netA.F  
#
# Positioner names/Drive PVs/Readback PVs:
# Mono Energy */20bm:monoE.VAL/20bm:EnctoE.VAL  Scaler preset time */20bm:scaler1.TP/  
# Here is a readable list of column headings:
#  1) Mono Energy *        
#  2) Scaler preset time * 
#  3) I0                   
#  4) I                    
#  5) IREF                 
#
# Column Headings:
#Mono Energy *        Scaler preset time * I0                   I                    IREF                 
        4865.38181436            0.50000000        16214.39355469        32571.19335937         4454.99414062 
        4870.44763076            0.50000000        16008.39355469        32286.19335937         4358.99414062 
        4875.46271053            0.50000000        15919.39355469        32475.19335937         4309.99414062 
        4880.54201781            0.50000000        15709.39355469        32322.19335937         4248.99414062 
        4885.58960585            0.50000000        15499.39355469        32194.19335937         4132.99414062 
        4890.57624875            0.50000000        15425.39355469        32377.19335937         4098.99414062 
        4895.65150310            0.50000000        15317.39355469        32360.19335937         4008.99438477 
        4900.77228306            0.50000000        15194.39355469        32542.19335937         4000.99438477 
        4905.80274538            0.50000000        15053.39355469        32409.19335937         3957.99438477 
        4910.81044561            0.50000000        14956.39355469        32631.19335937         3911.99438477 
        4915.81960583            0.50000000        14697.39355469        32498.19335937         3791.99438477 
        4920.84977234            0.50000000        14729.39355469        32892.19531250         3797.99438477 
        4925.88142801            0.50000000        14551.39355469        32878.19531250         3759.99438477 
        4930.88996442            0.50000000        14439.39355469        32946.19531250         3742.99438477 
        4935.95401645            0.50000000        14358.39355469        33128.19531250         3731.99438477 
        4936.47139734            0.50000000        14417.39355469        33473.19531250         3768.99438477 
        4936.93960625            0.50000000        14421.39355469        33487.19531250         3777.99438477 
        4937.44242310            0.50000000        14456.39355469        33541.19531250         3744.99438477 
        4937.91576500            0.50000000        14317.39355469        33354.19531250         3727.99438477 
        4938.42866425            0.50000000        14359.39355469        33380.19531250         3762.99438477 
        4938.94168024            0.50000000        14361.39355469        33366.19531250         3732.99438477 
        4939.44000946            0.50000000        14292.39355469        33427.19531250         3743.99438477 
        4939.98286958            0.50000000        14277.39355469        33298.19531250         3729.99438477 
        4940.47155546            0.50000000        14301.39355469        33457.19531250         3730.99438477 
        4940.97516077            0.50000000        14312.39355469        33564.19531250         3761.99438477 
        4941.44430609            0.50000000        14152.39355469        33229.19531250         3711.99438477 
        4941.93824871            0.50000000        14205.39355469        33445.19531250         3718.99438477 
        4942.42735845            0.50000000        14291.39355469        33641.19531250         3757.99438477 
        4942.97093809            0.50000000        14186.39355469        33458.19531250         3701.99438477 
        4943.45532845            0.50000000        14162.39355469        33369.19531250         3696.99438477 
        4944.01893380            0.50000000        14197.39355469        33505.19531250         3709.99438477 
        4944.46893032            0.50000000        14102.39355469        33283.19531250         3669.99438477 
        4944.99321522            0.50000000        14106.39355469        33338.19531250         3673.99438477 
        4945.46319667            0.50000000        14023.39355469        33258.19531250         3640.99438477 
        4945.95307092            0.50000000        14055.39355469        33340.19531250         3684.99438477 
        4946.43315182            0.50000000        14146.39355469        33443.19531250         3669.99438477 
        4946.98759899            0.50000000        14065.39355469        33463.19531250         3674.99438477 
        4947.46789985            0.50000000        14063.39355469        33393.19531250         3690.99438477 
        4948.04736771            0.50000000        14049.39355469        33501.19531250         3726.99438477 
        4948.47339614            0.50000000        14007.39355469        33465.19531250         3684.99438477 
        4949.01347785            0.50000000        13984.39355469        33481.19531250         3691.99438477 
        4949.47934006            0.50000000        13991.39355469        33621.19531250         3689.99438477 
        4949.98495877            0.50000000        13971.39355469        33610.19531250         3683.99438477 
        4950.44110404            0.50000000        13981.39355469        33637.19531250         3686.99438477 
        4951.01141509            0.50000000        14136.39355469        33994.19531250         3718.99438477 
        4951.47768926            0.50000000        14030.39355469        33726.19531250         3702.99438477 
        4952.06314828            0.50000000        14095.39355469        33860.19531250         3710.99438477 
        4952.48000808            0.50000000        14049.39355469        33794.19531250         3681.99438477 
        4953.02601211            0.50000000        14047.39355469        33807.19531250         3719.99438477 
        4953.48277126            0.50000000        14080.39355469        34063.19531250         3699.99438477 
        4953.98928596            0.50000000        14028.39355469        33944.19531250         3700.99438477 
        4954.44127225            0.50000000        14030.39355469        33911.19531250         3689.99438477 
        4955.01756152            0.50000000        14118.39355469        34239.19531250         3724.99438477 
        4955.48466220            0.50000000        13966.39355469        33957.19531250         3672.99438477 
        4956.07613008            0.50000000        14077.39355469        34294.19531250         3688.99438477 
        4956.48378613            0.50000000        13915.39355469        33948.19531250         3656.99438477 
        4957.03573018            0.50000000        13974.39355469        34041.19531250         3660.99438477 
        4957.48832523            0.50000000        13985.39355469        34089.19531250         3689.99438477 
        4958.01563793            0.50000000        13967.39355469        34145.19531250         3669.99438477 
        4958.43857174            0.50000000        13929.39355469        34000.19531250         3646.99438477 
        4959.01587944            0.50000000        13998.39355469        34340.19531250         3683.99438477 
        4959.48878414            0.50000000        13904.39355469        34084.19531250         3653.99438477 
        4960.07133929            0.50000000        13932.39355469        34278.19531250         3657.99438477 
        4960.48469573            0.50000000        13876.39355469        34081.19531250         3639.99438477 
        4961.03263372            0.50000000        14040.39355469        34513.19531250         3709.99438477 
        4961.48104517            0.50000000        13819.39355469        34120.19531250         3605.99438477 
        4962.01925603            0.50000000        14036.39355469        34574.19531250         3681.99438477 
        4962.43795282            0.50000000        13797.39355469        34058.19531250         3587.99438477 
        4963.02126652            0.50000000        13980.39355469        34481.19531250         3650.99438477 
        4963.49002044            0.50000000        13739.39355469        33957.19531250         3554.99438477 
        4964.08857053            0.50000000        13863.39355469        34251.19531250         3544.99438477 
        4964.47771280            0.50000000        13759.39355469        34215.19531250         3472.99438477 
        4965.03160731            0.50000000        13840.39355469        34329.19531250         3404.99438477 
        4965.47581862            0.50000000        13758.39355469        34275.19531250         3243.99438477 
        4966.01497839            0.50000000        13808.39355469        34263.19531250         2829.99438477 
        4966.42941972            0.50000000        13744.39355469        34279.19531250         2244.99438477 
        4967.01376077            0.50000000        13741.39355469        34080.19531250         1930.99438477 
        4967.47334829            0.50000000        13651.39355469        33941.19531250         2011.99438477 
        4968.07794749            0.50000000        13743.39355469        34009.19531250         2318.99438477 
        4968.46277628            0.50000000        13631.39355469        33784.19531250         2403.99438477 
        4969.02264369            0.50000000        13741.39355469        33806.19531250         2391.99438477 
        4969.46763678            0.50000000        13649.39355469        33603.19531250         2290.99438477 
        4970.00774550            0.50000000        13734.39355469        33524.19531250         2176.99438477 
        4970.41791384            0.50000000        13632.39355469        33216.19531250         2065.99438477 
        4971.00828608            0.50000000        13644.39355469        32871.19531250         1963.99438477 
        4971.46868275            0.50000000        13560.39355469        32938.19531250         1931.99438477 
        4972.06934037            0.50000000        13620.39355469        33222.19531250         1919.99438477 
        4972.45484597            0.50000000        13613.39355469        33396.19531250         1884.99438477 
        4973.01569815            0.50000000        13625.39355469        33383.19531250         1830.99438477 
        4973.46147401            0.50000000        13539.39355469        33250.19531250         1759.99438477 
        4973.99251215            0.50000000        13568.39355469        32915.19531250         1657.99438477 
        4974.41342293            0.50000000        13535.39355469        32597.19335937         1565.99438477 
        4975.00483399            0.50000000        13543.39355469        31851.19335937         1455.99438477 
        4975.46102724            0.50000000        13448.39355469        31139.19335937         1395.99438477 
        4976.05772573            0.50000000        13653.39355469        30816.19335937         1318.99438477 
        4976.44892396            0.50000000        13400.39355469        29877.19335937         1259.99438477 
        4977.00574514            0.50000000        13631.39355469        29997.19335937         1221.99438477 
        4977.45732183            0.50000000        13441.39355469        29245.19335937         1158.99438477 
        4977.99431297            0.50000000        13582.39355469        29244.19335937         1139.99438477 
        4978.40592465            0.50000000        13369.39355469        28575.19335937         1066.99438477 
        4978.99335316            0.50000000        13515.39355469        28665.19335937         1055.99438477 
        4979.47043656            0.50000000        13436.39355469        28346.19335937         1028.99438477 
        4980.05813984            0.50000000        13533.39355469        28278.19335937         1011.99432373 
        4980.46007558            0.50000000        13412.39355469        27740.19335937          965.99432373 
        4981.01285307            0.50000000        13350.39355469        27217.19335937          975.99432373 
        4981.46522538            0.50000000        13354.39355469        26814.19335937          928.99432373 
        4981.99310665            0.50000000        13350.39355469        26331.19335937          912.99432373 
        4982.41549975            0.50000000        13368.39355469        25726.19335937          890.99432373 
        4982.99390305            0.50000000        13374.39355469        24892.19335937          867.99432373 
        4983.46176268            0.50000000        13290.39355469        23970.19335937          860.99432373 
        4984.03539909            0.50000000        13321.39355469        23073.19335937          857.99432373 
        4984.45313750            0.50000000        13305.39355469        22306.19335937          844.99432373 
        4984.99178073            0.50000000        13287.39355469        21550.19335937          808.99432373 
        4985.44997933            0.50000000        13265.39355469        20947.19335937          813.99432373 
        4985.96871086            0.50000000        13196.39355469        20326.19335937          787.99432373 
        4986.41199245            0.50000000        13294.39355469        20205.19335937          787.99432373 
        4986.98637175            0.50000000        13223.39355469        19809.19335937          810.99432373 
        4987.45505149            0.50000000        13192.39355469        19704.19335937          802.99432373 
        4988.03977627            0.50000000        13243.39355469        19769.19335937          797.99432373 
        4988.45824893            0.50000000        13152.39355469        19774.19335937          788.99432373 
        4988.99279551            0.50000000        13169.39355469        20062.19335937          794.99432373 
        4989.45684313            0.50000000        13075.39355469        20174.19335937          793.99432373 
        4989.95630414            0.50000000        13062.39355469        20518.19335937          779.99432373 
        4990.40540786            0.50000000        13084.39355469        20955.19335937          806.99432373 
        4990.97574553            0.50000000        13084.39355469        21450.19335937          805.99432373 
        4991.45029430            0.50000000        13017.39355469        21702.19335937          818.99432373 
        4992.01079275            0.50000000        13070.39355469        22337.19335937          817.99432373 
        4992.45019853            0.50000000        12981.39355469        22488.19335937          822.99432373 
        4992.98062847            0.50000000        12948.39355469        22699.19335937          830.99432373 
        4993.44548739            0.50000000        13062.39355469        23013.19335937          836.99432373 
        4993.93065845            0.50000000        12932.39355469        22936.19335937          817.99432373 
        4994.42098805            0.50000000        12934.39355469        23001.19335937          827.99432373 
        4994.95187582            0.50000000        13014.39355469        23121.19335937          825.99432373 
        4995.43736688            0.50000000        12960.39355469        23008.19335937          809.99432373 
        4995.98872657            0.50000000        12863.39355469        22766.19335937          798.99432373 
        4996.46431790            0.50000000        12958.39355469        22806.19335937          808.99432373 
        4996.97037476            0.50000000        12925.39355469        22685.19335937          819.99432373 
        4997.45123255            0.50000000        12819.39355469        22318.19335937          774.99432373 
        4997.91700176            0.50000000        12893.39355469        22259.19335937          772.99432373 
        4998.43857335            0.50000000        12843.39355469        21977.19335937          723.99432373 
        4998.94506736            0.50000000        12705.39355469        21551.19335937          733.99432373 
        4999.44660692            0.50000000        12869.39355469        21629.19335937          739.99432373 
        4999.98373080            0.50000000        12837.39355469        21430.19335937          734.99432373 
        5000.48042923            0.50000000        12790.39355469        21341.19335937          696.99432373 
        5000.96202554            0.50000000        12736.39355469        21237.19335937          700.99432373 
        5001.46400746            0.50000000        12832.39355469        21324.19335937          722.99432373 
        5001.92045021            0.50000000        12774.39355469        21317.19335937          685.99432373 
        5002.44800855            0.50000000        12770.39355469        21381.19335937          697.99432373 
        5002.91479613            0.50000000        12732.39355469        21446.19335937          682.99432373 
        5003.45273462            0.50000000        12807.39355469        21852.19335937          699.99432373 
        5003.96541625            0.50000000        12638.39355469        21741.19335937          696.99432373 
        5004.49852381            0.50000000        12701.39355469        22074.19335937          690.99432373 
        5004.94033552            0.50000000        12620.39355469        22166.19335937          691.99432373 
        5005.46351015            0.50000000        12737.39355469        22595.19335937          705.99432373 
        5005.91058895            0.50000000        12576.39355469        22631.19335937          695.99432373 
        5007.58791178            0.50000000        12551.39355469        23445.19335937          696.99432373 
        5009.39367596            0.50000000        12532.39355469        24012.19335937          728.99432373 
        5011.19067790            0.50000000        12381.39355469        24175.19335937          743.99432373 
        5013.01966861            0.50000000        12295.39355469        24162.19335937          743.99432373 
        5014.83481572            0.50000000        12202.39355469        23984.19335937          748.99432373 
        5016.80454738            0.50000000        12168.39355469        23972.19335937          753.99432373 
        5018.75042204            0.50000000        12039.39355469        23872.19335937          731.99432373 
        5020.78999541            0.50000000        12061.39355469        24158.19335937          770.99432373 
        5022.77507644            0.50000000        12025.39355469        24383.19335937          743.99432373 
        5024.86945353            0.50000000        11858.39355469        24303.19335937          750.99432373 
        5026.91446147            0.50000000        11773.39355469        24147.19335937          751.99432373 
        5029.05366799            0.50000000        11664.39355469        23972.19335937          723.99432373 
        5031.19486261            0.50000000        11682.39355469        23962.19335937          704.99432373 
        5033.46145744            0.50000000        11675.39355469        23835.19335937          694.99432373 
        5035.73028197            0.50000000        11542.39355469        23346.19335937          650.99432373 
        5038.00649172            0.50000000        11486.39355469        23028.19335937          634.99432373 
        5040.25400337            0.50000000        11288.39355469        22556.19335937          577.99432373 
        5042.64309213            0.50000000        11285.39355469        22481.19335937          583.99432373 
        5045.11217458            0.50000000        11187.39355469        22579.19335937          575.99432373 
        5047.44420937            0.50000000        11042.39355469        22564.19335937          567.99432373 
        5049.98057231            0.50000000        11030.39355469        22725.19335937          594.99432373 
        5052.42639273            0.50000000        10851.39355469        22507.19335937          577.99432373 
        5054.94745963            0.50000000        10775.39355469        22559.19335937          610.99432373 
        5057.57519068            0.50000000        10653.39355469        22500.19335937          618.99432373 
        5060.16428642            0.50000000        10541.39355469        22497.19335937          605.99432373 
        5062.78751994            0.50000000        10458.39355469        22560.19335937          622.99432373 
        5065.55970684            0.50000000        10355.39355469        22455.19335937          609.99432373 
        5068.25168259            0.50000000        10255.39355469        22494.19335937          626.99432373 
        5071.06698117            0.50000000         9934.39355469        22087.19335937          624.99432373 
        5073.96418151            0.50000000        10008.39355469        22366.19335937          624.99432373 
        5076.78116247            0.50000000         9847.39355469        22325.19335937          602.99432373 
        5079.66450037            0.50000000         9584.39355469        21919.19335937          567.99432373 
        5082.70897868            0.50000000         9570.39355469        22180.19335937          558.99432373 
        5085.72061903            0.50000000         9387.39355469        22005.19335937          563.99432373 
        5088.70455233            0.50000000         9413.39355469        22162.19335937          542.99432373 
        5091.83467007            0.50000000         9221.39355469        21949.19335937          511.99432373 
        5094.95842309            0.50000000         9115.39355469        21935.19335937          497.99432373 
        5098.05991575            0.50000000         9029.39355469        21892.19335937          529.99432373 
        5101.23434648            0.50000000         8932.39355469        21986.19335937          548.99432373 
        5104.50851173            0.50000000         8785.39355469        21958.19335937          563.99432373 
        5107.78194517            0.50000000         8669.39355469        21865.19335937          587.99432373 
        5111.06526691            0.50000000         8686.39355469        22062.19335937          587.99432373 
        5114.39577678            0.50000000         8583.39355469        21935.19335937          582.99432373 
        5117.77899722            0.50000000         8431.39355469        21769.19335937          572.99432373 
        5121.18310842            0.50000000         8238.39355469        21510.19335937          571.99432373 
        5124.60284295            0.50000000         8132.39404297        21296.19335937          572.99432373 
        5128.08109834            0.50000000         8153.39404297        21638.19335937          568.99432373 
        5131.60739622            0.50000000         8003.39404297        21405.19335937          565.99432373 
        5135.13359955            0.50000000         7819.39404297        21223.19335937          567.99432373 
        5138.71348792            0.50000000         7730.39404297        21135.19335937          542.99432373 
        5142.42272008            0.50000000         7707.39404297        21275.19335937          546.99432373 
        5145.98668794            0.50000000         7423.39404297        20834.19335937          536.99432373 
        5149.69653553            0.50000000         7295.39404297        20720.19335937          512.99432373 
        5153.42843777            0.50000000         7239.39404297        20698.19335937          519.99432373 
        5157.17706334            0.50000000         7113.39404297        20658.19335937          524.99432373 
        5161.03478849            0.50000000         6944.39404297        20461.19335937          523.99432373 
        5164.85527509            0.50000000         6728.39404297        20225.19335937          514.99432373 
        5168.75272961            0.50000000         6663.39404297        20259.19335937          522.99432373 
        5172.70023049            0.50000000         6499.39404297        19984.19335937          530.99432373 
        5176.55043219            0.50000000         6294.39404297        19686.19335937          520.99432373 
        5180.56562714            0.50000000         5071.39404297        16051.19433594          446.99432373 
        5184.55468336            0.50000000         6158.39404297        19588.19335937          548.99432373 
        5188.55041144            0.50000000         5980.39404297        19425.19335937          558.99432373 
        5192.71240326            0.50000000         5811.39404297        19073.19335937          517.99432373 
        5196.84305860            0.50000000         5551.39404297        18416.19335937          499.99432373 
        5200.95876107            0.50000000         5384.39404297        18103.19335937          506.99432373 
        5205.16450998            0.50000000         5185.39404297        17617.19335937          490.99432373 
        5208.93992880            0.50000000         4889.39404297        16718.19335937          446.99432373 
