# 1-D Scan File created by LabVIEW Control Panel  12/6/2011  1:56:41 AM; Scan time 0 hrs 4 min 29 sec. 
#
# Beamline 20 BM
#
# Scan config: 
#                 E0: 4966.00 eV   223 points
#        Scan bounds:  -100.00 -30.00 40.00 243.35 (7.99 (k))
#       Scan step(s):  5.00 0.50 0.07
#  Integration times:  0.50 0.50 0.50    kwgt in EXAFS region: 0.0 
#
# User Comment:
# 50oC
#
#
# Amplifier Sensitivities:
# Preslit: 20 nA/V  I0: 20 nA/V  I: 100 pA/V  IREF: 50 pA/V  
#
# Analog Input Voltages at start/end of scan:
# Preslit: 0.032/0.031  I0: 0.504/0.279  Ignore: 0.015/0.006  I: 0.810/0.595  IREF: 0.226/0.139  
#
# Mono Info:
# 
#
# ID Info:
# 
#
# Slit Info:
# Kappa S1:  Center is at -542 (H), 500 (V)   Size is 8000 wide x 2000 high
# Vacuum Slits:  Center is at 850 (H), -25 (V)   Size is 899 wide x 1000 high
#
# Motor Positions:
# SMV (20bm:m29): -37594.243125 SMH (20bm:m30): 4802.187500 
#
# Detector Names/PVs:
# I0/20bm:scaler1_netA.C  I/20bm:scaler1_netA.E  IREF/20bm:scaler1_netA.F  
#
# Positioner names/Drive PVs/Readback PVs:
# Mono Energy */20bm:monoE.VAL/20bm:EnctoE.VAL  Scaler preset time */20bm:scaler1.TP/  
# Here is a readable list of column headings:
#  1) Mono Energy *        
#  2) Scaler preset time * 
#  3) I0                   
#  4) I                    
#  5) IREF                 
#
# Column Headings:
#Mono Energy *        Scaler preset time * I0                   I                    IREF                 
        4865.40090888            0.50000000        20364.39453125        35518.19531250         5006.99414062 
        4870.45719986            0.50000000        20142.39453125        35375.19531250         4929.99414062 
        4875.46271053            0.50000000        20029.39453125        35469.19531250         4807.99414062 
        4880.53721146            0.50000000        19885.39453125        35552.19531250         4803.99414062 
        4885.58960585            0.50000000        19732.39453125        35609.19531250         4688.99414062 
        4890.57142068            0.50000000        19617.39453125        35713.19531250         4635.99414062 
        4895.66118128            0.50000000        19491.39453125        35826.19531250         4567.99414062 
        4900.78198347            0.50000000        19416.39453125        36051.19531250         4504.99414062 
        4905.81246765            0.50000000        19254.39453125        36019.19531250         4459.99414062 
        4910.81531763            0.50000000        19169.39453125        36264.19531250         4390.99414062 
        4915.82937170            0.50000000        18889.39453125        36172.19531250         4272.99414062 
        4920.85466623            0.50000000        18974.39453125        36831.19531250         4274.99414062 
        4925.89123776            0.50000000        18830.39453125        36802.19531250         4269.99414062 
        4930.89979604            0.50000000        18803.39453125        37256.19531250         4295.99414062 
        4935.97372402            0.50000000        18684.39453125        37391.19531250         4243.99414062 
        4936.48125336            0.50000000        18769.39453125        37758.19531250         4288.99414062 
        4936.95439338            0.50000000        18805.39453125        37816.19531250         4314.99414062 
        4937.44735323            0.50000000        18793.39453125        37865.19531250         4297.99414062 
        4937.92562734            0.50000000        18670.39453125        37698.19531250         4249.99414062 
        4938.43852885            0.50000000        18727.39453125        37717.19531250         4314.99414062 
        4938.95648052            0.50000000        18740.39453125        37772.19531250         4288.99414062 
        4939.44987848            0.50000000        18683.39453125        37814.19531250         4266.99414062 
        4939.99767669            0.50000000        18694.39453125        37761.19531250         4259.99414062 
        4940.47155546            0.50000000        18706.39453125        37857.19531250         4285.99414062 
        4940.98009864            0.50000000        18715.39453125        38022.19531250         4275.99414062 
        4941.45418389            0.50000000        18592.39453125        37833.19531250         4233.99414062 
        4941.95306866            0.50000000        18640.39453125        38007.19531250         4250.99414062 
        4942.43724054            0.50000000        18695.39453125        38117.19531250         4276.99414062 
        4942.97588032            0.50000000        18562.39453125        37862.19531250         4204.99414062 
        4943.46521506            0.50000000        18572.39453125        37948.19531250         4254.99414062 
        4944.01893380            0.50000000        18657.39453125        38165.19531250         4252.99414062 
        4944.47387584            0.50000000        18553.39453125        37970.19531250         4229.99414062 
        4945.00310856            0.50000000        18551.39453125        37964.19531250         4230.99414062 
        4945.46814437            0.50000000        18454.39453125        37864.19531250         4176.99414062 
        4945.96791726            0.50000000        18472.39453125        37966.19531250         4195.99414062 
        4946.43315182            0.50000000        18525.39453125        37962.19531250         4228.99414062 
        4946.99255003            0.50000000        18509.39453125        38158.19531250         4239.99414062 
        4947.48275614            0.50000000        18509.39453125        38135.19531250         4270.99414062 
        4948.05727444            0.50000000        18499.39453125        38281.19531250         4255.99414062 
        4948.47835043            0.50000000        18414.39453125        38112.19531250         4263.99414062 
        4949.02338881            0.50000000        18392.39453125        38168.19531250         4241.99414062 
        4949.48429656            0.50000000        18502.39453125        38426.19531250         4259.99414062 
        4949.99487399            0.50000000        18390.39453125        38191.19531250         4240.99414062 
        4950.44606265            0.50000000        18401.39453125        38240.19531250         4242.99414062 
        4951.02133482            0.50000000        18502.39453125        38560.19531250         4268.99414062 
        4951.48265014            0.50000000        18412.39453125        38391.19531250         4230.99414062 
        4952.08299700            0.50000000        18508.39453125        38558.19531250         4280.99414062 
        4952.48993425            0.50000000        18517.39453125        38611.19531250         4277.99414062 
        4953.03594068            0.50000000        18468.39453125        38542.19531250         4249.99414062 
        4953.48773654            0.50000000        18462.39453125        38583.19531250         4246.99414062 
        4954.00418517            0.50000000        18387.39453125        38588.19531250         4254.99414062 
        4954.45120703            0.50000000        18425.39453125        38552.19531250         4246.99414062 
        4955.02749883            0.50000000        18486.39453125        38847.19531250         4261.99414062 
        4955.49957126            0.50000000        18372.39453125        38674.19531250         4214.99414062 
        4956.08607204            0.50000000        18447.39453125        38875.19531250         4254.99414062 
        4956.49372988            0.50000000        18284.39453125        38539.19531250         4201.99414062 
        4957.04567635            0.50000000        18397.39453125        38875.19531250         4227.99414062 
        4957.49827339            0.50000000        18319.39453125        38646.19531250         4226.99414062 
        4958.03056366            0.50000000        18332.39453125        38731.19531250         4212.99414062 
        4958.45350026            0.50000000        18304.39453125        38742.19531250         4203.99414062 
        4959.03081176            0.50000000        18372.39453125        39022.19531250         4210.99414062 
        4959.49874109            0.50000000        18304.39453125        38843.19531250         4222.99414062 
        4960.08129880            0.50000000        18357.39453125        38975.19531250         4222.99414062 
        4960.49465706            0.50000000        18274.39453125        38846.19531250         4177.99414062 
        4961.03761559            0.50000000        18433.39453125        39168.19531250         4221.99414062 
        4961.49101088            0.50000000        18166.39453125        38757.19531250         4152.99414062 
        4962.02424006            0.50000000        18444.39453125        39307.19531250         4238.99414062 
        4962.44293777            0.50000000        18150.39453125        38752.19531250         4112.99414062 
        4963.02625276            0.50000000        18422.39453125        39351.19531250         4207.99414062 
        4963.49999498            0.50000000        18157.39453125        38863.19531250         4104.99414062 
        4964.09854770            0.50000000        18252.39453125        39108.19531250         4080.99438477 
        4964.49268115            0.50000000        18144.39453125        39064.19531250         4009.99438477 
        4965.03659796            0.50000000        18237.39453125        39072.19531250         3923.99438477 
        4965.48580190            0.50000000        18089.39453125        38922.19531250         3702.99438477 
        4966.02496404            0.50000000        18175.39453125        39023.19531250         3227.99438477 
        4966.43940720            0.50000000        18064.39453125        38985.19531250         2574.99438477 
        4967.02375081            0.50000000        18171.39453125        39011.19531250         2240.99438477 
        4967.48833641            0.50000000        18021.39453125        38763.19531250         2345.99438477 
        4968.08794222            0.50000000        18131.39453125        38792.19531250         2675.99438477 
        4968.47277270            0.50000000        18076.39453125        38707.19531250         2739.99438477 
        4969.02764313            0.50000000        18097.39453125        38504.19531250         2749.99438477 
        4969.47763762            0.50000000        18023.39453125        38288.19531250         2626.99438477 
        4970.01774873            0.50000000        18125.39453125        38214.19531250         2501.99438477 
        4970.42791887            0.50000000        17998.39453125        37926.19531250         2361.99438477 
        4971.01829371            0.50000000        18050.39453125        37716.19531250         2290.99438477 
        4971.47368758            0.50000000        17950.39453125        37846.19531250         2238.99438477 
        4972.07935267            0.50000000        18064.39453125        38144.19531250         2266.99438477 
        4972.46986700            0.50000000        17954.39453125        38181.19531250         2187.99438477 
        4973.02070638            0.50000000        17987.39453125        38153.19531250         2107.99438477 
        4973.47149245            0.50000000        17910.39453125        38042.19531250         2033.99438477 
        4974.00754334            0.50000000        17951.39453125        37637.19531250         1913.99438477 
        4974.42344557            0.50000000        17899.39453125        37210.19531250         1806.99438477 
        4975.01987187            0.50000000        18006.39453125        36560.19531250         1712.99438477 
        4975.47606813            0.50000000        17892.39453125        35740.19531250         1616.99438477 
        4976.07277057            0.50000000        18094.39453125        35244.19531250         1548.99438477 
        4976.46898723            0.50000000        17880.39453125        34411.19531250         1474.99438477 
        4977.01577921            0.50000000        18042.39453125        34191.19531250         1441.99438477 
        4977.47237593            0.50000000        17840.39453125        33489.19531250         1359.99438477 
        4978.00435139            0.50000000        18018.39453125        33421.19531250         1316.99438477 
        4978.41596489            0.50000000        17790.39453125        32857.19531250         1266.99438477 
        4979.00841742            0.50000000        17867.39453125        32768.19531250         1228.99438477 
        4979.48048149            0.50000000        17879.39453125        32560.19335937         1211.99438477 
        4980.07321115            0.50000000        17849.39453125        32243.19335937         1182.99438477 
        4980.47012488            0.50000000        17780.39453125        31814.19335937         1129.99438477 
        4981.02290481            0.50000000        17757.39453125        31352.19335937         1120.99438477 
        4981.48533290            0.50000000        17801.39453125        30916.19335937         1079.99438477 
        4982.00819077            0.50000000        17727.39453125        30171.19335937         1057.99438477 
        4982.42555769            0.50000000        17754.39453125        29520.19335937         1034.99438477 
        4983.00899379            0.50000000        17794.39453125        28613.19335937         1033.99438477 
        4983.47182523            0.50000000        17654.39453125        27518.19335937         1021.99432373 
        4984.04546418            0.50000000        17726.39453125        26490.19335937          992.99432373 
        4984.46823792            0.50000000        17682.39453125        25531.19335937          980.99432373 
        4985.00185004            0.50000000        17645.39453125        24600.19335937          959.99432373 
        4985.46508635            0.50000000        17644.39453125        23916.19335937          956.99432373 
        4985.98382131            0.50000000        17578.39453125        23291.19335937          916.99432373 
        4986.42206804            0.50000000        17677.39453125        23112.19335937          937.99432373 
        4986.99141081            0.50000000        17609.39453125        22717.19335937          935.99432373 
        4987.46513168            0.50000000        17599.39453125        22636.19335937          942.99432373 
        4988.04985905            0.50000000        17703.39453125        22811.19335937          949.99432373 
        4988.46329124            0.50000000        17550.39453125        22789.19335937          928.99432373 
        4989.00288250            0.50000000        17647.39453125        23269.19335937          935.99432373 
        4989.46693217            0.50000000        17459.39453125        23362.19335937          947.99432373 
        4989.96639539            0.50000000        17439.39453125        23743.19335937          947.99432373 
        4990.42054772            0.50000000        17489.39453125        24323.19335937          941.99432373 
        4990.99088918            0.50000000        17491.39453125        24863.19335937          949.99432373 
        4991.46039215            0.50000000        17409.39453125        25201.19335937          955.99432373 
        4992.02594326            0.50000000        17451.39453125        25804.19335937          981.99432373 
        4992.46030081            0.50000000        17362.39453125        26013.19335937          955.99432373 
        4992.99073309            0.50000000        17346.39453125        26276.19335937          964.99432373 
        4993.46064743            0.50000000        17402.39453125        26577.19335937          985.99432373 
        4993.94076728            0.50000000        17349.39453125        26614.19335937          938.99432373 
        4994.42604354            0.50000000        17324.39453125        26659.19335937          966.99432373 
        4994.96704585            0.50000000        17437.39453125        26813.19335937          973.99432373 
        4995.44748237            0.50000000        17351.39453125        26656.19335937          961.99432373 
        4996.00390349            0.50000000        17217.39453125        26344.19335937          925.99432373 
        4996.47443794            0.50000000        17352.39453125        26401.19335937          963.99432373 
        4996.98049704            0.50000000        17282.39453125        26165.19335937          921.99432373 
        4997.46135696            0.50000000        17163.39453125        25809.19335937          905.99432373 
        4997.92712823            0.50000000        17266.39453125        25738.19335937          912.99432373 
        4998.44363774            0.50000000        17184.39453125        25401.19335937          887.99432373 
        4998.95519838            0.50000000        17071.39453125        25007.19335937          849.99432373 
        4999.45167354            0.50000000        17209.39453125        25021.19335937          864.99432373 
        4999.99386642            0.50000000        17248.39453125        24923.19335937          854.99432373 
        5000.48549814            0.50000000        17149.39453125        24782.19335937          831.99432373 
        5000.96202554            0.50000000        17077.39453125        24619.19335937          858.99432373 
        5001.47414964            0.50000000        17229.39453125        24754.19335937          847.99432373 
        5001.92552231            0.50000000        17130.39453125        24817.19335937          819.99432373 
        5002.44800855            0.50000000        17081.39453125        24848.19335937          838.99432373 
        5002.91987043            0.50000000        16982.39453125        24842.19335937          830.99432373 
        5003.45781011            0.50000000        17086.39453125        25274.19335937          842.99432373 
        5003.96541625            0.50000000        16926.39453125        25176.19335937          814.99432373 
        5004.49852381            0.50000000        16987.39453125        25627.19335937          807.99432373 
        5004.94541431            0.50000000        16908.39453125        25782.19335937          798.99432373 
        5005.46351015            0.50000000        17036.39453125        26251.19335937          847.99432373 
        5005.91058895            0.50000000        16897.39453125        26405.19335937          838.99432373 
        5007.58791178            0.50000000        16867.39453125        27298.19335937          851.99432373 
        5009.39367596            0.50000000        16843.39453125        28042.19335937          875.99432373 
        5011.19577056            0.50000000        16639.39453125        28169.19335937          876.99432373 
        5013.01966861            0.50000000        16576.39453125        28258.19335937          915.99432373 
        5014.82971498            0.50000000        16465.39453125        28034.19335937          912.99432373 
        5016.80965250            0.50000000        16453.39453125        28059.19335937          894.99432373 
        5018.74531260            0.50000000        16329.39355469        27969.19335937          896.99432373 
        5020.78999541            0.50000000        16287.39355469        28294.19335937          913.99432373 
        5022.77507644            0.50000000        16328.39355469        28692.19335937          910.99432373 
        5024.87457660            0.50000000        16086.39355469        28584.19335937          919.99432373 
        5026.90933386            0.50000000        16014.39355469        28525.19335937          893.99432373 
        5029.05880037            0.50000000        15860.39355469        28258.19335937          853.99432373 
        5031.19486261            0.50000000        15908.39355469        28271.19335937          850.99432373 
        5033.46659965            0.50000000        15875.39355469        28110.19335937          830.99432373 
        5035.73542923            0.50000000        15703.39355469        27593.19335937          771.99432373 
        5038.00649172            0.50000000        15624.39355469        27179.19335937          748.99432373 
        5040.25916073            0.50000000        15410.39355469        26600.19335937          716.99432373 
        5042.64309213            0.50000000        15432.39355469        26690.19335937          692.99432373 
        5045.10700638            0.50000000        15336.39355469        26845.19335937          711.99432373 
        5047.44420937            0.50000000        15173.39355469        26916.19335937          702.99432373 
        5049.97539323            0.50000000        15116.39355469        26992.19335937          708.99432373 
        5052.42639273            0.50000000        14876.39355469        26741.19335937          717.99432373 
        5054.94226943            0.50000000        14849.39355469        26878.19335937          755.99432373 
        5057.56999460            0.50000000        14730.39355469        26911.19335937          765.99432373 
        5060.15908454            0.50000000        14633.39355469        27009.19335937          761.99432373 
        5062.78751994            0.50000000        14543.39355469        27182.19335937          759.99432373 
        5065.55449286            0.50000000        14464.39355469        27191.19335937          780.99432373 
        5068.26212267            0.50000000        14300.39355469        27154.19335937          785.99432373 
        5071.07220752            0.50000000        13994.39355469        26917.19335937          775.99432373 
        5073.96418151            0.50000000        14083.39355469        27299.19335937          785.99432373 
        5076.78116247            0.50000000        13875.39355469        27242.19335937          773.99432373 
        5079.66974605            0.50000000        13575.39355469        26854.19335937          728.99432373 
        5082.71423121            0.50000000        13586.39355469        27246.19335937          717.99432373 
        5085.72061903            0.50000000        13416.39355469        27227.19335937          673.99432373 
        5088.70455233            0.50000000        13432.39355469        27425.19335937          674.99432373 
        5091.83467007            0.50000000        13262.39355469        27324.19335937          676.99432373 
        5094.95842309            0.50000000        13117.39355469        27244.19335937          635.99432373 
        5098.05991575            0.50000000        13056.39355469        27363.19335937          661.99432373 
        5101.23964079            0.50000000        12923.39355469        27550.19335937          675.99432373 
        5104.50851173            0.50000000        12742.39355469        27485.19335937          719.99432373 
        5107.78725428            0.50000000        12659.39355469        27506.19335937          723.99432373 
        5111.06526691            0.50000000        12609.39355469        27621.19335937          726.99432373 
        5114.39577678            0.50000000        12542.39355469        27637.19335937          744.99432373 
        5117.77899722            0.50000000        12300.39355469        27410.19335937          736.99432373 
        5121.17776897            0.50000000        12031.39355469        27074.19335937          732.99432373 
        5124.60284295            0.50000000        11909.39355469        26842.19335937          710.99432373 
        5128.08109834            0.50000000        12036.39355469        27458.19335937          737.99432373 
        5131.60203310            0.50000000        11759.39355469        27088.19335937          737.99432373 
        5135.13359955            0.50000000        11620.39355469        27138.19335937          716.99432373 
        5138.71348792            0.50000000        11441.39355469        26964.19335937          693.99432373 
        5142.41733236            0.50000000        11412.39355469        27089.19335937          701.99432373 
        5145.98668794            0.50000000        10943.39355469        26441.19335937          669.99432373 
        5149.69113124            0.50000000        10957.39355469        26716.19335937          671.99432373 
        5153.42302496            0.50000000        10805.39355469        26557.19335937          661.99432373 
        5157.17164198            0.50000000        10561.39355469        26443.19335937          672.99432373 
        5161.02935832            0.50000000        10425.39355469        26427.19335937          680.99432373 
        5164.84983618            0.50000000        10172.39355469        26260.19335937          686.99432373 
        5168.74728178            0.50000000        10101.39355469        26416.19335937          702.99432373 
        5172.69477363            0.50000000         9863.39355469        26016.19335937          705.99432373 
        5176.53950083            0.50000000         9710.39355469        26031.19335937          700.99432373 
        5180.55467736            0.50000000         7871.39404297        21493.19335937          617.99432373 
        5184.54371529            0.50000000         9567.39355469        26231.19335937          734.99432373 
        5188.53393181            0.50000000         9277.39355469        25896.19335937          728.99432373 
        5192.70139770            0.50000000         9035.39355469        25496.19335937          717.99432373 
        5196.83203404            0.50000000         8715.39355469        24843.19335937          695.99432373 
        5200.94219583            0.50000000         8494.39355469        24566.19335937          675.99432373 
        5205.14791567            0.50000000         8156.39404297        23882.19335937          645.99432373 
        5208.92330839            0.50000000         7800.39404297        23077.19335937          647.99432373 
