# 1-D Scan File created by LabVIEW Control Panel  12/6/2011  12:06:14 AM; Scan time 0 hrs 4 min 28 sec. 
#
# Beamline 20 BM
#
# Scan config: 
#                 E0: 4966.00 eV   223 points
#        Scan bounds:  -100.00 -30.00 40.00 243.35 (7.99 (k))
#       Scan step(s):  5.00 0.50 0.07
#  Integration times:  0.50 0.50 0.50    kwgt in EXAFS region: 0.0 
#
# User Comment:
# 50oC
#
#
# Amplifier Sensitivities:
# Preslit: 20 nA/V  I0: 20 nA/V  I: 100 pA/V  IREF: 50 pA/V  
#
# Analog Input Voltages at start/end of scan:
# Preslit: 0.034/0.032  I0: 0.644/0.402  Ignore: 0.017/0.011  I: 0.885/0.776  IREF: 0.239/0.143  
#
# Mono Info:
# 
#
# ID Info:
# 
#
# Slit Info:
# Kappa S1:  Center is at -542 (H), 500 (V)   Size is 8000 wide x 2000 high
# Vacuum Slits:  Center is at 850 (H), -25 (V)   Size is 899 wide x 1000 high
#
# Motor Positions:
# SMV (20bm:m29): -37594.243125 SMH (20bm:m30): 4802.187500 
#
# Detector Names/PVs:
# I0/20bm:scaler1_netA.C  I/20bm:scaler1_netA.E  IREF/20bm:scaler1_netA.F  
#
# Positioner names/Drive PVs/Readback PVs:
# Mono Energy */20bm:monoE.VAL/20bm:EnctoE.VAL  Scaler preset time */20bm:scaler1.TP/  
# Here is a readable list of column headings:
#  1) Mono Energy *        
#  2) Scaler preset time * 
#  3) I0                   
#  4) I                    
#  5) IREF                 
#
# Column Headings:
#Mono Energy *        Scaler preset time * I0                   I                    IREF                 
        4865.41045621            0.50000000        27118.39453125        39158.19531250         5554.99414062 
        4870.46198442            0.50000000        26979.39453125        39289.19531250         5611.99414062 
        4875.47230129            0.50000000        26950.39453125        39577.19531250         5497.99414062 
        4880.55163053            0.50000000        26744.39453125        39631.19531250         5354.99414062 
        4885.60405772            0.50000000        26598.39453125        39738.19531250         5290.99414062 
        4890.59556114            0.50000000        26613.39453125        40184.19531250         5245.99414062 
        4895.68053777            0.50000000        26473.39453125        40325.19531250         5173.99414062 
        4900.79653417            0.50000000        26430.39453125        40609.19531250         5098.99414062 
        4905.81732881            0.50000000        26297.39453125        40873.19531250         5071.99414062 
        4910.82993377            0.50000000        26278.39453125        41232.19531250         5039.99414062 
        4915.84402059            0.50000000        25958.39453125        41191.19531250         4944.99414062 
        4920.87424191            0.50000000        25981.39453125        41705.19531250         4925.99414062 
        4925.91085739            0.50000000        25943.39453125        42097.19531250         4937.99414062 
        4930.90962771            0.50000000        25823.39453125        42420.19531250         4939.99414062 
        4935.97865094            0.50000000        25743.39453125        42721.19531250         4885.99414062 
        4936.49110943            0.50000000        25839.39453125        43041.19531250         4921.99414062 
        4936.95932245            0.50000000        25912.39453125        43192.19531250         4916.99414062 
        4937.46214370            0.50000000        25919.39453125        43258.19531250         4958.99414062 
        4937.94042094            0.50000000        25698.39453125        42983.19531250         4901.99414062 
        4938.44839348            0.50000000        25793.39453125        43114.19531250         4916.99414062 
        4938.96141396            0.50000000        25817.39453125        43216.19531250         4940.99414062 
        4939.45481300            0.50000000        25742.39453125        43152.19531250         4900.99414062 
        4940.00754815            0.50000000        25743.39453125        43160.19531250         4900.99414062 
        4940.48142899            0.50000000        25743.39453125        43203.19531250         4898.99414062 
        4940.99491229            0.50000000        25781.39453125        43454.19531250         4900.99414062 
        4941.46900066            0.50000000        25605.39453125        43174.19531250         4898.99414062 
        4941.96294868            0.50000000        25672.39453125        43337.19531250         4849.99414062 
        4942.44712268            0.50000000        25798.39453125        43589.19531250         4941.99414062 
        4942.98576482            0.50000000        25650.39453125        43378.19531250         4907.99414062 
        4943.47510170            0.50000000        25665.39453125        43433.19531250         4914.99414062 
        4944.03871198            0.50000000        25749.39453125        43641.19531250         4927.99414062 
        4944.48376690            0.50000000        25590.39453125        43449.19531250         4868.99414062 
        4945.01300194            0.50000000        25613.39453125        43469.19531250         4866.99414062 
        4945.47803978            0.50000000        25451.39453125        43357.19531250         4813.99414062 
        4945.97781487            0.50000000        25652.39453125        43612.19531250         4881.99414062 
        4946.44800131            0.50000000        25782.39453125        43872.19531250         4922.99414062 
        4947.00740320            0.50000000        25704.39453125        43939.19531250         4927.99414062 
        4947.49266039            0.50000000        25692.39453125        43934.19531250         4952.99414062 
        4948.06718121            0.50000000        25732.39453125        44018.19531250         4928.99414062 
        4948.49321337            0.50000000        25681.39453125        44079.19531250         4920.99414062 
        4949.03329982            0.50000000        25631.39453125        44060.19531250         4916.99414062 
        4949.49916612            0.50000000        25659.39453125        44144.19531250         4912.99414062 
        4950.00974691            0.50000000        25609.39453125        44076.19531250         4899.99414062 
        4950.46093854            0.50000000        25635.39453125        44199.19531250         4914.99414062 
        4951.02629470            0.50000000        25791.39453125        44531.19531250         4935.99414062 
        4951.50249377            0.50000000        25652.39453125        44309.19531250         4915.99414062 
        4952.09788366            0.50000000        25736.39453125        44472.19531250         4965.99414062 
        4952.49986046            0.50000000        25746.39453125        44510.19531250         4966.99414062 
        4953.04586929            0.50000000        25703.39453125        44439.19531250         4937.99414062 
        4953.50263245            0.50000000        25808.39453125        44789.19531250         4929.99414062 
        4954.01908448            0.50000000        25687.39453125        44640.19531250         4926.99414062 
        4954.46114186            0.50000000        25711.39453125        44674.19531250         4952.99414062 
        4955.03743618            0.50000000        25766.39453125        44871.19531250         4933.99414062 
        4955.50951068            0.50000000        25622.39453125        44648.19531250         4871.99414062 
        4956.10098505            0.50000000        25761.39453125        44924.19531250         4948.99414062 
        4956.50864558            0.50000000        25501.39453125        44660.19531250         4891.99414062 
        4957.05562256            0.50000000        25579.39453125        44747.19531250         4886.99414062 
        4957.51319571            0.50000000        25622.39453125        44816.19531250         4913.99414062 
        4958.04548949            0.50000000        25677.39453125        45127.19531250         4917.99414062 
        4958.46842887            0.50000000        25549.39453125        44778.19531250         4874.99414062 
        4959.03578922            0.50000000        25624.39453125        45052.19531250         4885.99414062 
        4959.50869808            0.50000000        25542.39453125        44917.19531250         4886.99414062 
        4960.09623814            0.50000000        25569.39453125        45092.19531250         4873.99414062 
        4960.50959913            0.50000000        25497.39453125        44978.19531250         4874.99414062 
        4961.05256124            0.50000000        25703.39453125        45289.19531250         4898.99414062 
        4961.50595952            0.50000000        25406.39453125        44923.19531250         4853.99414062 
        4962.04417629            0.50000000        25717.39453125        45421.19531250         4904.99414062 
        4962.46287769            0.50000000        25413.39453125        45039.19531250         4795.99414062 
        4963.03622526            0.50000000        25760.39453125        45645.19531250         4886.99414062 
        4963.50996957            0.50000000        25381.39453125        45119.19531250         4750.99414062 
        4964.11351354            0.50000000        25509.39453125        45324.19531250         4757.99414062 
        4964.50764959            0.50000000        25370.39453125        45213.19531250         4637.99414062 
        4965.04657931            0.50000000        25478.39453125        45333.19531250         4558.99414062 
        4965.49578522            0.50000000        25346.39453125        45264.19531250         4308.99414062 
        4966.03494973            0.50000000        25483.39453125        45379.19531250         3784.99438477 
        4966.44939471            0.50000000        25352.39453125        45284.19531250         2987.99438477 
        4967.03374090            0.50000000        25427.39453125        45251.19531250         2633.99438477 
        4967.50332462            0.50000000        25283.39453125        45069.19531250         2744.99438477 
        4968.09793699            0.50000000        25409.39453125        45165.19531250         3125.99438477 
        4968.48276917            0.50000000        25262.39453125        44850.19531250         3226.99438477 
        4969.03764204            0.50000000        25403.39453125        44780.19531250         3203.99438477 
        4969.48263806            0.50000000        25297.39453125        44583.19531250         3090.99438477 
        4970.02775200            0.50000000        25408.39453125        44477.19531250         2946.99438477 
        4970.43792395            0.50000000        25300.39453125        44168.19531250         2806.99438477 
        4971.02830139            0.50000000        25364.39453125        44127.19531250         2718.99438477 
        4971.48870211            0.50000000        25218.39453125        44096.19531250         2661.99438477 
        4972.08936502            0.50000000        25366.39453125        44569.19531250         2656.99438477 
        4972.47487403            0.50000000        25216.39453125        44462.19531250         2578.99438477 
        4973.03072288            0.50000000        25314.39453125        44499.19531250         2524.99438477 
        4973.48151094            0.50000000        25195.39453125        44291.19531250         2398.99438477 
        4974.01255376            0.50000000        25286.39453125        44006.19531250         2256.99438477 
        4974.42845690            0.50000000        25208.39453125        43333.19531250         2139.99438477 
        4975.01987187            0.50000000        25246.39453125        42433.19531250         2002.99438477 
        4975.48108179            0.50000000        25163.39453125        41448.19531250         1911.99438477 
        4976.07277057            0.50000000        25402.39453125        40884.19531250         1848.99438477 
        4976.46898723            0.50000000        25155.39453125        39897.19531250         1742.99438477 
        4977.02079626            0.50000000        25344.39453125        39657.19531250         1687.99438477 
        4977.47739399            0.50000000        25150.39453125        38952.19531250         1595.99438477 
        4978.00937062            0.50000000        25349.39453125        38966.19531250         1572.99438477 
        4978.42600518            0.50000000        25027.39453125        38125.19531250         1472.99438477 
        4979.00841742            0.50000000        25292.39453125        38319.19531250         1467.99438477 
        4979.48048149            0.50000000        25128.39453125        37796.19531250         1428.99438477 
        4980.07321115            0.50000000        25260.39453125        37706.19531250         1382.99438477 
        4980.47514955            0.50000000        25071.39453125        37095.19531250         1359.99438477 
        4981.02793070            0.50000000        25072.39453125        36631.19531250         1314.99438477 
        4981.48030601            0.50000000        25133.39453125        36165.19531250         1299.99438477 
        4982.00819077            0.50000000        25074.39453125        35213.19531250         1258.99438477 
        4982.42555769            0.50000000        25093.39453125        34502.19531250         1250.99438477 
        4983.00899379            0.50000000        25113.39453125        33297.19531250         1206.99438477 
        4983.47685652            0.50000000        24946.39453125        31984.19335937         1176.99438477 
        4984.05552931            0.50000000        25066.39453125        30778.19335937         1176.99438477 
        4984.47327141            0.50000000        25047.39453125        29689.19335937         1166.99438477 
        4985.01191939            0.50000000        25027.39453125        28562.19335937         1150.99438477 
        4985.47012205            0.50000000        25031.39453125        27867.19335937         1137.99438477 
        4985.98885815            0.50000000        24911.39453125        27087.19335937         1122.99438477 
        4986.43214366            0.50000000        25054.39453125        26901.19335937         1125.99438477 
        4987.00148895            0.50000000        24942.39453125        26482.19335937         1100.99438477 
        4987.47521192            0.50000000        24977.39453125        26468.19335937         1113.99438477 
        4988.05994187            0.50000000        25063.39453125        26633.19335937         1153.99438477 
        4988.47337588            0.50000000        24822.39453125        26558.19335937         1101.99438477 
        4989.00792601            0.50000000        24927.39453125        27106.19335937         1119.99438477 
        4989.47197671            0.50000000        24786.39453125        27413.19335937         1112.99438477 
        4989.98153235            0.50000000        24814.39453125        27993.19335937         1132.99438477 
        4990.42559437            0.50000000        24781.39453125        28566.19335937         1143.99438477 
        4990.99593709            0.50000000        24755.39453125        29147.19335937         1154.99438477 
        4991.47049005            0.50000000        24707.39453125        29672.19335937         1145.99438477 
        4992.03604366            0.50000000        24748.39453125        30280.19335937         1142.99438477 
        4992.46535196            0.50000000        24637.39453125        30531.19335937         1171.99438477 
        4993.00083776            0.50000000        24662.39453125        30928.19335937         1161.99438477 
        4993.46570080            0.50000000        24698.39453125        31221.19335937         1167.99438477 
        4993.95087615            0.50000000        24580.39453125        31133.19335937         1145.99438477 
        4994.43109904            0.50000000        24609.39453125        31261.19335937         1156.99438477 
        4994.97715927            0.50000000        24740.39453125        31468.19335937         1168.99438477 
        4995.45759791            0.50000000        24670.39453125        31306.19335937         1132.99438477 
        4996.01402149            0.50000000        24524.39453125        30972.19335937         1103.99438477 
        4996.48455802            0.50000000        24667.39453125        31035.19335937         1146.99438477 
        4996.98555820            0.50000000        24606.39453125        30745.19335937         1135.99438477 
        4997.46641918            0.50000000        24507.39453125        30433.19335937         1114.99438477 
        4997.93725475            0.50000000        24598.39453125        30258.19335937         1104.99438477 
        4998.44870213            0.50000000        24605.39453125        30002.19335937         1075.99438477 
        4998.96532945            0.50000000        24531.39453125        29639.19335937         1028.99438477 
        4999.46180681            0.50000000        24685.39453125        29636.19335937         1074.99438477 
        5000.00906995            0.50000000        24700.39453125        29509.19335937         1052.99438477 
        5000.49563599            0.50000000        24634.39453125        29378.19335937         1022.99432373 
        5000.97723550            0.50000000        24553.39453125        29201.19335937         1019.99432373 
        5001.48429187            0.50000000        24710.39453125        29452.19335937         1023.99432373 
        5001.93566654            0.50000000        24641.39453125        29527.19335937         1017.99432373 
        5002.45815509            0.50000000        24621.39453125        29571.19335937         1018.99432373 
        5002.93509340            0.50000000        24460.39453125        29554.19335937          981.99432373 
        5003.46796113            0.50000000        24579.39453125        30113.19335937         1001.99432373 
        5003.98064617            0.50000000        24335.39453125        30013.19335937          978.99432373 
        5004.50867945            0.50000000        24446.39453125        30524.19335937          995.99432373 
        5004.95557193            0.50000000        24354.39453125        30742.19335937          980.99432373 
        5005.47875003            0.50000000        24504.39453125        31226.19335937         1022.99432373 
        5005.92583181            0.50000000        24313.39453125        31399.19335937          989.99432373 
        5007.59299644            0.50000000        24370.39453125        32667.19335937         1034.99438477 
        5009.40385331            0.50000000        24356.39453125        33541.19531250         1074.99438477 
        5011.20086323            0.50000000        24171.39453125        33899.19531250         1086.99438477 
        5013.01966861            0.50000000        24044.39453125        33888.19531250         1099.99438477 
        5014.83481572            0.50000000        23871.39453125        33592.19531250         1073.99438477 
        5016.80965250            0.50000000        23905.39453125        33657.19531250         1070.99438477 
        5018.75042204            0.50000000        23793.39453125        33695.19531250         1070.99438477 
        5020.78999541            0.50000000        23736.39453125        34097.19531250         1118.99438477 
        5022.77507644            0.50000000        23777.39453125        34490.19531250         1083.99438477 
        5024.86945353            0.50000000        23531.39453125        34524.19531250         1112.99438477 
        5026.90933386            0.50000000        23565.39453125        34748.19531250         1079.99438477 
        5029.06393276            0.50000000        23359.39453125        34359.19531250         1052.99438477 
        5031.19999976            0.50000000        23375.39453125        34371.19531250         1058.99438477 
        5033.46659965            0.50000000        23366.39453125        34153.19531250         1021.99432373 
        5035.74057651            0.50000000        23229.39453125        33608.19531250          941.99432373 
        5038.01679641            0.50000000        23129.39453125        33103.19531250          917.99432373 
        5040.26947548            0.50000000        22904.39453125        32628.19335937          911.99432373 
        5042.64825482            0.50000000        22938.39453125        32784.19531250          923.99432373 
        5045.11734279            0.50000000        22823.39453125        32986.19531250          883.99432373 
        5047.45455623            0.50000000        22665.39453125        33117.19531250          908.99432373 
        5049.98575141            0.50000000        22658.39453125        33433.19531250          907.99432373 
        5052.43676187            0.50000000        22309.39453125        33011.19531250          917.99432373 
        5054.96303029            0.50000000        22287.39453125        33274.19531250          932.99432373 
        5057.58038677            0.50000000        22157.39453125        33369.19531250          944.99432373 
        5060.17469022            0.50000000        22089.39453125        33651.19531250          976.99432373 
        5062.79793550            0.50000000        21988.39453125        33886.19531250          949.99432373 
        5065.57534886            0.50000000        21900.39453125        34011.19531250          991.99432373 
        5068.27778288            0.50000000        21732.39453125        34049.19531250          952.99432373 
        5071.08266027            0.50000000        21309.39453125        33669.19531250          968.99432373 
        5073.97464726            0.50000000        21507.39453125        34436.19531250          980.99432373 
        5076.79688009            0.50000000        21351.39453125        34549.19531250          969.99432373 
        5079.68548317            0.50000000        20919.39453125        34127.19531250          930.99432373 
        5082.72998888            0.50000000        20991.39453125        34607.19531250          893.99432373 
        5085.73639701            0.50000000        20744.39453125        34604.19531250          877.99432373 
        5088.72035048            0.50000000        20728.39453125        34845.19531250          868.99432373 
        5091.85576252            0.50000000        20575.39453125        34893.19531250          828.99432373 
        5094.98482391            0.50000000        20308.39453125        34725.19531250          819.99432373 
        5098.08635157            0.50000000        20251.39453125        34959.19531250          852.99432373 
        5101.26081815            0.50000000        20111.39453125        35166.19531250          895.99432373 
        5104.52971864            0.50000000        19889.39453125        35225.19531250          929.99432373 
        5107.80318169            0.50000000        19717.39453125        35255.19531250          945.99432373 
        5111.09184973            0.50000000        19765.39453125        35581.19531250          959.99432373 
        5114.41707317            0.50000000        19619.39453125        35602.19531250          954.99432373 
        5117.79499250            0.50000000        19287.39453125        35252.19531250          938.99432373 
        5121.18844788            0.50000000        19020.39453125        35012.19531250          937.99432373 
        5124.62423191            0.50000000        18779.39453125        34808.19531250          942.99432373 
        5128.10251888            0.50000000        19041.39453125        35625.19531250          973.99432373 
        5131.62348564            0.50000000        18657.39453125        35230.19531250          961.99432373 
        5135.14434185            0.50000000        18470.39453125        35320.19531250          944.99432373 
        5138.72962582            0.50000000        18299.39453125        35308.19531250          932.99432373 
        5142.42810781            0.50000000        18302.39453125        35581.19531250          933.99432373 
        5145.98668794            0.50000000        17701.39453125        34945.19531250          900.99432373 
        5149.70193983            0.50000000        17635.39453125        35260.19531250          860.99432373 
        5153.42843777            0.50000000        17549.39453125        35442.19531250          867.99432373 
        5157.18248472            0.50000000        17235.39453125        35376.19531250          880.99432373 
        5161.03478849            0.50000000        17141.39453125        35548.19531250          911.99432373 
        5164.85527509            0.50000000        16786.39453125        35413.19531250          923.99432373 
        5168.74728178            0.50000000        16710.39453125        35780.19531250          936.99432373 
        5172.70023049            0.50000000        16497.39453125        35721.19531250          965.99432373 
        5176.55043219            0.50000000        16028.39355469        35298.19531250          966.99432373 
        5180.56015224            0.50000000        13289.39355469        29751.19335937          855.99432373 
        5184.54919932            0.50000000        16041.39355469        36078.19531250         1021.99432373 
        5188.53942501            0.50000000        15715.39355469        35882.19531250         1005.99432373 
        5192.70690048            0.50000000        15360.39355469        35509.19531250         1007.99432373 
        5196.83203404            0.50000000        14970.39355469        35017.19531250          994.99432373 
        5200.94771756            0.50000000        14630.39355469        34693.19531250          974.99432373 
        5205.15344710            0.50000000        14248.39355469        34289.19531250          946.99432373 
        5208.92884851            0.50000000        13693.39355469        33285.19531250          931.99432373 
