# 1-D Scan File created by LabVIEW Control Panel  12/5/2011  9:45:40 PM; Scan time 0 hrs 4 min 28 sec. 
#
# Beamline 20 BM
#
# Scan config: 
#                 E0: 4966.00 eV   223 points
#        Scan bounds:  -100.00 -30.00 40.00 243.35 (7.99 (k))
#       Scan step(s):  5.00 0.50 0.07
#  Integration times:  0.50 0.50 0.50    kwgt in EXAFS region: 0.0 
#
# User Comment:
# 50oC
#
#
# Amplifier Sensitivities:
# Preslit: 20 nA/V  I0: 20 nA/V  I: 100 pA/V  IREF: 50 pA/V  
#
# Analog Input Voltages at start/end of scan:
# Preslit: 0.034/0.033  I0: 0.899/0.666  Ignore: 0.027/0.019  I: 0.971/1.192  IREF: 0.250/0.156  
#
# Mono Info:
# 
#
# ID Info:
# 
#
# Slit Info:
# Kappa S1:  Center is at -542 (H), 500 (V)   Size is 8000 wide x 2000 high
# Vacuum Slits:  Center is at 850 (H), -25 (V)   Size is 899 wide x 1000 high
#
# Motor Positions:
# SMV (20bm:m29): -37594.243125 SMH (20bm:m30): 4802.187500 
#
# Detector Names/PVs:
# I0/20bm:scaler1_netA.C  I/20bm:scaler1_netA.E  IREF/20bm:scaler1_netA.F  
#
# Positioner names/Drive PVs/Readback PVs:
# Mono Energy */20bm:monoE.VAL/20bm:EnctoE.VAL  Scaler preset time */20bm:scaler1.TP/  
# Here is a readable list of column headings:
#  1) Mono Energy *        
#  2) Scaler preset time * 
#  3) I0                   
#  4) I                    
#  5) IREF                 
#
# Column Headings:
#Mono Energy *        Scaler preset time * I0                   I                    IREF                 
        4865.42000357            0.50000000        39772.39453125        43461.19531250         6340.99414062 
        4870.48590741            0.50000000        39700.39453125        43734.19531250         6367.99414062 
        4875.50107382            0.50000000        39758.39453125        44192.19531250         6316.99414062 
        4880.58527538            0.50000000        39699.39453125        44552.19531250         6157.99414062 
        4885.63296174            0.50000000        39565.39453125        44830.19531250         6114.99414062 
        4890.62935822            0.50000000        39598.39453125        45317.19531250         6140.99414062 
        4895.70957283            0.50000000        39566.39453125        45632.19531250         6017.99414062 
        4900.82078555            0.50000000        39516.39453125        46073.19531250         6010.99414062 
        4905.85135718            0.50000000        39443.39453125        46468.19531250         6006.99414062 
        4910.85916633            0.50000000        39478.39453125        46960.19531250         6089.99414062 
        4915.88308475            0.50000000        39193.39453125        47200.19531250         5836.99414062 
        4920.90849975            0.50000000        39264.39453125        47833.19531250         5826.99414062 
        4925.94519215            0.50000000        39218.39453125        48336.19531250         5834.99414062 
        4930.95878669            0.50000000        39166.39453125        48787.19531250         5777.99414062 
        4936.01806668            0.50000000        39166.39453125        49382.19531250         5763.99414062 
        4936.52560602            0.50000000        39322.39453125        49683.19531250         5784.99414062 
        4936.99875535            0.50000000        39393.39453125        49814.19531250         5817.99414062 
        4937.49665515            0.50000000        39379.39453125        49888.19531250         5829.99414062 
        4937.97987102            0.50000000        39182.39453125        49716.19531250         5728.99414062 
        4938.47798764            0.50000000        39229.39453125        49794.19531250         5813.99414062 
        4939.00088191            0.50000000        39260.39453125        49951.19531250         5806.99414062 
        4939.49922422            0.50000000        39239.39453125        49970.19531250         5764.99414062 
        4940.04703442            0.50000000        39147.39453125        49897.19531250         5763.99414062 
        4940.51598670            0.50000000        39273.39453125        50069.19531250         5820.99414062 
        4941.03441585            0.50000000        39270.39453125        50165.19531250         5792.99414062 
        4941.50851252            0.50000000        39060.39453125        49982.19531250         5728.99414062 
        4942.00740930            0.50000000        39123.39453125        50111.19531250         5709.99414062 
        4942.47676937            0.50000000        39353.39453125        50420.19531250         5811.99414062 
        4943.02530326            0.50000000        39192.39453125        50329.19531250         5776.99414062 
        4943.51464871            0.50000000        39203.39453125        50379.19531250         5758.99414062 
        4944.07826887            0.50000000        39321.39453125        50610.19531250         5846.99414062 
        4944.52333159            0.50000000        39154.39453125        50493.19531250         5783.99414062 
        4945.05257590            0.50000000        39136.39453125        50469.19531250         5755.99414062 
        4945.52256971            0.50000000        38948.39453125        50342.19531250         5730.99414062 
        4946.02730357            0.50000000        39062.39453125        50569.19531250         5727.99414062 
        4946.48265050            0.50000000        39229.39453125        50764.19531250         5844.99414062 
        4947.04206097            0.50000000        39194.39453125        50843.19531250         5826.99414062 
        4947.53723006            0.50000000        39116.39453125        50842.19531250         5865.99414062 
        4948.11671570            0.50000000        39153.39453125        50908.19531250         5813.99414062 
        4948.53284836            0.50000000        39164.39453125        51067.19531250         5825.99414062 
        4949.06303310            0.50000000        39098.39453125        51042.19531250         5842.99414062 
        4949.52890552            0.50000000        39144.39453125        51142.19531250         5845.99414062 
        4950.04940850            0.50000000        39107.39453125        51135.19531250         5796.99414062 
        4950.49564931            0.50000000        39091.39453125        51142.19531250         5812.99414062 
        4951.06597412            0.50000000        39286.39453125        51534.19531250         5884.99414062 
        4951.54218155            0.50000000        39075.39453125        51292.19531250         5803.99414062 
        4952.13758189            0.50000000        39197.39453125        51515.19531250         5884.99414062 
        4952.53460255            0.50000000        39247.39453125        51599.19531250         5858.99414062 
        4953.08061977            0.50000000        39138.39453125        51535.19531250         5840.99414062 
        4953.54732075            0.50000000        39290.39453125        51825.19531250         5911.99414062 
        4954.05881644            0.50000000        39203.39453125        51836.19531250         5840.99414062 
        4954.49591408            0.50000000        39236.39453125        51885.19531250         5848.99414062 
        4955.06724850            0.50000000        39354.39453125        52099.19531250         5886.99414062 
        4955.54429902            0.50000000        39108.39453125        51843.19531250         5811.99414062 
        4956.13578248            0.50000000        39275.39453125        52138.19531250         5849.99414062 
        4956.54344927            0.50000000        38960.39453125        51835.19531250         5788.99414062 
        4957.08546147            0.50000000        39140.39453125        52085.19531250         5785.99414062 
        4957.54304065            0.50000000        39152.39453125        52188.19531250         5850.99414062 
        4958.07534145            0.50000000        39210.39453125        52273.19531250         5881.99414062 
        4958.50326269            0.50000000        39177.39453125        52228.19531250         5827.99414062 
        4959.07063177            0.50000000        39236.39453125        52480.19531250         5853.99414062 
        4959.54852649            0.50000000        39039.39453125        52240.19531250         5785.99414062 
        4960.13607688            0.50000000        39249.39453125        52629.19531250         5860.99414062 
        4960.54944514            0.50000000        39067.39453125        52454.19531250         5774.99414062 
        4961.08245284            0.50000000        39594.39453125        53114.19531250         5889.99414062 
        4961.54084007            0.50000000        39215.39453125        52822.19531250         5794.99414062 
        4962.07906512            0.50000000        39543.39453125        53251.19531250         5880.99414062 
        4962.49777296            0.50000000        39163.39453125        52805.19531250         5742.99414062 
        4963.07112935            0.50000000        39534.39453125        53307.19531250         5844.99414062 
        4963.54986834            0.50000000        39145.39453125        52962.19531250         5689.99414062 
        4964.14344552            0.50000000        39374.39453125        53238.19531250         5665.99414062 
        4964.53758677            0.50000000        39178.39453125        53065.19531250         5557.99414062 
        4965.08151436            0.50000000        39335.39453125        53319.19531250         5457.99414062 
        4965.53571894            0.50000000        39175.39453125        53140.19531250         5174.99414062 
        4966.07489294            0.50000000        39338.39453125        53373.19531250         4454.99414062 
        4966.48934522            0.50000000        39205.39453125        53262.19531250         3590.99438477 
        4967.07370169            0.50000000        39341.39453125        53313.19531250         3213.99438477 
        4967.53829751            0.50000000        39161.39453125        53082.19531250         3431.99438477 
        4968.13291904            0.50000000        39349.39453125        53257.19531250         3831.99438477 
        4968.52775381            0.50000000        39146.39453125        52859.19531250         3927.99438477 
        4969.07263857            0.50000000        39220.39453125        52622.19531250         3884.99438477 
        4969.52764252            0.50000000        39195.39453125        52408.19531250         3739.99438477 
        4970.07276725            0.50000000        39253.39453125        52262.19531250         3578.99438477 
        4970.47794469            0.50000000        39193.39453125        51970.19531250         3419.99438477 
        4971.06332860            0.50000000        39218.39453125        52030.19531250         3328.99438477 
        4971.52874137            0.50000000        39134.39453125        52171.19531250         3265.99438477 
        4972.12941486            0.50000000        39255.39453125        52564.19531250         3238.99438477 
        4972.51993779            0.50000000        39150.39453125        52457.19531250         3212.99438477 
        4973.07078931            0.50000000        39266.39453125        52707.19531250         3110.99438477 
        4973.52158531            0.50000000        39122.39453125        52246.19531250         2937.99438477 
        4974.06265854            0.50000000        39239.39453125        51931.19531250         2775.99438477 
        4974.47355941            0.50000000        39045.39453125        50919.19531250         2635.99438477 
        4975.06498610            0.50000000        39144.39453125        49834.19531250         2488.99438477 
        4975.52620517            0.50000000        39032.39453125        48590.19531250         2377.99438477 
        4976.11790570            0.50000000        39324.39453125        47781.19531250         2285.99438477 
        4976.51914615            0.50000000        38961.39453125        46643.19531250         2166.99438477 
        4977.06093304            0.50000000        39320.39453125        46511.19531250         2112.99438477 
        4977.52255698            0.50000000        39020.39453125        45657.19531250         1997.99438477 
        4978.05956351            0.50000000        39303.39453125        45629.19531250         1973.99438477 
        4978.47118700            0.50000000        39044.39453125        45024.19531250         1893.99438477 
        4979.04858928            0.50000000        39271.39453125        45005.19531250         1872.99438477 
        4979.53070684            0.50000000        39142.39453125        44547.19531250         1849.99438477 
        4980.12344957            0.50000000        39320.39453125        44416.19531250         1785.99438477 
        4980.52037206            0.50000000        39039.39453125        43804.19531250         1732.99438477 
        4981.06813820            0.50000000        39095.39453125        43270.19531250         1703.99438477 
        4981.52554848            0.50000000        39108.39453125        42669.19531250         1675.99438477 
        4982.06350006            0.50000000        39056.39453125        41514.19531250         1621.99438477 
        4982.47081894            0.50000000        39118.39453125        40533.19531250         1617.99438477 
        4983.04923627            0.50000000        39226.39453125        39142.19531250         1580.99438477 
        4983.52717006            0.50000000        39009.39453125        37581.19531250         1538.99438477 
        4984.10585563            0.50000000        39090.39453125        35939.19531250         1492.99438477 
        4984.51857335            0.50000000        39025.39453125        34617.19531250         1505.99438477 
        4985.05219725            0.50000000        39065.39453125        33320.19531250         1478.99438477 
        4985.52047960            0.50000000        39066.39453125        32506.19335937         1444.99438477 
        4986.03922717            0.50000000        38922.39453125        31631.19335937         1453.99438477 
        4986.47244662            0.50000000        39120.39453125        31435.19335937         1491.99438477 
        4987.04684114            0.50000000        39024.39453125        31081.19335937         1464.99438477 
        4987.52057354            0.50000000        38989.39453125        31035.19335937         1449.99438477 
        4988.11035664            0.50000000        39127.39453125        31262.19335937         1466.99438477 
        4988.51875735            0.50000000        38939.39453125        31489.19335937         1425.99438477 
        4989.04827450            0.50000000        39024.39453125        32102.19335937         1464.99438477 
        4989.52242269            0.50000000        38789.39453125        32527.19335937         1460.99438477 
        4990.03198959            0.50000000        38880.39453125        33379.19531250         1470.99438477 
        4990.46596793            0.50000000        38852.39453125        34115.19531250         1457.99438477 
        4991.04641676            0.50000000        38858.39453125        34902.19531250         1462.99438477 
        4991.52098022            0.50000000        38706.39453125        35408.19531250         1482.99438477 
        4992.08654633            0.50000000        38804.39453125        36107.19531250         1459.99438477 
        4992.51081286            0.50000000        38722.39453125        36505.19531250         1490.99438477 
        4993.04125688            0.50000000        38700.39453125        36846.19531250         1507.99438477 
        4993.51623509            0.50000000        38758.39453125        37117.19531250         1504.99438477 
        4994.00647574            0.50000000        38660.39453125        37137.19531250         1476.99438477 
        4994.47154347            0.50000000        38733.39453125        37360.19531250         1462.99438477 
        4995.01761336            0.50000000        38873.39453125        37438.19531250         1477.99438477 
        4995.50311839            0.50000000        38850.39453125        37324.19531250         1482.99438477 
        4996.06967130            0.50000000        38671.39453125        37038.19531250         1428.99438477 
        4996.53009895            0.50000000        38803.39453125        36957.19531250         1456.99438477 
        4997.03617038            0.50000000        38797.39453125        36681.19531250         1421.99438477 
        4997.51197968            0.50000000        38595.39453125        36235.19531250         1403.99438477 
        4997.97776126            0.50000000        38762.39453125        36074.19531250         1424.99438477 
        4998.48921771            0.50000000        38565.39453125        35570.19531250         1379.99438477 
        4999.00585418            0.50000000        38530.39453125        35217.19531250         1324.99438477 
        4999.50740707            0.50000000        38704.39453125        35146.19531250         1364.99438477 
        5000.05468112            0.50000000        38748.39453125        35054.19531250         1318.99438477 
        5000.53111881            0.50000000        38548.39453125        34757.19531250         1319.99438477 
        5001.01779587            0.50000000        38508.39453125        34671.19531250         1300.99438477 
        5001.51979002            0.50000000        38812.39453125        35101.19531250         1316.99438477 
        5001.97624390            0.50000000        38668.39453125        35127.19531250         1308.99438477 
        5002.48859499            0.50000000        38650.39453125        35233.19531250         1294.99438477 
        5002.97568848            0.50000000        38444.39453125        35323.19531250         1287.99438477 
        5003.50856566            0.50000000        38680.39453125        35947.19531250         1298.99438477 
        5004.01618305            0.50000000        38419.39453125        36114.19531250         1265.99438477 
        5004.53914662            0.50000000        38484.39453125        36545.19531250         1302.99438477 
        5004.99112394            0.50000000        38393.39453125        36823.19531250         1257.99438477 
        5005.51431016            0.50000000        38636.39453125        37569.19531250         1331.99438477 
        5005.96647994            0.50000000        38406.39453125        37720.19531250         1309.99438477 
        5007.63875891            0.50000000        38498.39453125        39309.19531250         1308.99438477 
        5009.43947439            0.50000000        38444.39453125        40492.19531250         1349.99438477 
        5011.24160499            0.50000000        38243.39453125        40868.19531250         1387.99438477 
        5013.07573314            0.50000000        38258.39453125        41146.19531250         1392.99438477 
        5014.87052120            0.50000000        38124.39453125        40879.19531250         1384.99438477 
        5016.84538870            0.50000000        38144.39453125        40806.19531250         1402.99438477 
        5018.78107892            0.50000000        38026.39453125        40940.19531250         1401.99438477 
        5020.82579356            0.50000000        37984.39453125        41521.19531250         1432.99438477 
        5022.81090549            0.50000000        38056.39453125        42056.19531250         1424.99438477 
        5024.90019208            0.50000000        37827.39453125        42302.19531250         1420.99438477 
        5026.94522733            0.50000000        37811.39453125        42465.19531250         1427.99438477 
        5029.09472735            0.50000000        37642.39453125        42233.19531250         1401.99438477 
        5031.23596014            0.50000000        37967.39453125        42496.19531250         1364.99438477 
        5033.50773768            0.50000000        37965.39453125        42272.19531250         1328.99438477 
        5035.77146040            0.50000000        37835.39453125        41630.19531250         1261.99438477 
        5038.03740594            0.50000000        37887.39453125        41220.19531250         1225.99438477 
        5040.29526256            0.50000000        37593.39453125        40669.19531250         1170.99438477 
        5042.67923122            0.50000000        37680.39453125        40925.19531250         1173.99438477 
        5045.14835228            0.50000000        37538.39453125        41306.19531250         1166.99438477 
        5047.48042357            0.50000000        37411.39453125        41493.19531250         1159.99438477 
        5050.01682621            0.50000000        37431.39453125        41902.19531250         1188.99438477 
        5052.45750029            0.50000000        37142.39453125        41797.19531250         1213.99438477 
        5054.98379133            0.50000000        37140.39453125        42085.19531250         1248.99438477 
        5057.61675975            0.50000000        37013.39453125        42342.19531250         1252.99438477 
        5060.20590191            0.50000000        36891.39453125        42697.19531250         1265.99438477 
        5062.82397461            0.50000000        36885.39453125        43158.19531250         1284.99438477 
        5065.59620504            0.50000000        36795.39453125        43507.19531250         1316.99438477 
        5068.30910361            0.50000000        36779.39453125        43750.19531250         1312.99438477 
        5071.11401879            0.50000000        36318.39453125        43540.19531250         1327.99438477 
        5074.01127772            0.50000000        36653.39453125        44592.19531250         1341.99438477 
        5076.82831566            0.50000000        36394.39453125        44715.19531250         1296.99438477 
        5079.71695772            0.50000000        36043.39453125        44524.19531250         1251.99438477 
        5082.76675719            0.50000000        36083.39453125        45118.19531250         1226.99438477 
        5085.77321271            0.50000000        35845.39453125        45285.19531250         1178.99438477 
        5088.75721324            0.50000000        36068.39453125        46046.19531250         1134.99438477 
        5091.89794798            0.50000000        35898.39453125        46159.19531250         1128.99438477 
        5095.01650529            0.50000000        35580.39453125        46060.19531250         1109.99438477 
        5098.12336222            0.50000000        35608.39453125        46540.19531250         1147.99438477 
        5101.29787899            0.50000000        35396.39453125        46788.19531250         1216.99438477 
        5104.56683119            0.50000000        35184.39453125        47071.19531250         1242.99438477 
        5107.84565530            0.50000000        35124.39453125        47452.19531250         1305.99438477 
        5111.12374951            0.50000000        35070.39453125        47830.19531250         1309.99438477 
        5114.45434233            0.50000000        34960.39453125        48025.19531250         1315.99438477 
        5117.82698337            0.50000000        34641.39453125        47725.19531250         1305.99438477 
        5121.22048492            0.50000000        34389.39453125        47659.19531250         1295.99438477 
        5124.66166305            0.50000000        34232.39453125        47897.19531250         1324.99438477 
        5128.14000530            0.50000000        34561.39453125        48829.19531250         1375.99438477 
        5131.66102805            0.50000000        34170.39453125        48686.19531250         1346.99438477 
        5135.18731154            0.50000000        33981.39453125        48905.19531250         1351.99438477 
        5138.76728134            0.50000000        33913.39453125        49240.19531250         1343.99438477 
        5142.46582226            0.50000000        33849.39453125        49680.19531250         1324.99438477 
        5146.02985507            0.50000000        33208.39453125        49152.19531250         1297.99438477 
        5149.73977032            0.50000000        33158.39453125        49608.19531250         1254.99438477 
        5153.46091486            0.50000000        33110.39453125        50216.19531250         1288.99438477 
        5157.20959178            0.50000000        32786.39453125        50225.19531250         1306.99438477 
        5161.07280007            0.50000000        32689.39453125        50769.19531250         1294.99438477 
        5164.88790881            0.50000000        32210.39453125        50789.19531250         1318.99438477 
        5168.77996892            0.50000000        32190.39453125        51408.19531250         1387.99438477 
        5172.73297194            0.50000000        31784.39453125        51552.19531250         1385.99438477 
        5176.57776080            0.50000000        31387.39453125        51448.19531250         1406.99438477 
        5180.59300178            0.50000000        26500.39453125        44333.19531250         1275.99438477 
        5184.58210378            0.50000000        31762.39453125        53172.19531250         1478.99438477 
        5188.57787773            0.50000000        31325.39453125        53162.19531250         1506.99438477 
        5192.73441453            0.50000000        30772.39453125        52927.19531250         1495.99438477 
        5196.87062022            0.50000000        30318.39453125        52679.19531250         1492.99438477 
        5200.98084824            0.50000000        29948.39453125        52662.19531250         1478.99438477 
        5205.18110440            0.50000000        29499.39453125        52697.19531250         1487.99438477 
        5208.95100915            0.50000000        28731.39453125        52054.19531250         1444.99438477 
