# 1-D Scan File created by LabVIEW Control Panel  12/6/2011  6:32:52 AM; Scan time 0 hrs 4 min 28 sec. 
#
# Beamline 20 BM
#
# Scan config: 
#                 E0: 4966.00 eV   223 points
#        Scan bounds:  -100.00 -30.00 40.00 243.35 (7.99 (k))
#       Scan step(s):  5.00 0.50 0.07
#  Integration times:  0.50 0.50 0.50    kwgt in EXAFS region: 0.0 
#
# User Comment:
# 50oC
#
#
# Amplifier Sensitivities:
# Preslit: 20 nA/V  I0: 20 nA/V  I: 100 pA/V  IREF: 50 pA/V  
#
# Analog Input Voltages at start/end of scan:
# Preslit: 0.034/0.031  I0: 0.313/0.165  Ignore: 0.009/0.005  I: 0.615/0.302  IREF: 0.197/0.130  
#
# Mono Info:
# 
#
# ID Info:
# 
#
# Slit Info:
# Kappa S1:  Center is at -542 (H), 500 (V)   Size is 8000 wide x 2000 high
# Vacuum Slits:  Center is at 850 (H), -25 (V)   Size is 899 wide x 1000 high
#
# Motor Positions:
# SMV (20bm:m29): -37594.243125 SMH (20bm:m30): 4802.187500 
#
# Detector Names/PVs:
# I0/20bm:scaler1_netA.C  I/20bm:scaler1_netA.E  IREF/20bm:scaler1_netA.F  
#
# Positioner names/Drive PVs/Readback PVs:
# Mono Energy */20bm:monoE.VAL/20bm:EnctoE.VAL  Scaler preset time */20bm:scaler1.TP/  
# Here is a readable list of column headings:
#  1) Mono Energy *        
#  2) Scaler preset time * 
#  3) I0                   
#  4) I                    
#  5) IREF                 
#
# Column Headings:
#Mono Energy *        Scaler preset time * I0                   I                    IREF                 
        4865.38658797            0.50000000        10834.39355469        25653.19335937         3593.99438477 
        4870.45719986            0.50000000        10633.39355469        25276.19335937         3488.99438477 
        4875.48189209            0.50000000        10473.39355469        25213.19335937         3409.99438477 
        4880.54682416            0.50000000        10318.39355469        25002.19335937         3310.99438477 
        4885.59924042            0.50000000        10142.39355469        24796.19335937         3212.99438477 
        4890.58590492            0.50000000        10030.39355469        24687.19335937         3177.99438477 
        4895.67085951            0.50000000         9918.39355469        24577.19335937         3141.99438477 
        4900.77228306            0.50000000         9783.39355469        24597.19335937         3049.99438477 
        4905.80274538            0.50000000         9669.39355469        24413.19335937         3020.99438477 
        4910.81044561            0.50000000         9567.39355469        24399.19335937         2981.99438477 
        4915.82937170            0.50000000         9336.39355469        24073.19335937         2876.99438477 
        4920.84487846            0.50000000         9315.39355469        24280.19335937         2850.99438477 
        4925.87652315            0.50000000         9112.39355469        23944.19335937         2809.99438477 
        4930.88504862            0.50000000         9003.39355469        23922.19335937         2729.99438477 
        4935.95894332            0.50000000         8878.39355469        23870.19335937         2720.99438477 
        4936.47139734            0.50000000         8963.39355469        24164.19335937         2769.99438477 
        4936.93960625            0.50000000         8985.39355469        24187.19335937         2782.99438477 
        4937.43749298            0.50000000         8978.39355469        24274.19335937         2732.99438477 
        4937.91576500            0.50000000         8888.39355469        24094.19335937         2722.99438477 
        4938.42866425            0.50000000         8949.39355469        24191.19335937         2741.99438477 
        4938.93674684            0.50000000         8901.39355469        24037.19335937         2706.99438477 
        4939.44000946            0.50000000         8884.39355469        24139.19335937         2748.99438477 
        4939.98286958            0.50000000         8820.39355469        23887.19335937         2690.99438477 
        4940.46661871            0.50000000         8881.39355469        24104.19335937         2751.99438477 
        4940.96528508            0.50000000         8850.39355469        24098.19335937         2719.99438477 
        4941.43936721            0.50000000         8790.39355469        23967.19335937         2698.99438477 
        4941.93824871            0.50000000         8799.39355469        24038.19335937         2732.99438477 
        4942.42735845            0.50000000         8873.39355469        24220.19335937         2761.99438477 
        4942.96599587            0.50000000         8779.39355469        24028.19335937         2701.99438477 
        4943.45532845            0.50000000         8792.39355469        24035.19335937         2690.99438477 
        4944.01398928            0.50000000         8879.39355469        24268.19335937         2740.99438477 
        4944.46893032            0.50000000         8758.39355469        24009.19335937         2670.99438477 
        4944.99321522            0.50000000         8741.39355469        23928.19335937         2702.99438477 
        4945.45330132            0.50000000         8676.39355469        23862.19335937         2638.99438477 
        4945.95307092            0.50000000         8701.39355469        23954.19335937         2687.99438477 
        4946.42820201            0.50000000         8750.39355469        23975.19335937         2666.99438477 
        4946.98264797            0.50000000         8694.39355469        23954.19335937         2646.99438477 
        4947.46294777            0.50000000         8689.39355469        23946.19335937         2675.99438477 
        4948.04241437            0.50000000         8710.39355469        24071.19335937         2686.99438477 
        4948.46844186            0.50000000         8659.39355469        24011.19335937         2680.99438477 
        4949.01347785            0.50000000         8625.39355469        23950.19335937         2668.99438477 
        4949.47438357            0.50000000         8654.39355469        24033.19335937         2683.99438477 
        4949.98000117            0.50000000         8633.39355469        23949.19335937         2668.99438477 
        4950.43118686            0.50000000         8614.39355469        23889.19335937         2641.99438477 
        4951.00645525            0.50000000         8720.39355469        24271.19335937         2695.99438477 
        4951.47272839            0.50000000         8645.39355469        24079.19335937         2662.99438477 
        4952.07307262            0.50000000         8708.39355469        24225.19335937         2693.99438477 
        4952.46511890            0.50000000         8659.39355469        24147.19335937         2690.99438477 
        4953.02104785            0.50000000         8659.39355469        24120.19335937         2662.99438477 
        4953.47780599            0.50000000         8660.39355469        24209.19335937         2654.99438477 
        4953.98928596            0.50000000         8580.39355469        24015.19335937         2671.99438477 
        4954.43630488            0.50000000         8616.39355469        24150.19335937         2649.99438477 
        4955.01259288            0.50000000         8666.39355469        24326.19335937         2654.99438477 
        4955.47472289            0.50000000         8545.39355469        24020.19335937         2637.99438477 
        4956.07115912            0.50000000         8645.39355469        24318.19335937         2685.99438477 
        4956.46887059            0.50000000         8498.39355469        23967.19335937         2627.99438477 
        4957.02578405            0.50000000         8539.39355469        24027.19335937         2617.99438477 
        4957.48335116            0.50000000         8526.39355469        24015.19335937         2623.99438477 
        4958.01563793            0.50000000         8519.39355469        23981.19335937         2621.99438477 
        4958.44354790            0.50000000         8536.39355469        24149.19335937         2601.99438477 
        4959.01587944            0.50000000         8543.39355469        24171.19335937         2616.99438477 
        4959.48878414            0.50000000         8456.39355469        23940.19335937         2598.99438477 
        4960.07631904            0.50000000         8523.39355469        24177.19335937         2605.99438477 
        4960.48469573            0.50000000         8438.39355469        23939.19335937         2599.99438477 
        4961.03761559            0.50000000         8610.39355469        24421.19335937         2629.99438477 
        4961.48602802            0.50000000         8405.39355469        23900.19335937         2556.99438477 
        4962.01925603            0.50000000         8557.39355469        24358.19335937         2651.99438477 
        4962.43795282            0.50000000         8395.39355469        23963.19335937         2551.99438477 
        4963.01628030            0.50000000         8574.39355469        24459.19335937         2610.99438477 
        4963.49002044            0.50000000         8328.39355469        23790.19335937         2500.99438477 
        4964.08857053            0.50000000         8463.39355469        24178.19335937         2554.99438477 
        4964.47771280            0.50000000         8367.39355469        23951.19335937         2485.99438477 
        4965.03160731            0.50000000         8450.39355469        24229.19335937         2452.99438477 
        4965.47581862            0.50000000         8340.39355469        23952.19335937         2297.99438477 
        4966.01997121            0.50000000         8398.39355469        23993.19335937         2032.99438477 
        4966.43441345            0.50000000         8317.39355469        23874.19335937         1581.99438477 
        4967.01875579            0.50000000         8400.39355469        24019.19335937         1380.99438477 
        4967.48334036            0.50000000         8276.39355469        23820.19335937         1425.99438477 
        4968.08294485            0.50000000         8395.39355469        23961.19335937         1674.99438477 
        4968.46777448            0.50000000         8337.39355469        23615.19335937         1707.99438477 
        4969.02264369            0.50000000         8379.39355469        23643.19335937         1670.99438477 
        4969.47263719            0.50000000         8252.39355469        23313.19335937         1610.99438477 
        4970.00774550            0.50000000         8317.39355469        23244.19335937         1528.99438477 
        4970.42791887            0.50000000         8286.39355469        22702.19335937         1443.99438477 
        4971.01328989            0.50000000         8286.39355469        22155.19335937         1394.99438477 
        4971.47869241            0.50000000         8212.39355469        22133.19335937         1345.99438477 
        4972.07935267            0.50000000         8266.39355469        22502.19335937         1340.99438477 
        4972.46485998            0.50000000         8212.39355469        22704.19335937         1325.99438477 
        4973.02571462            0.50000000         8256.39355469        23117.19335937         1300.99438477 
        4973.47149245            0.50000000         8191.39404297        23051.19335937         1262.99438477 
        4974.00754334            0.50000000         8247.39355469        23079.19335937         1195.99438477 
        4974.41843424            0.50000000         8162.39404297        22902.19335937         1107.99438477 
        4975.01485923            0.50000000         8236.39355469        22972.19335937         1069.99438477 
        4975.47105449            0.50000000         8149.39404297        22905.19335937         1031.99438477 
        4976.06775561            0.50000000         8272.39355469        23156.19335937         1001.99432373 
        4976.45895557            0.50000000         8116.39404297        22581.19335937          931.99432373 
        4977.01076217            0.50000000         8256.39355469        22612.19335937          901.99432373 
        4977.46233985            0.50000000         8113.39404297        21855.19335937          850.99432373 
        4977.99431297            0.50000000         8213.39355469        21719.19335937          825.99432373 
        4978.40592465            0.50000000         8112.39404297        21125.19335937          809.99432373 
        4978.99335316            0.50000000         8203.39355469        21113.19335937          782.99432373 
        4979.47043656            0.50000000         8093.39404297        20528.19335937          753.99432373 
        4980.05813984            0.50000000         8175.39404297        20205.19335937          737.99432373 
        4980.45505094            0.50000000         8054.39404297        19362.19335937          704.99432373 
        4981.01285307            0.50000000         8067.39404297        18873.19335937          672.99432373 
        4981.46522538            0.50000000         8074.39404297        18533.19335937          675.99432373 
        4981.99813468            0.50000000         8029.39404297        18103.19335937          641.99432373 
        4982.41047080            0.50000000         8054.39404297        17825.19335937          668.99432373 
        4982.99893329            0.50000000         8050.39404297        17496.19335937          637.99432373 
        4983.46176268            0.50000000         8022.39404297        17280.19335937          633.99432373 
        4984.04043163            0.50000000         8055.39404297        17060.19335937          616.99432373 
        4984.45817096            0.50000000         8037.39404297        16803.19335937          627.99432373 
        4985.00185004            0.50000000         8022.39404297        16566.19335937          608.99432373 
        4985.45501500            0.50000000         8018.39404297        16255.19433594          608.99432373 
        4985.97878448            0.50000000         7985.39404297        15917.19433594          602.99432373 
        4986.41703024            0.50000000         8001.39404297        15664.19433594          578.99432373 
        4986.98637175            0.50000000         7959.39404297        15268.19433594          598.99432373 
        4987.46009158            0.50000000         7954.39404297        14991.19433594          585.99432373 
        4988.04481765            0.50000000         8000.39404297        14724.19433594          593.99432373 
        4988.45824893            0.50000000         7881.39404297        14270.19433594          576.99432373 
        4988.99279551            0.50000000         7956.39404297        14077.19433594          590.99432373 
        4989.46693217            0.50000000         7851.39404297        13695.19433594          557.99432373 
        4989.95630414            0.50000000         7866.39404297        13548.19433594          580.99432373 
        4990.41550109            0.50000000         7887.39404297        13642.19433594          578.99432373 
        4990.98079340            0.50000000         7835.39404297        13739.19433594          558.99432373 
        4991.45534322            0.50000000         7807.39404297        13938.19433594          562.99432373 
        4992.01584291            0.50000000         7812.39404297        14374.19433594          565.99432373 
        4992.45019853            0.50000000         7842.39404297        14824.19433594          564.99432373 
        4992.98062847            0.50000000         7784.39404297        15048.19433594          573.99432373 
        4993.45054073            0.50000000         7843.39404297        15386.19433594          576.99432373 
        4993.93065845            0.50000000         7755.39404297        15391.19433594          572.99432373 
        4994.42098805            0.50000000         7809.39404297        15592.19433594          582.99432373 
        4994.96198916            0.50000000         7808.39404297        15642.19433594          588.99432373 
        4995.43736688            0.50000000         7748.39404297        15634.19433594          579.99432373 
        4995.99884450            0.50000000         7687.39404297        15478.19433594          569.99432373 
        4996.46937791            0.50000000         7779.39404297        15687.19433594          573.99432373 
        4996.96531364            0.50000000         7729.39404297        15600.19433594          570.99432373 
        4997.44617036            0.50000000         7635.39404297        15356.19433594          551.99432373 
        4997.91700176            0.50000000         7699.39404297        15428.19433594          531.99432373 
        4998.44363774            0.50000000         7673.39404297        15297.19433594          549.99432373 
        4998.95013286            0.50000000         7562.39404297        14925.19433594          507.99432373 
        4999.44660692            0.50000000         7690.39404297        15046.19433594          530.99432373 
        4999.98879861            0.50000000         7672.39404297        14825.19433594          534.99432373 
        5000.48549814            0.50000000         7629.39404297        14652.19433594          523.99432373 
        5000.96202554            0.50000000         7599.39404297        14442.19433594          508.99432373 
        5001.46907854            0.50000000         7687.39404297        14514.19433594          519.99432373 
        5001.92552231            0.50000000         7645.39404297        14392.19433594          503.99432373 
        5002.44800855            0.50000000         7581.39404297        14235.19433594          491.99432373 
        5002.91987043            0.50000000         7518.39404297        14140.19433594          479.99432373 
        5003.45273462            0.50000000         7600.39404297        14401.19433594          498.99432373 
        5003.96541625            0.50000000         7450.39404297        14172.19433594          473.99432373 
        5004.49852381            0.50000000         7537.39404297        14486.19433594          485.99432373 
        5004.94033552            0.50000000         7455.39404297        14467.19433594          458.99432373 
        5005.46859010            0.50000000         7548.39404297        14729.19433594          498.99432373 
        5005.91058895            0.50000000         7444.39404297        14699.19433594          471.99432373 
        5007.59299644            0.50000000         7420.39404297        15116.19433594          482.99432373 
        5009.40385331            0.50000000         7401.39404297        15493.19433594          507.99432373 
        5011.19577056            0.50000000         7246.39404297        15529.19433594          522.99432373 
        5013.01966861            0.50000000         7196.39404297        15733.19433594          519.99432373 
        5014.84501723            0.50000000         7116.39404297        15780.19433594          516.99432373 
        5016.81475764            0.50000000         7084.39404297        15954.19433594          517.99432373 
        5018.75553150            0.50000000         7027.39404297        15943.19433594          514.99432373 
        5020.79510940            0.50000000         6975.39404297        15904.19433594          512.99432373 
        5022.78019484            0.50000000         6959.39404297        15976.19433594          518.99432373 
        5024.87969967            0.50000000         6834.39404297        15860.19433594          517.99432373 
        5026.92471671            0.50000000         6800.39404297        15799.19433594          517.99432373 
        5029.06906517            0.50000000         6672.39404297        15579.19433594          520.99432373 
        5031.21541128            0.50000000         6720.39404297        15634.19433594          479.99432373 
        5033.48202632            0.50000000         6665.39404297        15543.19433594          483.99432373 
        5035.75601840            0.50000000         6571.39404297        15366.19433594          461.99432373 
        5038.02710115            0.50000000         6524.39404297        15217.19433594          416.99432373 
        5040.28494769            0.50000000         6396.39404297        14911.19433594          417.99432373 
        5042.66890571            0.50000000         6425.39404297        14885.19433594          394.99432373 
        5045.13284748            0.50000000         6281.39404297        14654.19433594          394.99432373 
        5047.46490313            0.50000000         6239.39404297        14723.19433594          391.99432373 
        5049.99093051            0.50000000         6224.39404297        14796.19433594          395.99432373 
        5052.43676187            0.50000000         6041.39404297        14545.19433594          390.99432373 
        5054.96303029            0.50000000         6030.39404297        14609.19433594          412.99432373 
        5057.58038677            0.50000000         5925.39404297        14407.19433594          415.99432373 
        5060.16428642            0.50000000         5890.39404297        14343.19433594          404.99432373 
        5062.79272772            0.50000000         5798.39404297        14245.19433594          405.99432373 
        5065.56492084            0.50000000         5743.39404297        14152.19433594          387.99432373 
        5068.26734273            0.50000000         5678.39404297        14161.19433594          385.99432373 
        5071.07743389            0.50000000         5459.39404297        13838.19433594          403.99432373 
        5073.97464726            0.50000000         5525.39404297        14035.19433594          401.99432373 
        5076.79688009            0.50000000         5397.39404297        13930.19433594          393.99432373 
        5079.67499175            0.50000000         5199.39404297        13545.19433594          372.99432373 
        5082.72473631            0.50000000         5153.39404297        13648.19433594          365.99432373 
        5085.73113767            0.50000000         5022.39404297        13435.19433594          363.99432373 
        5088.71508442            0.50000000         5037.39404297        13466.19433594          348.99432373 
        5091.84521627            0.50000000         4922.39404297        13376.19433594          331.99432373 
        5094.96898338            0.50000000         4799.39404297        13255.19433594          334.99432373 
        5098.07049004            0.50000000         4749.39404297        13261.19433594          324.99432373 
        5101.23964079            0.50000000         4639.39404297        13150.19433594          337.99432373 
        5104.50851173            0.50000000         4549.39404297        13083.19433594          358.99432373 
        5107.78725428            0.50000000         4472.39404297        13030.19433594          343.99432373 
        5111.07058345            0.50000000         4462.39404297        13010.19433594          352.99432373 
        5114.40642495            0.50000000         4421.39404297        12979.19433594          349.99432373 
        5117.77899722            0.50000000         4264.39404297        12733.19433594          339.99432373 
        5121.18310842            0.50000000         4182.39404297        12664.19433594          346.99432373 
        5124.60284295            0.50000000         4069.39404297        12385.19433594          339.99432373 
        5128.08109834            0.50000000         4135.39404297        12683.19433594          342.99432373 
        5131.60739622            0.50000000         4024.39404297        12371.19433594          338.99432373 
        5135.13897069            0.50000000         3910.39404297        12235.19433594          348.99432373 
        5138.71348792            0.50000000         3843.39404297        12118.19433594          323.99432373 
        5142.42272008            0.50000000         3823.39404297        12118.19433594          317.99432373 
        5145.98668794            0.50000000         3652.39404297        11815.19433594          303.99432373 
        5149.70193983            0.50000000         3631.39404297        11860.19433594          301.99432373 
        5153.42843777            0.50000000         3636.39404297        11981.19433594          293.99432373 
        5157.17706334            0.50000000         3526.39404297        11847.19433594          298.99432373 
        5161.04021868            0.50000000         3466.39404297        11742.19433594          291.99432373 
        5164.83895840            0.50000000         3319.39404297        11451.19433594          312.99432373 
        5168.74728178            0.50000000         3284.39404297        11467.19433594          310.99432373 
        5172.69477363            0.50000000         3179.39404297        11172.19433594          314.99432373 
        5176.53950083            0.50000000         3053.39404297        10914.19433594          316.99432373 
        5180.54920250            0.50000000         2458.39404297         8920.19433594          261.99432373 
        5184.54371529            0.50000000         2935.39404297        10694.19433594          299.99432373 
        5188.53942501            0.50000000         2850.39404297        10568.19433594          295.99432373 
        5192.70139770            0.50000000         2739.39404297        10314.19433594          304.99432373 
        5196.82652178            0.50000000         2629.39404297         9963.19433594          289.99432373 
        5200.93667411            0.50000000         2526.39404297         9695.19433594          275.99432373 
        5205.14791567            0.50000000         2404.39404297         9308.19433594          276.99432373 
        5208.92884851            0.50000000         2233.39404297         8680.19433594          248.99432373 
