# 1-D Scan File created by LabVIEW Control Panel  12/6/2011  2:06:43 AM; Scan time 0 hrs 4 min 28 sec. 
#
# Beamline 20 BM
#
# Scan config: 
#                 E0: 4966.00 eV   223 points
#        Scan bounds:  -100.00 -30.00 40.00 243.35 (7.99 (k))
#       Scan step(s):  5.00 0.50 0.07
#  Integration times:  0.50 0.50 0.50    kwgt in EXAFS region: 0.0 
#
# User Comment:
# 50oC
#
#
# Amplifier Sensitivities:
# Preslit: 20 nA/V  I0: 20 nA/V  I: 100 pA/V  IREF: 50 pA/V  
#
# Analog Input Voltages at start/end of scan:
# Preslit: 0.032/0.031  I0: 0.500/0.249  Ignore: 0.013/0.007  I: 0.802/0.560  IREF: 0.221/0.137  
#
# Mono Info:
# 
#
# ID Info:
# 
#
# Slit Info:
# Kappa S1:  Center is at -542 (H), 500 (V)   Size is 8000 wide x 2000 high
# Vacuum Slits:  Center is at 850 (H), -25 (V)   Size is 899 wide x 1000 high
#
# Motor Positions:
# SMV (20bm:m29): -37594.243125 SMH (20bm:m30): 4802.187500 
#
# Detector Names/PVs:
# I0/20bm:scaler1_netA.C  I/20bm:scaler1_netA.E  IREF/20bm:scaler1_netA.F  
#
# Positioner names/Drive PVs/Readback PVs:
# Mono Energy */20bm:monoE.VAL/20bm:EnctoE.VAL  Scaler preset time */20bm:scaler1.TP/  
# Here is a readable list of column headings:
#  1) Mono Energy *        
#  2) Scaler preset time * 
#  3) I0                   
#  4) I                    
#  5) IREF                 
#
# Column Headings:
#Mono Energy *        Scaler preset time * I0                   I                    IREF                 
        4865.40568254            0.50000000        19955.39453125        35066.19531250         4786.99414062 
        4870.45241530            0.50000000        19758.39453125        34936.19531250         4735.99414062 
        4875.46271053            0.50000000        19648.39453125        35067.19531250         4681.99414062 
        4880.54682416            0.50000000        19495.39453125        35156.19531250         4596.99414062 
        4885.59442313            0.50000000        19335.39453125        35174.19531250         4493.99414062 
        4890.57624875            0.50000000        19267.39453125        35409.19531250         4480.99414062 
        4895.66118128            0.50000000        19132.39453125        35472.19531250         4426.99414062 
        4900.77713326            0.50000000        19038.39453125        35725.19531250         4362.99414062 
        4905.80760651            0.50000000        18911.39453125        35737.19531250         4327.99414062 
        4910.81531763            0.50000000        18821.39453125        35980.19531250         4293.99414062 
        4915.82937170            0.50000000        18529.39453125        35873.19531250         4180.99414062 
        4920.85466623            0.50000000        18556.39453125        36354.19531250         4207.99414062 
        4925.89123776            0.50000000        18422.39453125        36446.19531250         4185.99414062 
        4930.89488023            0.50000000        18324.39453125        36677.19531250         4160.99414062 
        4935.97372402            0.50000000        18191.39453125        36844.19531250         4134.99414062 
        4936.48125336            0.50000000        18316.39453125        37267.19531250         4177.99414062 
        4936.94946433            0.50000000        18337.39453125        37263.19531250         4175.99414062 
        4937.44735323            0.50000000        18306.39453125        37257.19531250         4185.99414062 
        4937.92562734            0.50000000        18201.39453125        37111.19531250         4155.99414062 
        4938.43852885            0.50000000        18272.39453125        37232.19531250         4171.99414062 
        4938.95154708            0.50000000        18303.39453125        37261.19531250         4184.99414062 
        4939.44494397            0.50000000        18232.39453125        37363.19531250         4165.99414062 
        4939.99274098            0.50000000        18210.39453125        37228.19531250         4157.99414062 
        4940.47155546            0.50000000        18220.39453125        37317.19531250         4164.99414062 
        4940.98009864            0.50000000        18172.39453125        37349.19531250         4141.99414062 
        4941.44924499            0.50000000        18094.39453125        37214.19531250         4127.99414062 
        4941.94812866            0.50000000        18102.39453125        37284.19531250         4112.99414062 
        4942.43724054            0.50000000        18240.39453125        37576.19531250         4208.99414062 
        4942.97588032            0.50000000        18079.39453125        37378.19531250         4121.99414062 
        4943.46521506            0.50000000        18080.39453125        37322.19531250         4143.99414062 
        4944.01893380            0.50000000        18180.39453125        37554.19531250         4152.99414062 
        4944.46893032            0.50000000        18030.39453125        37284.19531250         4089.99438477 
        4944.99816189            0.50000000        18036.39453125        37426.19531250         4137.99414062 
        4945.46814437            0.50000000        17960.39453125        37280.19531250         4090.99438477 
        4945.96791726            0.50000000        17975.39453125        37381.19531250         4090.99438477 
        4946.43315182            0.50000000        18096.39453125        37569.19531250         4109.99414062 
        4946.99255003            0.50000000        17990.39453125        37513.19531250         4093.99438477 
        4947.48275614            0.50000000        17975.39453125        37465.19531250         4133.99414062 
        4948.05727444            0.50000000        18005.39453125        37662.19531250         4151.99414062 
        4948.47835043            0.50000000        17925.39453125        37602.19531250         4125.99414062 
        4949.01843333            0.50000000        17946.39453125        37594.19531250         4106.99414062 
        4949.48429656            0.50000000        17947.39453125        37711.19531250         4113.99414062 
        4949.99487399            0.50000000        17943.39453125        37687.19531250         4122.99414062 
        4950.44606265            0.50000000        17924.39453125        37677.19531250         4122.99414062 
        4951.01637495            0.50000000        18070.39453125        38014.19531250         4161.99414062 
        4951.48761103            0.50000000        17893.39453125        37715.19531250         4122.99414062 
        4952.08795921            0.50000000        17993.39453125        37836.19531250         4136.99414062 
        4952.48993425            0.50000000        18031.39453125        37974.19531250         4141.99414062 
        4953.03097639            0.50000000        17974.39453125        37955.19531250         4152.99414062 
        4953.49270183            0.50000000        17977.39453125        38050.19531250         4151.99414062 
        4954.00418517            0.50000000        17928.39453125        37992.19531250         4100.99414062 
        4954.45120703            0.50000000        17942.39453125        38023.19531250         4134.99414062 
        4955.02749883            0.50000000        17989.39453125        38214.19531250         4151.99414062 
        4955.49957126            0.50000000        17867.39453125        38075.19531250         4094.99438477 
        4956.08110105            0.50000000        17958.39453125        38347.19531250         4136.99414062 
        4956.48875800            0.50000000        17771.39453125        37899.19531250         4098.99414062 
        4957.04567635            0.50000000        17871.39453125        38132.19531250         4095.99438477 
        4957.49827339            0.50000000        17850.39453125        38062.19531250         4110.99414062 
        4958.03056366            0.50000000        17829.39453125        38174.19531250         4107.99414062 
        4958.45350026            0.50000000        17797.39453125        38024.19531250         4063.99438477 
        4959.03081176            0.50000000        17851.39453125        38347.19531250         4122.99414062 
        4959.49874109            0.50000000        17818.39453125        38194.19531250         4099.99414062 
        4960.08627857            0.50000000        17842.39453125        38376.19531250         4115.99414062 
        4960.49465706            0.50000000        17760.39453125        38221.19531250         4073.99438477 
        4961.03761559            0.50000000        17966.39453125        38677.19531250         4141.99414062 
        4961.49101088            0.50000000        17692.39453125        38147.19531250         4041.99438477 
        4962.01925603            0.50000000        17867.39453125        38525.19531250         4101.99414062 
        4962.44293777            0.50000000        17689.39453125        38266.19531250         4030.99438477 
        4963.02625276            0.50000000        17919.39453125        38680.19531250         4078.99438477 
        4963.49500771            0.50000000        17630.39453125        38197.19531250         3980.99438477 
        4964.09355911            0.50000000        17732.39453125        38441.19531250         3940.99438477 
        4964.48769169            0.50000000        17621.39453125        38334.19531250         3896.99438477 
        4965.03659796            0.50000000        17699.39453125        38375.19531250         3790.99438477 
        4965.48081026            0.50000000        17621.39453125        38428.19531250         3600.99438477 
        4966.02496404            0.50000000        17689.39453125        38433.19531250         3162.99438477 
        4966.43441345            0.50000000        17597.39453125        38349.19531250         2521.99438477 
        4967.02375081            0.50000000        17665.39453125        38359.19531250         2157.99438477 
        4967.48334036            0.50000000        17520.39453125        38113.19531250         2296.99438477 
        4968.08294485            0.50000000        17630.39453125        38213.19531250         2592.99438477 
        4968.47277270            0.50000000        17488.39453125        37875.19531250         2664.99438477 
        4969.02264369            0.50000000        17608.39453125        37826.19531250         2679.99438477 
        4969.47263719            0.50000000        17496.39453125        37602.19531250         2528.99438477 
        4970.00774550            0.50000000        17560.39453125        37483.19531250         2421.99438477 
        4970.42791887            0.50000000        17500.39453125        37272.19531250         2300.99438477 
        4971.01328989            0.50000000        17526.39453125        37107.19531250         2231.99438477 
        4971.47869241            0.50000000        17451.39453125        37212.19531250         2195.99438477 
        4972.07434652            0.50000000        17505.39453125        37427.19531250         2174.99438477 
        4972.45985297            0.50000000        17450.39453125        37480.19531250         2136.99438477 
        4973.01569815            0.50000000        17529.39453125        37663.19531250         2079.99438477 
        4973.46648323            0.50000000        17403.39453125        37285.19531250         1963.99438477 
        4974.00253293            0.50000000        17478.39453125        37083.19531250         1863.99438477 
        4974.41342293            0.50000000        17369.39453125        36539.19531250         1743.99438477 
        4975.01485923            0.50000000        17409.39453125        35770.19531250         1618.99438477 
        4975.46604086            0.50000000        17383.39453125        35089.19531250         1533.99438477 
        4976.06274067            0.50000000        17557.39453125        34563.19531250         1477.99438477 
        4976.45895557            0.50000000        17272.39453125        33602.19531250         1384.99438477 
        4977.01076217            0.50000000        17499.39453125        33542.19531250         1341.99438477 
        4977.46735789            0.50000000        17260.39453125        32745.19335937         1291.99438477 
        4977.99933217            0.50000000        17486.39453125        32820.19531250         1260.99438477 
        4978.41094477            0.50000000        17276.39453125        32182.19335937         1189.99438477 
        4978.99837457            0.50000000        17424.39453125        32271.19335937         1164.99438477 
        4979.47043656            0.50000000        17289.39453125        31807.19335937         1132.99438477 
        4980.06316360            0.50000000        17427.39453125        31760.19335937         1117.99438477 
        4980.46007558            0.50000000        17261.39453125        31190.19335937         1086.99438477 
        4981.01787894            0.50000000        17255.39453125        30745.19335937         1080.99438477 
        4981.47025225            0.50000000        17253.39453125        30242.19335937         1051.99438477 
        4982.00316272            0.50000000        17251.39453125        29625.19335937         1026.99438477 
        4982.42052871            0.50000000        17269.39453125        28976.19335937         1004.99432373 
        4982.99390305            0.50000000        17288.39453125        28033.19335937          993.99432373 
        4983.46176268            0.50000000        17167.39453125        26981.19335937          945.99432373 
        4984.04043163            0.50000000        17234.39453125        25928.19335937          931.99432373 
        4984.46320443            0.50000000        17202.39453125        25034.19335937          935.99432373 
        4984.99681538            0.50000000        17207.39453125        24206.19335937          919.99432373 
        4985.45501500            0.50000000        17171.39453125        23474.19335937          907.99432373 
        4985.97878448            0.50000000        17061.39453125        22789.19335937          884.99432373 
        4986.41703024            0.50000000        17226.39453125        22683.19335937          888.99432373 
        4986.98637175            0.50000000        17154.39453125        22303.19335937          911.99432373 
        4987.46009158            0.50000000        17160.39453125        22264.19335937          885.99432373 
        4988.04481765            0.50000000        17217.39453125        22323.19335937          923.99432373 
        4988.45824893            0.50000000        17108.39453125        22358.19335937          875.99432373 
        4988.99783900            0.50000000        17156.39453125        22776.19335937          913.99432373 
        4989.46188765            0.50000000        17024.39453125        22875.19335937          891.99432373 
        4989.95630414            0.50000000        16996.39453125        23330.19335937          905.99432373 
        4990.41550109            0.50000000        16988.39453125        23782.19335937          914.99432373 
        4990.98584129            0.50000000        16988.39453125        24308.19335937          905.99432373 
        4991.45534322            0.50000000        16920.39453125        24689.19335937          903.99432373 
        4992.01584291            0.50000000        16951.39453125        25252.19335937          931.99432373 
        4992.45524966            0.50000000        16873.39453125        25433.19335937          912.99432373 
        4992.98568077            0.50000000        16859.39453125        25734.19335937          930.99432373 
        4993.45054073            0.50000000        16924.39453125        26026.19335937          920.99432373 
        4993.93571286            0.50000000        16828.39453125        25971.19335937          915.99432373 
        4994.42098805            0.50000000        16840.39453125        26127.19335937          936.99432373 
        4994.96198916            0.50000000        16950.39453125        26297.19335937          912.99432373 
        4995.44242462            0.50000000        16856.39453125        26101.19335937          896.99432373 
        4995.99884450            0.50000000        16737.39453125        25805.19335937          882.99432373 
        4996.46937791            0.50000000        16862.39453125        25859.19335937          906.99432373 
        4996.97037476            0.50000000        16808.39453125        25668.19335937          898.99432373 
        4997.45123255            0.50000000        16720.39453125        25344.19335937          863.99432373 
        4997.92206499            0.50000000        16750.39453125        25200.19335937          868.99432373 
        4998.43857335            0.50000000        16680.39453125        24858.19335937          847.99432373 
        4998.95013286            0.50000000        16602.39453125        24494.19335937          821.99432373 
        4999.44660692            0.50000000        16713.39453125        24510.19335937          815.99432373 
        4999.98879861            0.50000000        16761.39453125        24413.19335937          816.99432373 
        5000.48549814            0.50000000        16639.39453125        24179.19335937          791.99432373 
        5000.96202554            0.50000000        16602.39453125        24078.19335937          802.99432373 
        5001.46907854            0.50000000        16695.39453125        24213.19335937          812.99432373 
        5001.92045021            0.50000000        16630.39453125        24253.19335937          793.99432373 
        5002.44800855            0.50000000        16624.39453125        24366.19335937          791.99432373 
        5002.91479613            0.50000000        16471.39453125        24272.19335937          767.99432373 
        5003.45273462            0.50000000        16612.39453125        24741.19335937          794.99432373 
        5003.96541625            0.50000000        16396.39453125        24621.19335937          757.99432373 
        5004.49852381            0.50000000        16490.39453125        25082.19335937          785.99432373 
        5004.94541431            0.50000000        16377.39355469        25142.19335937          749.99432373 
        5005.46351015            0.50000000        16521.39453125        25633.19335937          809.99432373 
        5005.91058895            0.50000000        16356.39355469        25700.19335937          779.99432373 
        5007.58791178            0.50000000        16390.39453125        26745.19335937          816.99432373 
        5009.38858730            0.50000000        16322.39355469        27369.19335937          829.99432373 
        5011.19067790            0.50000000        16144.39355469        27614.19335937          840.99432373 
        5013.01457191            0.50000000        16060.39355469        27609.19335937          828.99432373 
        5014.82461425            0.50000000        15913.39355469        27405.19335937          835.99432373 
        5016.80454738            0.50000000        15899.39355469        27354.19335937          841.99432373 
        5018.74531260            0.50000000        15795.39355469        27347.19335937          856.99432373 
        5020.78488144            0.50000000        15762.39355469        27582.19335937          853.99432373 
        5022.77507644            0.50000000        15766.39355469        28002.19335937          863.99432373 
        5024.86433048            0.50000000        15596.39355469        27890.19335937          879.99432373 
        5026.90420627            0.50000000        15537.39355469        27921.19335937          839.99432373 
        5029.04853562            0.50000000        15394.39355469        27702.19335937          830.99432373 
        5031.18972547            0.50000000        15388.39355469        27645.19335937          797.99432373 
        5033.46145744            0.50000000        15344.39355469        27419.19335937          789.99432373 
        5035.73542923            0.50000000        15202.39355469        26892.19335937          747.99432373 
        5038.00649172            0.50000000        15150.39355469        26567.19335937          724.99432373 
        5040.25400337            0.50000000        14903.39355469        26029.19335937          681.99432373 
        5042.63276678            0.50000000        14898.39355469        26109.19335937          678.99432373 
        5045.10700638            0.50000000        14783.39355469        26207.19335937          663.99432373 
        5047.44420937            0.50000000        14670.39355469        26312.19335937          666.99432373 
        5049.97539323            0.50000000        14610.39355469        26370.19335937          699.99432373 
        5052.42639273            0.50000000        14372.39355469        26149.19335937          703.99432373 
        5054.94226943            0.50000000        14296.39355469        26232.19335937          717.99432373 
        5057.56999460            0.50000000        14181.39355469        26254.19335937          741.99432373 
        5060.16428642            0.50000000        14044.39355469        26283.19335937          750.99432373 
        5062.79272772            0.50000000        13960.39355469        26451.19335937          738.99432373 
        5065.55970684            0.50000000        13869.39355469        26412.19335937          762.99432373 
        5068.26212267            0.50000000        13773.39355469        26518.19335937          743.99432373 
        5071.07220752            0.50000000        13424.39355469        26150.19335937          737.99432373 
        5073.95894866            0.50000000        13576.39355469        26661.19335937          752.99432373 
        5076.78116247            0.50000000        13311.39355469        26541.19335937          736.99432373 
        5079.66974605            0.50000000        13029.39355469        26201.19335937          698.99432373 
        5082.71948375            0.50000000        13023.39355469        26564.19335937          690.99432373 
        5085.72587834            0.50000000        12880.39355469        26525.19335937          658.99432373 
        5088.70981837            0.50000000        12921.39355469        26725.19335937          649.99432373 
        5091.84521627            0.50000000        12767.39355469        26735.19335937          633.99432373 
        5094.96370323            0.50000000        12603.39355469        26596.19335937          610.99432373 
        5098.06520289            0.50000000        12519.39355469        26706.19335937          645.99432373 
        5101.25022945            0.50000000        12384.39355469        26808.19335937          659.99432373 
        5104.51911516            0.50000000        12192.39355469        26742.19335937          693.99432373 
        5107.79787254            0.50000000        12081.39355469        26748.19335937          697.99432373 
        5111.07590000            0.50000000        12058.39355469        26827.19335937          709.99432373 
        5114.40642495            0.50000000        11952.39355469        26770.19335937          699.99432373 
        5117.77899722            0.50000000        11743.39355469        26604.19335937          690.99432373 
        5121.18844788            0.50000000        11475.39355469        26354.19335937          690.99432373 
        5124.60819017            0.50000000        11352.39355469        26104.19335937          692.99432373 
        5128.08645346            0.50000000        11403.39355469        26490.19335937          700.99432373 
        5131.60739622            0.50000000        11150.39355469        26148.19335937          678.99432373 
        5135.13897069            0.50000000        11011.39355469        26187.19335937          681.99432373 
        5138.71886720            0.50000000        10818.39355469        25999.19335937          675.99432373 
        5142.42272008            0.50000000        10859.39355469        26241.19335937          662.99432373 
        5145.98668794            0.50000000        10411.39355469        25667.19335937          625.99432373 
        5149.70193983            0.50000000        10405.39355469        25871.19335937          618.99432373 
        5153.43385059            0.50000000        10268.39355469        25728.19335937          632.99432373 
        5157.17706334            0.50000000        10049.39355469        25652.19335937          633.99432373 
        5161.04564888            0.50000000         9948.39355469        25664.19335937          634.99432373 
        5164.85527509            0.50000000         9612.39355469        25279.19335937          644.99432373 
        5168.74728178            0.50000000         9559.39355469        25454.19335937          652.99432373 
        5172.70023049            0.50000000         9419.39355469        25324.19335937          671.99432373 
        5176.54496650            0.50000000         9194.39355469        25166.19335937          696.99432373 
        5180.56015224            0.50000000         7429.39404297        20675.19335937          593.99432373 
        5184.54371529            0.50000000         9011.39355469        25193.19335937          687.99432373 
        5188.53942501            0.50000000         8806.39355469        25058.19335937          682.99432373 
        5192.70139770            0.50000000         8477.39355469        24367.19335937          676.99432373 
        5196.82652178            0.50000000         8245.39355469        23977.19335937          657.99432373 
        5200.94219583            0.50000000         8021.39404297        23622.19335937          640.99432373 
        5205.13685287            0.50000000         7728.39404297        23038.19335937          648.99432373 
        5208.91776827            0.50000000         7349.39404297        22054.19335937          603.99432373 
