# 1-D Scan File created by LabVIEW Control Panel  12/6/2011  1:11:30 AM; Scan time 0 hrs 4 min 28 sec. 
#
# Beamline 20 BM
#
# Scan config: 
#                 E0: 4966.00 eV   223 points
#        Scan bounds:  -100.00 -30.00 40.00 243.35 (7.99 (k))
#       Scan step(s):  5.00 0.50 0.07
#  Integration times:  0.50 0.50 0.50    kwgt in EXAFS region: 0.0 
#
# User Comment:
# 50oC
#
#
# Amplifier Sensitivities:
# Preslit: 20 nA/V  I0: 20 nA/V  I: 100 pA/V  IREF: 50 pA/V  
#
# Analog Input Voltages at start/end of scan:
# Preslit: 0.034/0.032  I0: 0.550/0.336  Ignore: 0.015/0.009  I: 0.841/0.651  IREF: 0.231/0.140  
#
# Mono Info:
# 
#
# ID Info:
# 
#
# Slit Info:
# Kappa S1:  Center is at -542 (H), 500 (V)   Size is 8000 wide x 2000 high
# Vacuum Slits:  Center is at 850 (H), -25 (V)   Size is 899 wide x 1000 high
#
# Motor Positions:
# SMV (20bm:m29): -37594.243125 SMH (20bm:m30): 4802.187500 
#
# Detector Names/PVs:
# I0/20bm:scaler1_netA.C  I/20bm:scaler1_netA.E  IREF/20bm:scaler1_netA.F  
#
# Positioner names/Drive PVs/Readback PVs:
# Mono Energy */20bm:monoE.VAL/20bm:EnctoE.VAL  Scaler preset time */20bm:scaler1.TP/  
# Here is a readable list of column headings:
#  1) Mono Energy *        
#  2) Scaler preset time * 
#  3) I0                   
#  4) I                    
#  5) IREF                 
#
# Column Headings:
#Mono Energy *        Scaler preset time * I0                   I                    IREF                 
        4865.40568254            0.50000000        22848.39453125        37081.19531250         5264.99414062 
        4870.46198442            0.50000000        22670.39453125        37012.19531250         5222.99414062 
        4875.46750590            0.50000000        22624.39453125        37326.19531250         5167.99414062 
        4880.54201781            0.50000000        22405.39453125        37334.19531250         5046.99414062 
        4885.58960585            0.50000000        22244.39453125        37317.19531250         4990.99414062 
        4890.57624875            0.50000000        22212.39453125        37601.19531250         4939.99414062 
        4895.66118128            0.50000000        22091.39453125        37747.19531250         4868.99414062 
        4900.78198347            0.50000000        21968.39453125        37950.19531250         4805.99414062 
        4905.80760651            0.50000000        21843.39453125        38010.19531250         4729.99414062 
        4910.81531763            0.50000000        21756.39453125        38353.19531250         4659.99414062 
        4915.82937170            0.50000000        21461.39453125        38217.19531250         4601.99414062 
        4920.86445405            0.50000000        21536.39453125        38750.19531250         4608.99414062 
        4925.89614265            0.50000000        21379.39453125        38858.19531250         4573.99414062 
        4930.90471187            0.50000000        21312.39453125        39202.19531250         4538.99414062 
        4935.97372402            0.50000000        21237.39453125        39514.19531250         4506.99414062 
        4936.48618139            0.50000000        21312.39453125        39813.19531250         4528.99414062 
        4936.95932245            0.50000000        21325.39453125        39858.19531250         4598.99414062 
        4937.45228338            0.50000000        21337.39453125        39893.19531250         4569.99414062 
        4937.93548973            0.50000000        21185.39453125        39670.19531250         4527.99414062 
        4938.44346116            0.50000000        21268.39453125        39818.19531250         4547.99414062 
        4938.96141396            0.50000000        21261.39453125        39869.19531250         4557.99414062 
        4939.45481300            0.50000000        21218.39453125        39916.19531250         4543.99414062 
        4940.00261241            0.50000000        21208.39453125        39801.19531250         4534.99414062 
        4940.47649222            0.50000000        21211.39453125        39942.19531250         4538.99414062 
        4940.98503651            0.50000000        21230.39453125        40089.19531250         4564.99414062 
        4941.45912280            0.50000000        21087.39453125        39883.19531250         4488.99414062 
        4941.95800866            0.50000000        21163.39453125        40053.19531250         4540.99414062 
        4942.44218161            0.50000000        21281.39453125        40322.19531250         4545.99414062 
        4942.98576482            0.50000000        21143.39453125        40107.19531250         4493.99414062 
        4943.47015837            0.50000000        21137.39453125        40104.19531250         4495.99414062 
        4944.02882287            0.50000000        21166.39453125        40211.19531250         4530.99414062 
        4944.47882136            0.50000000        21104.39453125        40129.19531250         4522.99414062 
        4945.00310856            0.50000000        21085.39453125        40185.19531250         4520.99414062 
        4945.47309207            0.50000000        21023.39453125        40170.19531250         4483.99414062 
        4945.96791726            0.50000000        21018.39453125        40151.19531250         4488.99414062 
        4946.43810164            0.50000000        21078.39453125        40158.19531250         4494.99414062 
        4946.99750107            0.50000000        21092.39453125        40418.19531250         4509.99414062 
        4947.48275614            0.50000000        21030.39453125        40330.19531250         4550.99414062 
        4948.06718121            0.50000000        21105.39453125        40520.19531250         4563.99414062 
        4948.48330474            0.50000000        20987.39453125        40372.19531250         4536.99414062 
        4949.02834431            0.50000000        20930.39453125        40274.19531250         4533.99414062 
        4949.48925307            0.50000000        21038.39453125        40636.19531250         4517.99414062 
        4949.99983162            0.50000000        20939.39453125        40388.19531250         4509.99414062 
        4950.44606265            0.50000000        20991.39453125        40555.19531250         4495.99414062 
        4951.01637495            0.50000000        21103.39453125        40840.19531250         4551.99414062 
        4951.48761103            0.50000000        21005.39453125        40682.19531250         4500.99414062 
        4952.08795921            0.50000000        21063.39453125        40731.19531250         4562.99414062 
        4952.49489735            0.50000000        21057.39453125        40846.19531250         4531.99414062 
        4953.03594068            0.50000000        21023.39453125        40764.19531250         4528.99414062 
        4953.49270183            0.50000000        21060.39453125        40927.19531250         4530.99414062 
        4954.00915160            0.50000000        21009.39453125        40997.19531250         4525.99414062 
        4954.45120703            0.50000000        20976.39453125        40865.19531250         4538.99414062 
        4955.02749883            0.50000000        21093.39453125        41210.19531250         4583.99414062 
        4955.48963188            0.50000000        20920.39453125        40990.19531250         4519.99414062 
        4956.08607204            0.50000000        21046.39453125        41289.19531250         4537.99414062 
        4956.48875800            0.50000000        20835.39453125        40914.19531250         4469.99414062 
        4957.04070326            0.50000000        20912.39453125        41001.19531250         4515.99414062 
        4957.49329930            0.50000000        20886.39453125        40965.19531250         4506.99414062 
        4958.02558841            0.50000000        20877.39453125        41033.19531250         4492.99414062 
        4958.45350026            0.50000000        20895.39453125        41106.19531250         4513.99414062 
        4959.02583431            0.50000000        20926.39453125        41311.19531250         4523.99414062 
        4959.49874109            0.50000000        20831.39453125        41086.19531250         4479.99414062 
        4960.08627857            0.50000000        20863.39453125        41266.19531250         4469.99414062 
        4960.49465706            0.50000000        20772.39453125        41128.19531250         4455.99414062 
        4961.03761559            0.50000000        20983.39453125        41523.19531250         4485.99414062 
        4961.49101088            0.50000000        20686.39453125        41041.19531250         4413.99414062 
        4962.02922410            0.50000000        20954.39453125        41562.19531250         4479.99414062 
        4962.44293777            0.50000000        20668.39453125        41093.19531250         4407.99414062 
        4963.02126652            0.50000000        20933.39453125        41579.19531250         4451.99414062 
        4963.49500771            0.50000000        20668.39453125        41120.19531250         4350.99414062 
        4964.09355911            0.50000000        20768.39453125        41322.19531250         4348.99414062 
        4964.48769169            0.50000000        20635.39453125        41253.19531250         4285.99414062 
        4965.03659796            0.50000000        20736.39453125        41368.19531250         4153.99414062 
        4965.48580190            0.50000000        20691.39453125        41401.19531250         3955.99438477 
        4966.02496404            0.50000000        20822.39453125        41649.19531250         3493.99438477 
        4966.43940720            0.50000000        20696.39453125        41473.19531250         2771.99438477 
        4967.02375081            0.50000000        20757.39453125        41452.19531250         2405.99438477 
        4967.49333247            0.50000000        20626.39453125        41206.19531250         2491.99438477 
        4968.08794222            0.50000000        20741.39453125        41321.19531250         2888.99438477 
        4968.47277270            0.50000000        20644.39453125        41094.19531250         2951.99438477 
        4969.02764313            0.50000000        20738.39453125        40991.19531250         2958.99438477 
        4969.47263719            0.50000000        20631.39453125        40765.19531250         2811.99438477 
        4970.01774873            0.50000000        20771.39453125        40770.19531250         2697.99438477 
        4970.43292141            0.50000000        20666.39453125        40496.19531250         2580.99438477 
        4971.01829371            0.50000000        20693.39453125        40295.19531250         2493.99438477 
        4971.48369726            0.50000000        20587.39453125        40359.19531250         2469.99438477 
        4972.08435884            0.50000000        20691.39453125        40698.19531250         2447.99438477 
        4972.46986700            0.50000000        20619.39453125        40742.19531250         2378.99438477 
        4973.02571462            0.50000000        20653.39453125        40805.19531250         2316.99438477 
        4973.47149245            0.50000000        20575.39453125        40565.19531250         2224.99438477 
        4974.00754334            0.50000000        20617.39453125        40279.19531250         2097.99438477 
        4974.42344557            0.50000000        20581.39453125        39795.19531250         1958.99438477 
        4975.01485923            0.50000000        20622.39453125        39015.19531250         1831.99438477 
        4975.47105449            0.50000000        20527.39453125        38070.19531250         1754.99438477 
        4976.06775561            0.50000000        20718.39453125        37504.19531250         1679.99438477 
        4976.46397139            0.50000000        20472.39453125        36643.19531250         1586.99438477 
        4977.01577921            0.50000000        20695.39453125        36506.19531250         1545.99438477 
        4977.46735789            0.50000000        20440.39453125        35709.19531250         1461.99438477 
        4977.99933217            0.50000000        20660.39453125        35658.19531250         1447.99438477 
        4978.42098503            0.50000000        20422.39453125        35059.19531250         1360.99438477 
        4979.00339599            0.50000000        20619.39453125        35163.19531250         1342.99438477 
        4979.48048149            0.50000000        20474.39453125        34654.19531250         1286.99438477 
        4980.06818737            0.50000000        20563.39453125        34526.19531250         1264.99438477 
        4980.47012488            0.50000000        20435.39453125        34039.19531250         1222.99438477 
        4981.02290481            0.50000000        20433.39453125        33564.19531250         1183.99438477 
        4981.47527912            0.50000000        20458.39453125        33203.19531250         1186.99438477 
        4982.00316272            0.50000000        20389.39453125        32360.19335937         1134.99438477 
        4982.42555769            0.50000000        20432.39453125        31681.19335937         1148.99438477 
        4983.00899379            0.50000000        20483.39453125        30613.19335937         1117.99438477 
        4983.47685652            0.50000000        20312.39453125        29462.19335937         1108.99438477 
        4984.04546418            0.50000000        20390.39453125        28266.19335937         1100.99438477 
        4984.46823792            0.50000000        20396.39453125        27404.19335937         1070.99438477 
        4985.00688471            0.50000000        20365.39453125        26406.19335937         1068.99438477 
        4985.46508635            0.50000000        20315.39453125        25660.19335937         1072.99438477 
        4985.98382131            0.50000000        20262.39453125        24955.19335937         1030.99438477 
        4986.42206804            0.50000000        20342.39453125        24744.19335937         1039.99438477 
        4986.99644987            0.50000000        20252.39453125        24351.19335937         1032.99438477 
        4987.47017180            0.50000000        20241.39453125        24294.19335937         1027.99438477 
        4988.05490045            0.50000000        20297.39453125        24336.19335937         1066.99438477 
        4988.46833355            0.50000000        20158.39453125        24385.19335937         1022.99432373 
        4989.00288250            0.50000000        20258.39453125        24829.19335937         1050.99438477 
        4989.46693217            0.50000000        20110.39453125        25094.19335937         1040.99438477 
        4989.97144103            0.50000000        20100.39453125        25578.19335937         1037.99438477 
        4990.41550109            0.50000000        20131.39453125        26129.19335937         1056.99438477 
        4990.98584129            0.50000000        20116.39453125        26734.19335937         1052.99438477 
        4991.46039215            0.50000000        20023.39453125        27042.19335937         1045.99438477 
        4992.02089308            0.50000000        20056.39453125        27705.19335937         1064.99438477 
        4992.46535196            0.50000000        19941.39453125        27825.19335937         1046.99438477 
        4992.99073309            0.50000000        19943.39453125        28204.19335937         1044.99438477 
        4993.46064743            0.50000000        19996.39453125        28453.19335937         1077.99438477 
        4993.94076728            0.50000000        19893.39453125        28432.19335937         1059.99438477 
        4994.42604354            0.50000000        19920.39453125        28558.19335937         1060.99438477 
        4994.96704585            0.50000000        20039.39453125        28691.19335937         1091.99438477 
        4995.45254013            0.50000000        19955.39453125        28592.19335937         1033.99438477 
        4996.00390349            0.50000000        19841.39453125        28310.19335937         1023.99432373 
        4996.47949797            0.50000000        19966.39453125        28333.19335937         1055.99438477 
        4996.97543589            0.50000000        19958.39453125        28125.19335937         1043.99438477 
        4997.46135696            0.50000000        19804.39453125        27749.19335937          996.99432373 
        4997.93219149            0.50000000        19871.39453125        27646.19335937         1000.99432373 
        4998.44363774            0.50000000        19784.39453125        27233.19335937          971.99432373 
        4998.95519838            0.50000000        19696.39453125        26887.19335937          963.99432373 
        4999.45167354            0.50000000        19852.39453125        26904.19335937          965.99432373 
        4999.99386642            0.50000000        19871.39453125        26744.19335937          950.99432373 
        5000.49056706            0.50000000        19757.39453125        26567.19335937          921.99432373 
        5000.97216550            0.50000000        19723.39453125        26481.19335937          925.99432373 
        5001.47414964            0.50000000        19906.39453125        26701.19335937          938.99432373 
        5001.92552231            0.50000000        19790.39453125        26719.19335937          916.99432373 
        5002.45308181            0.50000000        19685.39453125        26667.19335937          955.99432373 
        5002.93001906            0.50000000        19647.39453125        26784.19335937          901.99432373 
        5003.46288562            0.50000000        19780.39453125        27244.19335937          920.99432373 
        5003.97556952            0.50000000        19559.39453125        27199.19335937          888.99432373 
        5004.50360162            0.50000000        19655.39453125        27643.19335937          899.99432373 
        5004.94541431            0.50000000        19552.39453125        27770.19335937          875.99432373 
        5005.46859010            0.50000000        19731.39453125        28295.19335937          897.99432373 
        5005.92075085            0.50000000        19553.39453125        28453.19335937          897.99432373 
        5007.59808111            0.50000000        19548.39453125        29530.19335937          919.99432373 
        5009.39876463            0.50000000        19527.39453125        30287.19335937          953.99432373 
        5011.19577056            0.50000000        19358.39453125        30586.19335937          955.99432373 
        5013.01966861            0.50000000        19275.39453125        30645.19335937          977.99432373 
        5014.83481572            0.50000000        19113.39453125        30308.19335937          959.99432373 
        5016.80965250            0.50000000        19109.39453125        30324.19335937          964.99432373 
        5018.74531260            0.50000000        18951.39453125        30242.19335937          968.99432373 
        5020.78999541            0.50000000        18961.39453125        30665.19335937          992.99432373 
        5022.78019484            0.50000000        19028.39453125        31141.19335937          991.99432373 
        5024.87457660            0.50000000        18787.39453125        31089.19335937          992.99432373 
        5026.91446147            0.50000000        18689.39453125        31054.19335937          965.99432373 
        5029.05880037            0.50000000        18528.39453125        30730.19335937          942.99432373 
        5031.19486261            0.50000000        18617.39453125        30847.19335937          930.99432373 
        5033.46145744            0.50000000        18539.39453125        30558.19335937          889.99432373 
        5035.73028197            0.50000000        18370.39453125        29973.19335937          840.99432373 
        5038.01164406            0.50000000        18317.39453125        29566.19335937          809.99432373 
        5040.26431810            0.50000000        18041.39453125        28974.19335937          764.99432373 
        5042.64309213            0.50000000        18110.39453125        29170.19335937          779.99432373 
        5045.10700638            0.50000000        18011.39453125        29374.19335937          777.99432373 
        5047.43903596            0.50000000        17885.39453125        29494.19335937          781.99432373 
        5049.97539323            0.50000000        17862.39453125        29721.19335937          779.99432373 
        5052.42120817            0.50000000        17611.39453125        29412.19335937          793.99432373 
        5054.93707924            0.50000000        17645.39453125        29677.19335937          806.99432373 
        5057.56999460            0.50000000        17507.39453125        29683.19335937          841.99432373 
        5060.15908454            0.50000000        17404.39453125        29873.19335937          843.99432373 
        5062.78231218            0.50000000        17289.39453125        30018.19335937          852.99432373 
        5065.54927889            0.50000000        17216.39453125        30097.19335937          865.99432373 
        5068.26212267            0.50000000        17059.39453125        30080.19335937          866.99432373 
        5071.07220752            0.50000000        16717.39453125        29755.19335937          845.99432373 
        5073.95894866            0.50000000        16855.39453125        30337.19335937          838.99432373 
        5076.78116247            0.50000000        16613.39453125        30294.19335937          827.99432373 
        5079.66974605            0.50000000        16229.39355469        29821.19335937          793.99432373 
        5082.71423121            0.50000000        16235.39355469        30224.19335937          775.99432373 
        5085.72587834            0.50000000        16002.39355469        30101.19335937          761.99432373 
        5088.70455233            0.50000000        16021.39355469        30318.19335937          717.99432373 
        5091.83467007            0.50000000        15921.39355469        30413.19335937          723.99432373 
        5094.96370323            0.50000000        15720.39355469        30296.19335937          705.99432373 
        5098.07049004            0.50000000        15644.39355469        30392.19335937          741.99432373 
        5101.24493511            0.50000000        15504.39355469        30556.19335937          776.99432373 
        5104.51381344            0.50000000        15326.39355469        30605.19335937          796.99432373 
        5107.78725428            0.50000000        15254.39355469        30717.19335937          823.99432373 
        5111.07058345            0.50000000        15243.39355469        30931.19335937          831.99432373 
        5114.39577678            0.50000000        15132.39355469        30832.19335937          845.99432373 
        5117.77899722            0.50000000        14827.39355469        30608.19335937          811.99432373 
        5121.18310842            0.50000000        14588.39355469        30356.19335937          806.99432373 
        5124.60819017            0.50000000        14407.39355469        30098.19335937          819.99432373 
        5128.08109834            0.50000000        14513.39355469        30659.19335937          834.99432373 
        5131.61275934            0.50000000        14300.39355469        30456.19335937          847.99432373 
        5135.13897069            0.50000000        14079.39355469        30382.19335937          814.99432373 
        5138.71886720            0.50000000        13944.39355469        30356.19335937          821.99432373 
        5142.42272008            0.50000000        13877.39355469        30520.19335937          801.99432373 
        5145.98668794            0.50000000        13421.39355469        29986.19335937          782.99432373 
        5149.70193983            0.50000000        13351.39355469        30120.19335937          749.99432373 
        5153.42843777            0.50000000        13217.39355469        30069.19335937          760.99432373 
        5157.17706334            0.50000000        12960.39355469        29972.19335937          751.99432373 
        5161.03478849            0.50000000        12850.39355469        30143.19335937          754.99432373 
        5164.84983618            0.50000000        12546.39355469        29858.19335937          794.99432373 
        5168.74728178            0.50000000        12497.39355469        30186.19335937          790.99432373 
        5172.69477363            0.50000000        12208.39355469        29773.19335937          816.99432373 
        5176.53950083            0.50000000        11954.39355469        29696.19335937          842.99432373 
        5180.54920250            0.50000000         9791.39355469        24702.19335937          689.99432373 
        5184.54371529            0.50000000        11800.39355469        29968.19335937          829.99432373 
        5188.53942501            0.50000000        11541.39355469        29780.19335937          821.99432373 
        5192.70139770            0.50000000        11203.39355469        29233.19335937          830.99432373 
        5196.82652178            0.50000000        10921.39355469        28843.19335937          814.99432373 
        5200.94771756            0.50000000        10646.39355469        28496.19335937          794.99432373 
        5205.14238426            0.50000000        10364.39355469        28072.19335937          788.99432373 
        5208.92330839            0.50000000         9863.39355469        27009.19335937          755.99432373 
