# 1-D Scan File created by LabVIEW Control Panel  12/6/2011  12:36:22 AM; Scan time 0 hrs 4 min 28 sec. 
#
# Beamline 20 BM
#
# Scan config: 
#                 E0: 4966.00 eV   223 points
#        Scan bounds:  -100.00 -30.00 40.00 243.35 (7.99 (k))
#       Scan step(s):  5.00 0.50 0.07
#  Integration times:  0.50 0.50 0.50    kwgt in EXAFS region: 0.0 
#
# User Comment:
# 50oC
#
#
# Amplifier Sensitivities:
# Preslit: 20 nA/V  I0: 20 nA/V  I: 100 pA/V  IREF: 50 pA/V  
#
# Analog Input Voltages at start/end of scan:
# Preslit: 0.033/0.032  I0: 0.593/0.352  Ignore: 0.015/0.010  I: 0.864/0.745  IREF: 0.234/0.143  
#
# Mono Info:
# 
#
# ID Info:
# 
#
# Slit Info:
# Kappa S1:  Center is at -542 (H), 500 (V)   Size is 8000 wide x 2000 high
# Vacuum Slits:  Center is at 850 (H), -25 (V)   Size is 899 wide x 1000 high
#
# Motor Positions:
# SMV (20bm:m29): -37594.243125 SMH (20bm:m30): 4802.187500 
#
# Detector Names/PVs:
# I0/20bm:scaler1_netA.C  I/20bm:scaler1_netA.E  IREF/20bm:scaler1_netA.F  
#
# Positioner names/Drive PVs/Readback PVs:
# Mono Energy */20bm:monoE.VAL/20bm:EnctoE.VAL  Scaler preset time */20bm:scaler1.TP/  
# Here is a readable list of column headings:
#  1) Mono Energy *        
#  2) Scaler preset time * 
#  3) I0                   
#  4) I                    
#  5) IREF                 
#
# Column Headings:
#Mono Energy *        Scaler preset time * I0                   I                    IREF                 
        4865.39136160            0.50000000        25019.39453125        38124.19531250         5379.99414062 
        4870.44763076            0.50000000        24900.39453125        38267.19531250         5373.99414062 
        4875.45791516            0.50000000        24836.39453125        38550.19531250         5293.99414062 
        4880.54201781            0.50000000        24674.39453125        38589.19531250         5199.99414062 
        4885.59442313            0.50000000        24445.39453125        38546.19531250         5066.99414062 
        4890.58107683            0.50000000        24425.39453125        38851.19531250         5060.99414062 
        4895.67085951            0.50000000        24328.39453125        39052.19531250         5033.99414062 
        4900.77713326            0.50000000        24287.39453125        39377.19531250         4954.99414062 
        4905.81246765            0.50000000        24153.39453125        39560.19531250         4919.99414062 
        4910.82018967            0.50000000        24066.39453125        39837.19531250         4876.99414062 
        4915.83913761            0.50000000        23732.39453125        39692.19531250         4762.99414062 
        4920.86445405            0.50000000        23877.39453125        40437.19531250         4796.99414062 
        4925.89614265            0.50000000        23751.39453125        40688.19531250         4767.99414062 
        4930.90471187            0.50000000        23638.39453125        40937.19531250         4713.99414062 
        4935.97372402            0.50000000        23583.39453125        41239.19531250         4716.99414062 
        4936.48618139            0.50000000        23744.39453125        41726.19531250         4746.99414062 
        4936.95932245            0.50000000        23759.39453125        41740.19531250         4763.99414062 
        4937.45721353            0.50000000        23741.39453125        41768.19531250         4765.99414062 
        4937.93548973            0.50000000        23522.39453125        41494.19531250         4685.99414062 
        4938.44346116            0.50000000        23652.39453125        41644.19531250         4710.99414062 
        4938.95648052            0.50000000        23610.39453125        41652.19531250         4718.99414062 
        4939.45481300            0.50000000        23563.39453125        41665.19531250         4689.99414062 
        4940.00261241            0.50000000        23589.39453125        41696.19531250         4713.99414062 
        4940.47649222            0.50000000        23629.39453125        41793.19531250         4721.99414062 
        4940.98997440            0.50000000        23616.39453125        41949.19531250         4687.99414062 
        4941.45912280            0.50000000        23418.39453125        41614.19531250         4677.99414062 
        4941.95800866            0.50000000        23481.39453125        41799.19531250         4687.99414062 
        4942.44218161            0.50000000        23598.39453125        41965.19531250         4697.99414062 
        4942.98082257            0.50000000        23575.39453125        42033.19531250         4709.99414062 
        4943.47015837            0.50000000        23582.39453125        42051.19531250         4698.99414062 
        4944.02882287            0.50000000        23635.39453125        42172.19531250         4728.99414062 
        4944.47882136            0.50000000        23530.39453125        42088.19531250         4680.99414062 
        4945.00805525            0.50000000        23526.39453125        42067.19531250         4664.99414062 
        4945.47803978            0.50000000        23395.39453125        41971.19531250         4666.99414062 
        4945.96791726            0.50000000        23456.39453125        42087.19531250         4662.99414062 
        4946.43810164            0.50000000        23540.39453125        42190.19531250         4682.99414062 
        4947.00245213            0.50000000        23533.39453125        42330.19531250         4699.99414062 
        4947.49266039            0.50000000        23507.39453125        42291.19531250         4692.99414062 
        4948.06222782            0.50000000        23521.39453125        42428.19531250         4729.99414062 
        4948.48330474            0.50000000        23465.39453125        42407.19531250         4720.99414062 
        4949.02834431            0.50000000        23461.39453125        42483.19531250         4723.99414062 
        4949.49420959            0.50000000        23494.39453125        42532.19531250         4725.99414062 
        4949.99983162            0.50000000        23447.39453125        42545.19531250         4704.99414062 
        4950.44606265            0.50000000        23472.39453125        42611.19531250         4680.99414062 
        4951.02133482            0.50000000        23601.39453125        42830.19531250         4709.99414062 
        4951.49753284            0.50000000        23522.39453125        42745.19531250         4717.99414062 
        4952.09292143            0.50000000        23528.39453125        42815.19531250         4716.99414062 
        4952.49489735            0.50000000        23560.39453125        42924.19531250         4721.99414062 
        4953.04090498            0.50000000        23488.39453125        42751.19531250         4701.99414062 
        4953.49766714            0.50000000        23534.39453125        42936.19531250         4699.99414062 
        4954.00418517            0.50000000        23469.39453125        42995.19531250         4699.99414062 
        4954.45120703            0.50000000        23475.39453125        42918.19531250         4712.99414062 
        4955.02749883            0.50000000        23542.39453125        43166.19531250         4700.99414062 
        4955.49957126            0.50000000        23432.39453125        43053.19531250         4700.99414062 
        4956.09104303            0.50000000        23519.39453125        43311.19531250         4717.99414062 
        4956.49870177            0.50000000        23336.39453125        42953.19531250         4652.99414062 
        4957.04567635            0.50000000        23375.39453125        43042.19531250         4654.99414062 
        4957.49827339            0.50000000        23442.39453125        43131.19531250         4700.99414062 
        4958.03056366            0.50000000        23386.39453125        43177.19531250         4686.99414062 
        4958.45350026            0.50000000        23391.39453125        43261.19531250         4705.99414062 
        4959.02583431            0.50000000        23396.39453125        43309.19531250         4681.99414062 
        4959.49874109            0.50000000        23277.39453125        43126.19531250         4608.99414062 
        4960.08627857            0.50000000        23396.39453125        43386.19531250         4691.99414062 
        4960.49963774            0.50000000        23315.39453125        43269.19531250         4660.99414062 
        4961.03761559            0.50000000        23519.39453125        43741.19531250         4701.99414062 
        4961.49599375            0.50000000        23215.39453125        43208.19531250         4620.99414062 
        4962.02922410            0.50000000        23473.39453125        43735.19531250         4665.99414062 
        4962.44792274            0.50000000        23180.39453125        43221.19531250         4616.99414062 
        4963.03123900            0.50000000        23434.39453125        43691.19531250         4650.99414062 
        4963.50498227            0.50000000        23126.39453125        43198.19531250         4535.99414062 
        4964.10353630            0.50000000        23219.39453125        43465.19531250         4514.99414062 
        4964.49268115            0.50000000        23120.39453125        43378.19531250         4418.99414062 
        4965.04158863            0.50000000        23231.39453125        43554.19531250         4346.99414062 
        4965.49079356            0.50000000        23150.39453125        43430.19531250         4102.99414062 
        4966.02995688            0.50000000        23214.39453125        43555.19531250         3589.99438477 
        4966.44440095            0.50000000        23154.39453125        43511.19531250         2855.99438477 
        4967.02874585            0.50000000        23211.39453125        43538.19531250         2481.99438477 
        4967.49832854            0.50000000        23040.39453125        43234.19531250         2636.99438477 
        4968.09293960            0.50000000        23170.39453125        43369.19531250         2958.99438477 
        4968.48276917            0.50000000        23043.39453125        43125.19531250         3080.99438477 
        4969.03264258            0.50000000        23167.39453125        42977.19531250         3056.99438477 
        4969.47763762            0.50000000        23051.39453125        42714.19531250         2924.99438477 
        4970.01774873            0.50000000        23142.39453125        42559.19531250         2776.99438477 
        4970.43292141            0.50000000        23014.39453125        42305.19531250         2671.99438477 
        4971.02329755            0.50000000        23121.39453125        42320.19531250         2575.99438477 
        4971.48870211            0.50000000        23004.39453125        42347.19531250         2511.99438477 
        4972.08435884            0.50000000        23050.39453125        42548.19531250         2484.99438477 
        4972.46986700            0.50000000        23010.39453125        42591.19531250         2465.99438477 
        4973.03072288            0.50000000        23085.39453125        42715.19531250         2365.99438477 
        4973.47650169            0.50000000        22949.39453125        42472.19531250         2253.99438477 
        4974.01255376            0.50000000        23024.39453125        42130.19531250         2143.99438477 
        4974.42845690            0.50000000        22960.39453125        41531.19531250         2007.99438477 
        4975.01987187            0.50000000        22999.39453125        40702.19531250         1884.99438477 
        4975.48108179            0.50000000        22918.39453125        39774.19531250         1784.99438477 
        4976.07277057            0.50000000        23093.39453125        39068.19531250         1714.99438477 
        4976.46397139            0.50000000        22876.39453125        38177.19531250         1629.99438477 
        4977.02079626            0.50000000        23113.39453125        38092.19531250         1580.99438477 
        4977.47237593            0.50000000        22858.39453125        37295.19531250         1513.99438477 
        4978.00937062            0.50000000        23069.39453125        37320.19531250         1470.99438477 
        4978.42600518            0.50000000        22837.39453125        36655.19531250         1418.99438477 
        4979.00841742            0.50000000        23006.39453125        36621.19531250         1388.99438477 
        4979.48550398            0.50000000        22898.39453125        36229.19531250         1320.99438477 
        4980.07321115            0.50000000        22979.39453125        36060.19531250         1312.99438477 
        4980.47012488            0.50000000        22829.39453125        35578.19531250         1277.99438477 
        4981.02290481            0.50000000        22795.39453125        35027.19531250         1234.99438477 
        4981.48030601            0.50000000        22807.39453125        34512.19531250         1216.99438477 
        4982.00819077            0.50000000        22831.39453125        33766.19531250         1176.99438477 
        4982.43058667            0.50000000        22804.39453125        32883.19531250         1170.99438477 
        4983.00899379            0.50000000        22836.39453125        31813.19335937         1146.99438477 
        4983.48188783            0.50000000        22725.39453125        30625.19335937         1113.99438477 
        4984.05552931            0.50000000        22795.39453125        29450.19335937         1106.99438477 
        4984.47327141            0.50000000        22765.39453125        28423.19335937         1100.99438477 
        4985.01191939            0.50000000        22723.39453125        27316.19335937         1066.99438477 
        4985.47012205            0.50000000        22727.39453125        26587.19335937         1070.99438477 
        4985.98885815            0.50000000        22673.39453125        25934.19335937         1072.99438477 
        4986.42710584            0.50000000        22714.39453125        25674.19335937         1066.99438477 
        4986.99644987            0.50000000        22698.39453125        25344.19335937         1060.99438477 
        4987.47521192            0.50000000        22643.39453125        25205.19335937         1033.99438477 
        4988.05490045            0.50000000        22705.39453125        25342.19335937         1052.99438477 
        4988.47337588            0.50000000        22521.39453125        25342.19335937         1043.99438477 
        4989.00792601            0.50000000        22664.39453125        25819.19335937         1054.99438477 
        4989.47702126            0.50000000        22504.39453125        26075.19335937         1017.99432373 
        4989.97648668            0.50000000        22525.39453125        26704.19335937         1045.99438477 
        4990.42559437            0.50000000        22536.39453125        27277.19335937         1069.99438477 
        4990.99593709            0.50000000        22492.39453125        27808.19335937         1068.99438477 
        4991.47049005            0.50000000        22414.39453125        28255.19335937         1078.99438477 
        4992.03604366            0.50000000        22426.39453125        28817.19335937         1098.99438477 
        4992.47040313            0.50000000        22362.39453125        29101.19335937         1082.99438477 
        4993.00083776            0.50000000        22349.39453125        29455.19335937         1098.99438477 
        4993.47075418            0.50000000        22453.39453125        29736.19335937         1098.99438477 
        4993.95087615            0.50000000        22302.39453125        29654.19335937         1079.99438477 
        4994.43615456            0.50000000        22353.39453125        29849.19335937         1092.99438477 
        4994.98221599            0.50000000        22517.39453125        29998.19335937         1119.99438477 
        4995.45759791            0.50000000        22479.39453125        29983.19335937         1079.99438477 
        4996.01908050            0.50000000        22351.39453125        29716.19335937         1056.99438477 
        4996.48455802            0.50000000        22472.39453125        29715.19335937         1085.99438477 
        4996.98555820            0.50000000        22468.39453125        29534.19335937         1054.99438477 
        4997.47148141            0.50000000        22331.39453125        29130.19335937         1010.99432373 
        4997.93725475            0.50000000        22396.39453125        29016.19335937         1000.99432373 
        4998.45376654            0.50000000        22381.39453125        28697.19335937         1008.99432373 
        4998.96532945            0.50000000        22215.39453125        28244.19335937          997.99432373 
        4999.45674017            0.50000000        22393.39453125        28254.19335937          972.99432373 
        4999.99893425            0.50000000        22406.39453125        28130.19335937          997.99432373 
        5000.49563599            0.50000000        22335.39453125        27982.19335937          963.99432373 
        5000.97723550            0.50000000        22271.39453125        27893.19335937          940.99432373 
        5001.47922075            0.50000000        22412.39453125        28049.19335937          965.99432373 
        5001.93566654            0.50000000        22340.39453125        28127.19335937          925.99432373 
        5002.45815509            0.50000000        22270.39453125        28143.19335937          933.99432373 
        5002.93001906            0.50000000        22191.39453125        28185.19335937          937.99432373 
        5003.46288562            0.50000000        22297.39453125        28693.19335937          928.99432373 
        5003.97049288            0.50000000        22081.39453125        28640.19335937          907.99432373 
        5004.50867945            0.50000000        22154.39453125        29055.19335937          927.99432373 
        5004.95049312            0.50000000        22060.39453125        29250.19335937          950.99432373 
        5005.47367006            0.50000000        22265.39453125        29838.19335937          969.99432373 
        5005.91566990            0.50000000        22034.39453125        29853.19335937          937.99432373 
        5007.59808111            0.50000000        22082.39453125        31122.19335937          975.99432373 
        5009.39876463            0.50000000        21988.39453125        31881.19335937         1003.99432373 
        5011.19577056            0.50000000        21791.39453125        32108.19335937         1021.99432373 
        5013.01966861            0.50000000        21749.39453125        32252.19335937         1011.99432373 
        5014.83481572            0.50000000        21631.39453125        32097.19335937         1048.99438477 
        5016.80454738            0.50000000        21597.39453125        31975.19335937         1023.99432373 
        5018.74020318            0.50000000        21444.39453125        31958.19335937         1034.99438477 
        5020.78488144            0.50000000        21407.39453125        32339.19335937         1044.99438477 
        5022.77507644            0.50000000        21355.39453125        32627.19335937         1050.99438477 
        5024.86945353            0.50000000        21248.39453125        32786.19531250         1050.99438477 
        5026.90420627            0.50000000        21192.39453125        32850.19531250         1040.99438477 
        5029.05880037            0.50000000        21018.39453125        32561.19335937         1001.99432373 
        5031.18972547            0.50000000        21018.39453125        32527.19335937          973.99432373 
        5033.45631525            0.50000000        21016.39453125        32364.19335937          952.99432373 
        5035.72513472            0.50000000        20882.39453125        31846.19335937          920.99432373 
        5037.99618707            0.50000000        20787.39453125        31380.19335937          882.99432373 
        5040.24368869            0.50000000        20556.39453125        30881.19335937          863.99432373 
        5042.63276678            0.50000000        20632.39453125        31081.19335937          869.99432373 
        5045.09667002            0.50000000        20496.39453125        31166.19335937          821.99432373 
        5047.43386256            0.50000000        20359.39453125        31357.19335937          829.99432373 
        5049.97021416            0.50000000        20294.39453125        31448.19335937          850.99432373 
        5052.41602363            0.50000000        20080.39453125        31356.19335937          861.99432373 
        5054.93188907            0.50000000        19997.39453125        31438.19335937          870.99432373 
        5057.55960247            0.50000000        19914.39453125        31612.19335937          881.99432373 
        5060.14868081            0.50000000        19773.39453125        31727.19335937          918.99432373 
        5062.77189668            0.50000000        19597.39453125        31828.19335937          913.99432373 
        5065.54406493            0.50000000        19581.39453125        32039.19335937          924.99432373 
        5068.24124255            0.50000000        19381.39453125        31991.19335937          923.99432373 
        5071.05130217            0.50000000        19051.39453125        31815.19335937          904.99432373 
        5073.94848299            0.50000000        19198.39453125        32358.19335937          918.99432373 
        5076.76020580            0.50000000        18926.39453125        32314.19335937          905.99432373 
        5079.65400904            0.50000000        18610.39453125        32028.19335937          855.99432373 
        5082.70372616            0.50000000        18585.39453125        32342.19335937          836.99432373 
        5085.71535973            0.50000000        18441.39453125        32431.19335937          840.99432373 
        5088.69402029            0.50000000        18412.39453125        32695.19335937          810.99432373 
        5091.82412392            0.50000000        18292.39453125        32787.19531250          791.99432373 
        5094.95314296            0.50000000        18028.39453125        32549.19335937          790.99432373 
        5098.05991575            0.50000000        18013.39453125        32778.19531250          807.99432373 
        5101.22375790            0.50000000        17845.39453125        33007.19531250          825.99432373 
        5104.50851173            0.50000000        17596.39453125        32949.19531250          859.99432373 
        5107.78725428            0.50000000        17526.39453125        33064.19531250          883.99432373 
        5111.07058345            0.50000000        17573.39453125        33422.19531250          887.99432373 
        5114.40642495            0.50000000        17370.39453125        33290.19531250          892.99432373 
        5117.78432897            0.50000000        17107.39453125        33056.19531250          893.99432373 
        5121.18844788            0.50000000        16859.39453125        32839.19531250          894.99432373 
        5124.61353740            0.50000000        16647.39453125        32679.19335937          881.99432373 
        5128.09180859            0.50000000        16856.39453125        33354.19531250          896.99432373 
        5131.61812249            0.50000000        16474.39453125        32900.19531250          893.99432373 
        5135.14434185            0.50000000        16297.39355469        32964.19531250          893.99432373 
        5138.72962582            0.50000000        16117.39355469        32900.19531250          869.99432373 
        5142.42810781            0.50000000        16141.39355469        33270.19531250          863.99432373 
        5145.99208379            0.50000000        15597.39355469        32625.19335937          826.99432373 
        5149.70734415            0.50000000        15560.39355469        32894.19531250          835.99432373 
        5153.43926342            0.50000000        15480.39355469        33035.19531250          803.99432373 
        5157.18790611            0.50000000        15271.39355469        33082.19531250          845.99432373 
        5161.04021868            0.50000000        15046.39355469        33088.19531250          855.99432373 
        5164.85527509            0.50000000        14726.39355469        32891.19531250          855.99432373 
        5168.74728178            0.50000000        14628.39355469        33138.19531250          870.99432373 
        5172.70023049            0.50000000        14352.39355469        32888.19531250          881.99432373 
        5176.55043219            0.50000000        14031.39355469        32750.19335937          897.99432373 
        5180.56015224            0.50000000        11545.39355469        27339.19335937          792.99432373 
        5184.55468336            0.50000000        14027.39355469        33430.19531250          912.99432373 
        5188.54491822            0.50000000        13609.39355469        32953.19531250          920.99432373 
        5192.70690048            0.50000000        13310.39355469        32565.19335937          918.99432373 
        5196.83754631            0.50000000        12917.39355469        32032.19335937          874.99432373 
        5200.95323931            0.50000000        12629.39355469        31639.19335937          876.99432373 
        5205.15344710            0.50000000        12293.39355469        31243.19335937          854.99432373 
        5208.92884851            0.50000000        11782.39355469        30277.19335937          829.99432373 
