# 1-D Scan File created by LabVIEW Control Panel  12/6/2011  3:37:07 AM; Scan time 0 hrs 4 min 28 sec. 
#
# Beamline 20 BM
#
# Scan config: 
#                 E0: 4966.00 eV   223 points
#        Scan bounds:  -100.00 -30.00 40.00 243.35 (7.99 (k))
#       Scan step(s):  5.00 0.50 0.07
#  Integration times:  0.50 0.50 0.50    kwgt in EXAFS region: 0.0 
#
# User Comment:
# 50oC
#
#
# Amplifier Sensitivities:
# Preslit: 20 nA/V  I0: 20 nA/V  I: 100 pA/V  IREF: 50 pA/V  
#
# Analog Input Voltages at start/end of scan:
# Preslit: 0.033/0.032  I0: 0.417/0.222  Ignore: 0.010/0.006  I: 0.751/0.443  IREF: 0.213/0.135  
#
# Mono Info:
# 
#
# ID Info:
# 
#
# Slit Info:
# Kappa S1:  Center is at -542 (H), 500 (V)   Size is 8000 wide x 2000 high
# Vacuum Slits:  Center is at 850 (H), -25 (V)   Size is 899 wide x 1000 high
#
# Motor Positions:
# SMV (20bm:m29): -37594.243125 SMH (20bm:m30): 4802.187500 
#
# Detector Names/PVs:
# I0/20bm:scaler1_netA.C  I/20bm:scaler1_netA.E  IREF/20bm:scaler1_netA.F  
#
# Positioner names/Drive PVs/Readback PVs:
# Mono Energy */20bm:monoE.VAL/20bm:EnctoE.VAL  Scaler preset time */20bm:scaler1.TP/  
# Here is a readable list of column headings:
#  1) Mono Energy *        
#  2) Scaler preset time * 
#  3) I0                   
#  4) I                    
#  5) IREF                 
#
# Column Headings:
#Mono Energy *        Scaler preset time * I0                   I                    IREF                 
        4865.38181436            0.50000000        16104.39355469        32555.19335937         4464.99414062 
        4870.45241530            0.50000000        15911.39355469        32398.19335937         4378.99414062 
        4875.46271053            0.50000000        15766.39355469        32377.19335937         4296.99414062 
        4880.53721146            0.50000000        15610.39355469        32380.19335937         4233.99414062 
        4885.58960585            0.50000000        15418.39355469        32334.19335937         4140.99414062 
        4890.57142068            0.50000000        15349.39355469        32370.19335937         4051.99438477 
        4895.65150310            0.50000000        15200.39355469        32382.19335937         4039.99438477 
        4900.77228306            0.50000000        15084.39355469        32559.19335937         3960.99438477 
        4905.80760651            0.50000000        14959.39355469        32452.19335937         3891.99438477 
        4910.81044561            0.50000000        14855.39355469        32656.19335937         3856.99438477 
        4915.82448876            0.50000000        14606.39355469        32469.19335937         3794.99438477 
        4920.84977234            0.50000000        14636.39355469        32900.19531250         3793.99438477 
        4925.88633288            0.50000000        14491.39355469        32962.19531250         3784.99438477 
        4930.89488023            0.50000000        14370.39355469        32981.19531250         3732.99438477 
        4935.95894332            0.50000000        14289.39355469        33356.19531250         3704.99438477 
        4936.48125336            0.50000000        14344.39355469        33477.19531250         3735.99438477 
        4936.94946433            0.50000000        14358.39355469        33490.19531250         3734.99438477 
        4937.44735323            0.50000000        14342.39355469        33519.19531250         3738.99438477 
        4937.92562734            0.50000000        14262.39355469        33442.19531250         3715.99438477 
        4938.43852885            0.50000000        14295.39355469        33318.19531250         3716.99438477 
        4938.95648052            0.50000000        14253.39355469        33330.19531250         3737.99438477 
        4939.44987848            0.50000000        14242.39355469        33468.19531250         3718.99438477 
        4939.99274098            0.50000000        14196.39355469        33314.19531250         3705.99438477 
        4940.47155546            0.50000000        14241.39355469        33507.19531250         3697.99438477 
        4940.98009864            0.50000000        14257.39355469        33674.19531250         3715.99438477 
        4941.44924499            0.50000000        14109.39355469        33399.19531250         3671.99438477 
        4941.94318868            0.50000000        14123.39355469        33450.19531250         3683.99438477 
        4942.43229949            0.50000000        14232.39355469        33614.19531250         3678.99438477 
        4942.97588032            0.50000000        14137.39355469        33537.19531250         3687.99438477 
        4943.46521506            0.50000000        14125.39355469        33429.19531250         3656.99438477 
        4944.02882287            0.50000000        14165.39355469        33587.19531250         3677.99438477 
        4944.46893032            0.50000000        14054.39355469        33413.19531250         3661.99438477 
        4944.99816189            0.50000000        14089.39355469        33447.19531250         3663.99438477 
        4945.46319667            0.50000000        14022.39355469        33423.19531250         3677.99438477 
        4945.96791726            0.50000000        13983.39355469        33355.19531250         3655.99438477 
        4946.43315182            0.50000000        14091.39355469        33514.19531250         3701.99438477 
        4946.99255003            0.50000000        14042.39355469        33586.19531250         3668.99438477 
        4947.47285194            0.50000000        14026.39355469        33491.19531250         3659.99438477 
        4948.05232107            0.50000000        14032.39355469        33597.19531250         3679.99438477 
        4948.47835043            0.50000000        13971.39355469        33560.19531250         3675.99438477 
        4949.01843333            0.50000000        13939.39355469        33511.19531250         3624.99438477 
        4949.48429656            0.50000000        13985.39355469        33671.19531250         3701.99438477 
        4949.99487399            0.50000000        13928.39355469        33599.19531250         3640.99438477 
        4950.44110404            0.50000000        13940.39355469        33594.19531250         3667.99438477 
        4951.02133482            0.50000000        14036.39355469        33888.19531250         3708.99438477 
        4951.48265014            0.50000000        13950.39355469        33694.19531250         3621.99438477 
        4952.07307262            0.50000000        14029.39355469        33812.19531250         3692.99438477 
        4952.48497116            0.50000000        13993.39355469        33770.19531250         3666.99438477 
        4953.02104785            0.50000000        13992.39355469        33771.19531250         3663.99438477 
        4953.48277126            0.50000000        13964.39355469        33814.19531250         3653.99438477 
        4953.99921876            0.50000000        13924.39355469        33860.19531250         3660.99438477 
        4954.44623964            0.50000000        13946.39355469        33772.19531250         3640.99438477 
        4955.02253017            0.50000000        13962.39355469        33993.19531250         3634.99438477 
        4955.48466220            0.50000000        13911.39355469        33963.19531250         3631.99438477 
        4956.08110105            0.50000000        13966.39355469        34082.19531250         3662.99438477 
        4956.48378613            0.50000000        13826.39355469        33832.19531250         3608.99438477 
        4957.04070326            0.50000000        13889.39355469        33913.19531250         3642.99438477 
        4957.49329930            0.50000000        13869.39355469        33876.19531250         3620.99438477 
        4958.02558841            0.50000000        13852.39355469        33882.19531250         3620.99438477 
        4958.44852407            0.50000000        13821.39355469        33842.19531250         3595.99438477 
        4959.02085687            0.50000000        13855.39355469        34086.19531250         3608.99438477 
        4959.48878414            0.50000000        13810.39355469        33927.19531250         3590.99438477 
        4960.07631904            0.50000000        13831.39355469        34085.19531250         3618.99438477 
        4960.48469573            0.50000000        13736.39355469        33823.19531250         3582.99438477 
        4961.03761559            0.50000000        13921.39355469        34342.19531250         3644.99438477 
        4961.48104517            0.50000000        13693.39355469        33814.19531250         3555.99438477 
        4962.01925603            0.50000000        13935.39355469        34396.19531250         3605.99438477 
        4962.43795282            0.50000000        13669.39355469        33769.19531250         3524.99438477 
        4963.02126652            0.50000000        13896.39355469        34359.19531250         3591.99438477 
        4963.49002044            0.50000000        13650.39355469        33827.19531250         3512.99438477 
        4964.08857053            0.50000000        13759.39355469        34115.19531250         3462.99438477 
        4964.48270224            0.50000000        13664.39355469        34045.19531250         3428.99438477 
        4965.02661666            0.50000000        13729.39355469        34123.19531250         3350.99438477 
        4965.47581862            0.50000000        13642.39355469        34041.19531250         3177.99438477 
        4966.00998558            0.50000000        13710.39355469        34090.19531250         2748.99438477 
        4966.42941972            0.50000000        13630.39355469        34067.19531250         2203.99438477 
        4967.01376077            0.50000000        13714.39355469        34033.19531250         1874.99438477 
        4967.47834432            0.50000000        13575.39355469        33763.19531250         1988.99438477 
        4968.07794749            0.50000000        13660.39355469        33920.19531250         2276.99438477 
        4968.46777448            0.50000000        13574.39355469        33649.19531250         2368.99438477 
        4969.01264485            0.50000000        13662.39355469        33628.19531250         2341.99438477 
        4969.46763678            0.50000000        13552.39355469        33356.19531250         2244.99438477 
        4970.00774550            0.50000000        13605.39355469        33236.19531250         2139.99438477 
        4970.42291635            0.50000000        13559.39355469        33004.19531250         2034.99438477 
        4971.01328989            0.50000000        13600.39355469        32902.19531250         1951.99438477 
        4971.47368758            0.50000000        13531.39355469        32955.19531250         1913.99438477 
        4972.07434652            0.50000000        13570.39355469        33196.19531250         1917.99438477 
        4972.45985297            0.50000000        13511.39355469        33225.19531250         1885.99438477 
        4973.01569815            0.50000000        13528.39355469        33255.19531250         1810.99438477 
        4973.46648323            0.50000000        13446.39355469        33061.19531250         1719.99438477 
        4973.99752254            0.50000000        13473.39355469        32742.19335937         1625.99438477 
        4974.41342293            0.50000000        13452.39355469        32354.19335937         1523.99438477 
        4975.00984661            0.50000000        13458.39355469        31669.19335937         1421.99438477 
        4975.46604086            0.50000000        13417.39355469        31076.19335937         1356.99438477 
        4976.06274067            0.50000000        13540.39355469        30576.19335937         1281.99438477 
        4976.45393976            0.50000000        13338.39355469        29777.19335937         1196.99438477 
        4977.01076217            0.50000000        13505.39355469        29695.19335937         1176.99438477 
        4977.45732183            0.50000000        13313.39355469        28965.19335937         1132.99438477 
        4977.98929377            0.50000000        13479.39355469        29063.19335937         1076.99438477 
        4978.40592465            0.50000000        13254.39355469        28310.19335937         1032.99438477 
        4978.99335316            0.50000000        13342.39355469        28319.19335937         1005.99432373 
        4979.46541411            0.50000000        13264.39355469        27966.19335937          963.99432373 
        4980.05813984            0.50000000        13403.39355469        27997.19335937          971.99432373 
        4980.45505094            0.50000000        13233.39355469        27421.19335937          922.99432373 
        4981.01285307            0.50000000        13259.39355469        27037.19335937          900.99432373 
        4981.46522538            0.50000000        13269.39355469        26612.19335937          875.99432373 
        4981.98807863            0.50000000        13206.39355469        25943.19335937          853.99432373 
        4982.41047080            0.50000000        13235.39355469        25410.19335937          812.99432373 
        4982.99390305            0.50000000        13262.39355469        24644.19335937          834.99432373 
        4983.46176268            0.50000000        13136.39355469        23705.19335937          808.99432373 
        4984.03539909            0.50000000        13219.39355469        22890.19335937          792.99432373 
        4984.45313750            0.50000000        13181.39355469        22040.19335937          776.99432373 
        4984.99178073            0.50000000        13167.39355469        21317.19335937          761.99432373 
        4985.45501500            0.50000000        13167.39355469        20752.19335937          757.99432373 
        4985.96871086            0.50000000        13093.39355469        20109.19335937          752.99432373 
        4986.41703024            0.50000000        13166.39355469        19930.19335937          752.99432373 
        4986.98637175            0.50000000        13126.39355469        19632.19335937          774.99432373 
        4987.45505149            0.50000000        13078.39355469        19483.19335937          758.99432373 
        4988.04481765            0.50000000        13147.39355469        19586.19335937          782.99432373 
        4988.45824893            0.50000000        13032.39355469        19524.19335937          744.99432373 
        4988.99279551            0.50000000        13118.39355469        19918.19335937          759.99432373 
        4989.45684313            0.50000000        12938.39355469        19891.19335937          761.99432373 
        4989.95630414            0.50000000        12938.39355469        20322.19335937          754.99432373 
        4990.41045447            0.50000000        12975.39355469        20821.19335937          788.99432373 
        4990.97574553            0.50000000        12960.39355469        21190.19335937          787.99432373 
        4991.45029430            0.50000000        12874.39355469        21456.19335937          785.99432373 
        4992.01079275            0.50000000        12890.39355469        21987.19335937          784.99432373 
        4992.45019853            0.50000000        12869.39355469        22227.19335937          805.99432373 
        4992.98062847            0.50000000        12822.39355469        22412.19335937          797.99432373 
        4993.45054073            0.50000000        12909.39355469        22757.19335937          791.99432373 
        4993.92560406            0.50000000        12782.39355469        22631.19335937          805.99432373 
        4994.42098805            0.50000000        12767.39355469        22658.19335937          803.99432373 
        4994.95693249            0.50000000        12885.39355469        22860.19335937          790.99432373 
        4995.44242462            0.50000000        12809.39355469        22722.19335937          779.99432373 
        4995.98872657            0.50000000        12698.39355469        22494.19335937          763.99432373 
        4996.46937791            0.50000000        12823.39355469        22565.19335937          794.99432373 
        4996.97037476            0.50000000        12773.39355469        22360.19335937          767.99432373 
        4997.45123255            0.50000000        12642.39355469        22047.19335937          739.99432373 
        4997.91700176            0.50000000        12718.39355469        21991.19335937          732.99432373 
        4998.43857335            0.50000000        12652.39355469        21639.19335937          720.99432373 
        4998.95013286            0.50000000        12569.39355469        21342.19335937          710.99432373 
        4999.44154032            0.50000000        12727.39355469        21414.19335937          718.99432373 
        4999.98373080            0.50000000        12660.39355469        21149.19335937          684.99432373 
        5000.48042923            0.50000000        12600.39355469        21043.19335937          696.99432373 
        5000.96202554            0.50000000        12545.39355469        20895.19335937          694.99432373 
        5001.46400746            0.50000000        12691.39355469        21094.19335937          705.99432373 
        5001.91537812            0.50000000        12627.39355469        21126.19335937          691.99432373 
        5002.44293529            0.50000000        12531.39355469        21009.19335937          685.99432373 
        5002.91479613            0.50000000        12452.39355469        21042.19335937          675.99432373 
        5003.45273462            0.50000000        12545.39355469        21408.19335937          686.99432373 
        5003.96541625            0.50000000        12350.39355469        21264.19335937          673.99432373 
        5004.49852381            0.50000000        12442.39355469        21692.19335937          670.99432373 
        5004.94033552            0.50000000        12344.39355469        21740.19335937          675.99432373 
        5005.45843021            0.50000000        12471.39355469        22104.19335937          707.99432373 
        5005.90550802            0.50000000        12309.39355469        22189.19335937          685.99432373 
        5007.58282713            0.50000000        12308.39355469        23012.19335937          697.99432373 
        5009.39367596            0.50000000        12249.39355469        23505.19335937          736.99432373 
        5011.19067790            0.50000000        12092.39355469        23649.19335937          738.99432373 
        5013.00947521            0.50000000        12032.39355469        23729.19335937          734.99432373 
        5014.82971498            0.50000000        11927.39355469        23519.19335937          723.99432373 
        5016.80454738            0.50000000        11936.39355469        23550.19335937          732.99432373 
        5018.74531260            0.50000000        11834.39355469        23560.19335937          749.99432373 
        5020.78488144            0.50000000        11784.39355469        23692.19335937          749.99432373 
        5022.78019484            0.50000000        11798.39355469        24006.19335937          726.99432373 
        5024.87457660            0.50000000        11615.39355469        23898.19335937          729.99432373 
        5026.90933386            0.50000000        11546.39355469        23769.19335937          725.99432373 
        5029.05880037            0.50000000        11416.39355469        23543.19335937          687.99432373 
        5031.19999976            0.50000000        11422.39355469        23517.19335937          691.99432373 
        5033.46145744            0.50000000        11376.39355469        23358.19335937          664.99432373 
        5035.74057651            0.50000000        11277.39355469        22919.19335937          639.99432373 
        5038.00649172            0.50000000        11230.39355469        22622.19335937          602.99432373 
        5040.25400337            0.50000000        11036.39355469        22131.19335937          568.99432373 
        5042.64825482            0.50000000        11062.39355469        22187.19335937          577.99432373 
        5045.11217458            0.50000000        10930.39355469        22187.19335937          569.99432373 
        5047.44938279            0.50000000        10798.39355469        22220.19335937          583.99432373 
        5049.98575141            0.50000000        10775.39355469        22303.19335937          589.99432373 
        5052.43157729            0.50000000        10553.39355469        22047.19335937          603.99432373 
        5054.94745963            0.50000000        10508.39355469        22111.19335937          603.99432373 
        5057.57519068            0.50000000        10407.39355469        22079.19335937          618.99432373 
        5060.16428642            0.50000000        10280.39355469        22064.19335937          617.99432373 
        5062.79272772            0.50000000        10159.39355469        22030.19335937          608.99432373 
        5065.55970684            0.50000000        10111.39355469        22041.19335937          626.99432373 
        5068.25690262            0.50000000         9980.39355469        22066.19335937          611.99432373 
        5071.06698117            0.50000000         9650.39355469        21566.19335937          604.99432373 
        5073.95894866            0.50000000         9753.39355469        21979.19335937          622.99432373 
        5076.78116247            0.50000000         9585.39355469        21923.19335937          593.99432373 
        5079.66974605            0.50000000         9317.39355469        21492.19335937          575.99432373 
        5082.71423121            0.50000000         9279.39355469        21690.19335937          559.99432373 
        5085.72587834            0.50000000         9128.39355469        21568.19335937          532.99432373 
        5088.70455233            0.50000000         9174.39355469        21737.19335937          524.99432373 
        5091.83467007            0.50000000         8978.39355469        21543.19335937          507.99432373 
        5094.95842309            0.50000000         8793.39355469        21347.19335937          493.99432373 
        5098.05991575            0.50000000         8785.39355469        21458.19335937          527.99432373 
        5101.23964079            0.50000000         8635.39355469        21488.19335937          534.99432373 
        5104.50851173            0.50000000         8546.39355469        21534.19335937          564.99432373 
        5107.78194517            0.50000000         8478.39355469        21466.19335937          557.99432373 
        5111.06526691            0.50000000         8487.39355469        21682.19335937          568.99432373 
        5114.39577678            0.50000000         8402.39355469        21604.19335937          571.99432373 
        5117.77899722            0.50000000         8215.39355469        21375.19335937          564.99432373 
        5121.18310842            0.50000000         8047.39404297        21184.19335937          571.99432373 
        5124.60284295            0.50000000         7894.39404297        20797.19335937          546.99432373 
        5128.08109834            0.50000000         7986.39404297        21322.19335937          549.99432373 
        5131.61275934            0.50000000         7763.39404297        20873.19335937          546.99432373 
        5135.13897069            0.50000000         7628.39404297        20850.19335937          554.99432373 
        5138.71886720            0.50000000         7511.39404297        20682.19335937          531.99432373 
        5142.42810781            0.50000000         7475.39404297        20765.19335937          524.99432373 
        5145.98668794            0.50000000         7175.39404297        20299.19335937          523.99432373 
        5149.70193983            0.50000000         7086.39404297        20273.19335937          503.99432373 
        5153.43385059            0.50000000         7012.39404297        20183.19335937          500.99432373 
        5157.18248472            0.50000000         6926.39404297        20289.19335937          516.99432373 
        5161.04021868            0.50000000         6781.39404297        20107.19335937          502.99432373 
        5164.86071401            0.50000000         6560.39404297        19794.19335937          497.99432373 
        5168.75272961            0.50000000         6473.39404297        19850.19335937          522.99432373 
        5172.70568737            0.50000000         6305.39404297        19520.19335937          525.99432373 
        5176.55043219            0.50000000         6106.39404297        19225.19335937          533.99432373 
        5180.56562714            0.50000000         4923.39404297        15736.19433594          450.99432373 
        5184.55468336            0.50000000         5954.39404297        19118.19335937          543.99432373 
        5188.55041144            0.50000000         5805.39404297        18980.19335937          537.99432373 
        5192.71240326            0.50000000         5621.39404297        18540.19335937          538.99432373 
        5196.84857090            0.50000000         5386.39404297        18003.19335937          511.99432373 
        5200.95323931            0.50000000         5254.39404297        17776.19335937          502.99432373 
        5205.15897853            0.50000000         5002.39404297        17093.19335937          475.99432373 
        5208.93992880            0.50000000         4725.39404297        16268.19433594          447.99432373 
