# 1-D Scan File created by LabVIEW Control Panel  12/6/2011  2:41:53 AM; Scan time 0 hrs 4 min 28 sec. 
#
# Beamline 20 BM
#
# Scan config: 
#                 E0: 4966.00 eV   223 points
#        Scan bounds:  -100.00 -30.00 40.00 243.35 (7.99 (k))
#       Scan step(s):  5.00 0.50 0.07
#  Integration times:  0.50 0.50 0.50    kwgt in EXAFS region: 0.0 
#
# User Comment:
# 50oC
#
#
# Amplifier Sensitivities:
# Preslit: 20 nA/V  I0: 20 nA/V  I: 100 pA/V  IREF: 50 pA/V  
#
# Analog Input Voltages at start/end of scan:
# Preslit: 0.030/0.031  I0: 0.462/0.225  Ignore: 0.010/0.006  I: 0.781/0.514  IREF: 0.221/0.135  
#
# Mono Info:
# 
#
# ID Info:
# 
#
# Slit Info:
# Kappa S1:  Center is at -542 (H), 500 (V)   Size is 8000 wide x 2000 high
# Vacuum Slits:  Center is at 850 (H), -25 (V)   Size is 899 wide x 1000 high
#
# Motor Positions:
# SMV (20bm:m29): -37594.243125 SMH (20bm:m30): 4802.187500 
#
# Detector Names/PVs:
# I0/20bm:scaler1_netA.C  I/20bm:scaler1_netA.E  IREF/20bm:scaler1_netA.F  
#
# Positioner names/Drive PVs/Readback PVs:
# Mono Energy */20bm:monoE.VAL/20bm:EnctoE.VAL  Scaler preset time */20bm:scaler1.TP/  
# Here is a readable list of column headings:
#  1) Mono Energy *        
#  2) Scaler preset time * 
#  3) I0                   
#  4) I                    
#  5) IREF                 
#
# Column Headings:
#Mono Energy *        Scaler preset time * I0                   I                    IREF                 
        4865.38658797            0.50000000        18268.39453125        34117.19531250         4790.99414062 
        4870.45241530            0.50000000        18092.39453125        34008.19531250         4702.99414062 
        4875.46271053            0.50000000        17955.39453125        34095.19531250         4615.99414062 
        4880.54201781            0.50000000        17779.39453125        34035.19531250         4552.99414062 
        4885.59442313            0.50000000        17603.39453125        33990.19531250         4432.99414062 
        4890.58107683            0.50000000        17502.39453125        34089.19531250         4389.99414062 
        4895.66602039            0.50000000        17430.39453125        34320.19531250         4320.99414062 
        4900.77713326            0.50000000        17308.39453125        34437.19531250         4252.99414062 
        4905.80760651            0.50000000        17155.39453125        34388.19531250         4208.99414062 
        4910.81044561            0.50000000        17078.39453125        34655.19531250         4161.99414062 
        4915.82937170            0.50000000        16824.39453125        34527.19531250         4051.99438477 
        4920.85466623            0.50000000        16849.39453125        34921.19531250         4103.99414062 
        4925.89123776            0.50000000        16664.39453125        34945.19531250         4045.99438477 
        4930.90471187            0.50000000        16587.39453125        35121.19531250         4021.99438477 
        4935.97372402            0.50000000        16492.39453125        35254.19531250         3989.99438477 
        4936.48125336            0.50000000        16546.39453125        35695.19531250         4004.99438477 
        4936.95439338            0.50000000        16585.39453125        35768.19531250         4027.99438477 
        4937.45228338            0.50000000        16579.39453125        35741.19531250         4023.99438477 
        4937.93055853            0.50000000        16431.39453125        35492.19531250         3958.99438477 
        4938.43852885            0.50000000        16528.39453125        35687.19531250         4034.99438477 
        4938.95648052            0.50000000        16514.39453125        35652.19531250         4014.99438477 
        4939.45481300            0.50000000        16452.39453125        35651.19531250         4016.99438477 
        4939.99767669            0.50000000        16456.39453125        35591.19531250         3969.99438477 
        4940.47155546            0.50000000        16432.39453125        35599.19531250         3993.99438477 
        4940.98503651            0.50000000        16431.39453125        35722.19531250         3996.99438477 
        4941.45418389            0.50000000        16377.39355469        35727.19531250         3989.99438477 
        4941.94812866            0.50000000        16359.39355469        35691.19531250         3985.99438477 
        4942.43724054            0.50000000        16468.39453125        35911.19531250         4035.99438477 
        4942.98082257            0.50000000        16358.39355469        35721.19531250         3956.99438477 
        4943.47015837            0.50000000        16357.39355469        35699.19531250         3962.99438477 
        4944.02882287            0.50000000        16419.39453125        35941.19531250         3970.99438477 
        4944.47387584            0.50000000        16306.39355469        35747.19531250         3928.99438477 
        4945.00310856            0.50000000        16298.39355469        35728.19531250         3924.99438477 
        4945.46814437            0.50000000        16238.39355469        35713.19531250         3903.99438477 
        4945.96791726            0.50000000        16242.39355469        35707.19531250         3897.99438477 
        4946.43810164            0.50000000        16314.39355469        35767.19531250         3929.99438477 
        4946.99255003            0.50000000        16284.39355469        35928.19531250         3975.99438477 
        4947.48275614            0.50000000        16290.39355469        35951.19531250         3986.99438477 
        4948.06222782            0.50000000        16286.39355469        35958.19531250         3981.99438477 
        4948.47835043            0.50000000        16193.39355469        35882.19531250         3956.99438477 
        4949.02338881            0.50000000        16189.39355469        35919.19531250         3928.99438477 
        4949.48429656            0.50000000        16250.39355469        36092.19531250         3988.99438477 
        4949.99487399            0.50000000        16160.39355469        35915.19531250         3926.99438477 
        4950.44606265            0.50000000        16184.39355469        35923.19531250         3936.99438477 
        4951.02133482            0.50000000        16268.39355469        36227.19531250         3965.99438477 
        4951.48761103            0.50000000        16161.39355469        36003.19531250         3916.99438477 
        4952.08795921            0.50000000        16291.39355469        36220.19531250         3977.99438477 
        4952.48993425            0.50000000        16262.39355469        36246.19531250         3943.99438477 
        4953.03594068            0.50000000        16260.39355469        36234.19531250         3950.99438477 
        4953.49270183            0.50000000        16247.39355469        36321.19531250         3911.99438477 
        4954.00418517            0.50000000        16216.39355469        36373.19531250         3950.99438477 
        4954.44623964            0.50000000        16181.39355469        36241.19531250         3923.99438477 
        4955.02749883            0.50000000        16258.39355469        36478.19531250         3974.99438477 
        4955.49957126            0.50000000        16147.39355469        36365.19531250         3948.99438477 
        4956.08607204            0.50000000        16232.39355469        36578.19531250         3939.99438477 
        4956.49372988            0.50000000        16132.39355469        36447.19531250         3920.99438477 
        4957.04567635            0.50000000        16191.39355469        36524.19531250         3954.99438477 
        4957.49827339            0.50000000        16171.39355469        36451.19531250         3933.99438477 
        4958.03056366            0.50000000        16179.39355469        36586.19531250         3926.99438477 
        4958.45350026            0.50000000        16152.39355469        36493.19531250         3919.99438477 
        4959.02583431            0.50000000        16186.39355469        36689.19531250         3955.99438477 
        4959.49376261            0.50000000        16110.39355469        36551.19531250         3899.99438477 
        4960.08129880            0.50000000        16166.39355469        36785.19531250         3919.99438477 
        4960.48967639            0.50000000        16123.39355469        36629.19531250         3906.99438477 
        4961.03761559            0.50000000        16277.39355469        36997.19531250         3980.99438477 
        4961.49101088            0.50000000        16026.39355469        36498.19531250         3848.99438477 
        4962.02922410            0.50000000        16245.39355469        37010.19531250         3920.99438477 
        4962.44293777            0.50000000        16020.39355469        36571.19531250         3859.99438477 
        4963.02126652            0.50000000        16207.39355469        36938.19531250         3892.99438477 
        4963.49500771            0.50000000        15997.39355469        36605.19531250         3819.99438477 
        4964.09355911            0.50000000        16099.39355469        36789.19531250         3794.99438477 
        4964.48769169            0.50000000        15988.39355469        36734.19531250         3738.99438477 
        4965.03160731            0.50000000        16076.39355469        36834.19531250         3641.99438477 
        4965.48081026            0.50000000        15984.39355469        36765.19531250         3430.99438477 
        4966.01997121            0.50000000        16044.39355469        36838.19531250         3008.99438477 
        4966.43441345            0.50000000        15946.39355469        36749.19531250         2408.99438477 
        4967.02375081            0.50000000        15977.39355469        36683.19531250         2042.99438477 
        4967.48833641            0.50000000        15893.39355469        36541.19531250         2186.99438477 
        4968.08294485            0.50000000        16014.39355469        36687.19531250         2465.99438477 
        4968.47277270            0.50000000        15906.39355469        36393.19531250         2564.99438477 
        4969.02764313            0.50000000        15975.39355469        36304.19531250         2519.99438477 
        4969.47763762            0.50000000        15865.39355469        36044.19531250         2441.99438477 
        4970.01774873            0.50000000        15948.39355469        35946.19531250         2341.99438477 
        4970.42791887            0.50000000        15866.39355469        35663.19531250         2228.99438477 
        4971.01829371            0.50000000        15907.39355469        35512.19531250         2136.99438477 
        4971.47869241            0.50000000        15827.39355469        35629.19531250         2086.99438477 
        4972.07935267            0.50000000        15873.39355469        35863.19531250         2080.99438477 
        4972.46986700            0.50000000        15781.39355469        35857.19531250         2055.99438477 
        4973.02070638            0.50000000        15865.39355469        35955.19531250         1998.99438477 
        4973.47149245            0.50000000        15782.39355469        35775.19531250         1866.99438477 
        4974.00754334            0.50000000        15798.39355469        35391.19531250         1767.99438477 
        4974.41843424            0.50000000        15742.39355469        34979.19531250         1700.99438477 
        4975.01485923            0.50000000        15827.39355469        34345.19531250         1571.99438477 
        4975.47105449            0.50000000        15723.39355469        33504.19531250         1484.99438477 
        4976.07277057            0.50000000        15878.39355469        33040.19531250         1415.99438477 
        4976.45393976            0.50000000        15672.39355469        32204.19335937         1329.99438477 
        4977.01076217            0.50000000        15836.39355469        32114.19335937         1300.99438477 
        4977.46233985            0.50000000        15592.39355469        31233.19335937         1210.99438477 
        4977.99431297            0.50000000        15804.39355469        31356.19335937         1191.99438477 
        4978.41094477            0.50000000        15575.39355469        30677.19335937         1126.99438477 
        4978.99837457            0.50000000        15747.39355469        30796.19335937         1122.99438477 
        4979.47043656            0.50000000        15613.39355469        30339.19335937         1070.99438477 
        4980.06818737            0.50000000        15746.39355469        30342.19335937         1061.99438477 
        4980.46510022            0.50000000        15609.39355469        29815.19335937         1018.99432373 
        4981.01787894            0.50000000        15595.39355469        29323.19335937          990.99432373 
        4981.47527912            0.50000000        15600.39355469        28890.19335937          979.99432373 
        4982.00316272            0.50000000        15559.39355469        28257.19335937          954.99432373 
        4982.42052871            0.50000000        15590.39355469        27633.19335937          942.99432373 
        4983.00396353            0.50000000        15606.39355469        26720.19335937          923.99432373 
        4983.46679395            0.50000000        15497.39355469        25774.19335937          907.99432373 
        4984.04043163            0.50000000        15572.39355469        24784.19335937          887.99432373 
        4984.45817096            0.50000000        15499.39355469        23879.19335937          874.99432373 
        4985.00185004            0.50000000        15474.39355469        23018.19335937          857.99432373 
        4985.46005067            0.50000000        15482.39355469        22390.19335937          850.99432373 
        4985.98382131            0.50000000        15434.39355469        21822.19335937          836.99432373 
        4986.41703024            0.50000000        15520.39355469        21615.19335937          841.99432373 
        4986.99141081            0.50000000        15439.39355469        21260.19335937          849.99432373 
        4987.46513168            0.50000000        15404.39355469        21176.19335937          824.99432373 
        4988.04985905            0.50000000        15443.39355469        21206.19335937          843.99432373 
        4988.46329124            0.50000000        15297.39355469        21142.19335937          855.99432373 
        4988.99783900            0.50000000        15397.39355469        21582.19335937          840.99432373 
        4989.46693217            0.50000000        15286.39355469        21724.19335937          846.99432373 
        4989.96639539            0.50000000        15226.39355469        22109.19335937          843.99432373 
        4990.41550109            0.50000000        15263.39355469        22542.19335937          844.99432373 
        4990.98584129            0.50000000        15243.39355469        23032.19335937          828.99432373 
        4991.45534322            0.50000000        15207.39355469        23425.19335937          857.99432373 
        4992.02089308            0.50000000        15241.39355469        23985.19335937          880.99432373 
        4992.45524966            0.50000000        15163.39355469        24199.19335937          856.99432373 
        4992.98568077            0.50000000        15117.39355469        24390.19335937          865.99432373 
        4993.45559407            0.50000000        15165.39355469        24641.19335937          867.99432373 
        4993.93571286            0.50000000        15069.39355469        24603.19335937          842.99432373 
        4994.42098805            0.50000000        15083.39355469        24706.19335937          860.99432373 
        4994.96198916            0.50000000        15186.39355469        24845.19335937          866.99432373 
        4995.44748237            0.50000000        15076.39355469        24682.19335937          878.99432373 
        4996.00390349            0.50000000        14987.39355469        24465.19335937          859.99432373 
        4996.47443794            0.50000000        15105.39355469        24531.19335937          842.99432373 
        4996.97543589            0.50000000        15047.39355469        24285.19335937          843.99432373 
        4997.45629475            0.50000000        14956.39355469        23988.19335937          823.99432373 
        4997.92712823            0.50000000        15014.39355469        23933.19335937          834.99432373 
        4998.44363774            0.50000000        14927.39355469        23506.19335937          791.99432373 
        4998.95519838            0.50000000        14851.39355469        23228.19335937          766.99432373 
        4999.45167354            0.50000000        14992.39355469        23239.19335937          768.99432373 
        4999.99386642            0.50000000        14986.39355469        23105.19335937          781.99432373 
        5000.48549814            0.50000000        14907.39355469        22937.19335937          760.99432373 
        5000.96709552            0.50000000        14868.39355469        22831.19335937          735.99432373 
        5001.46907854            0.50000000        15015.39355469        23008.19335937          771.99432373 
        5001.92552231            0.50000000        14897.39355469        23005.19335937          769.99432373 
        5002.44800855            0.50000000        14833.39355469        22996.19335937          735.99432373 
        5002.91987043            0.50000000        14774.39355469        23076.19335937          739.99432373 
        5003.45781011            0.50000000        14842.39355469        23403.19335937          744.99432373 
        5003.96541625            0.50000000        14655.39355469        23294.19335937          739.99432373 
        5004.50360162            0.50000000        14726.39355469        23677.19335937          737.99432373 
        5004.94541431            0.50000000        14643.39355469        23815.19335937          738.99432373 
        5005.46351015            0.50000000        14765.39355469        24205.19335937          764.99432373 
        5005.91058895            0.50000000        14619.39355469        24273.19335937          742.99432373 
        5007.59299644            0.50000000        14591.39355469        25201.19335937          768.99432373 
        5009.39367596            0.50000000        14549.39355469        25860.19335937          801.99432373 
        5011.19577056            0.50000000        14407.39355469        26012.19335937          804.99432373 
        5013.01966861            0.50000000        14315.39355469        26013.19335937          805.99432373 
        5014.83481572            0.50000000        14254.39355469        25948.19335937          798.99432373 
        5016.80454738            0.50000000        14200.39355469        25855.19335937          811.99432373 
        5018.75042204            0.50000000        14121.39355469        25879.19335937          819.99432373 
        5020.78999541            0.50000000        14089.39355469        26190.19335937          829.99432373 
        5022.78019484            0.50000000        14087.39355469        26447.19335937          818.99432373 
        5024.87457660            0.50000000        13853.39355469        26272.19335937          820.99432373 
        5026.91958908            0.50000000        13848.39355469        26369.19335937          812.99432373 
        5029.05880037            0.50000000        13681.39355469        26056.19335937          761.99432373 
        5031.19999976            0.50000000        13682.39355469        26051.19335937          777.99432373 
        5033.47174186            0.50000000        13597.39355469        25727.19335937          750.99432373 
        5035.74057651            0.50000000        13493.39355469        25301.19335937          702.99432373 
        5038.01164406            0.50000000        13477.39355469        25082.19335937          658.99432373 
        5040.25916073            0.50000000        13244.39355469        24492.19335937          648.99432373 
        5042.64309213            0.50000000        13268.39355469        24572.19335937          636.99432373 
        5045.11217458            0.50000000        13101.39355469        24537.19335937          647.99432373 
        5047.44938279            0.50000000        13030.39355469        24695.19335937          636.99432373 
        5049.98057231            0.50000000        12958.39355469        24769.19335937          657.99432373 
        5052.43157729            0.50000000        12688.39355469        24482.19335937          664.99432373 
        5054.95264984            0.50000000        12649.39355469        24551.19335937          672.99432373 
        5057.56999460            0.50000000        12563.39355469        24629.19335937          687.99432373 
        5060.16428642            0.50000000        12490.39355469        24697.19335937          679.99432373 
        5062.79272772            0.50000000        12316.39355469        24717.19335937          694.99432373 
        5065.56492084            0.50000000        12285.39355469        24783.19335937          703.99432373 
        5068.26212267            0.50000000        12158.39355469        24736.19335937          703.99432373 
        5071.07220752            0.50000000        11796.39355469        24341.19335937          691.99432373 
        5073.96418151            0.50000000        11876.39355469        24666.19335937          707.99432373 
        5076.78116247            0.50000000        11716.39355469        24696.19335937          689.99432373 
        5079.67499175            0.50000000        11456.39355469        24342.19335937          642.99432373 
        5082.71423121            0.50000000        11454.39355469        24659.19335937          632.99432373 
        5085.72587834            0.50000000        11252.39355469        24573.19335937          602.99432373 
        5088.70455233            0.50000000        11319.39355469        24815.19335937          577.99432373 
        5091.84521627            0.50000000        11139.39355469        24666.19335937          567.99432373 
        5094.96370323            0.50000000        10981.39355469        24541.19335937          565.99432373 
        5098.06520289            0.50000000        10898.39355469        24623.19335937          566.99432373 
        5101.23964079            0.50000000        10757.39355469        24634.19335937          591.99432373 
        5104.50851173            0.50000000        10604.39355469        24563.19335937          598.99432373 
        5107.78194517            0.50000000        10464.39355469        24508.19335937          609.99432373 
        5111.06526691            0.50000000        10451.39355469        24640.19335937          639.99432373 
        5114.39577678            0.50000000        10405.39355469        24605.19335937          631.99432373 
        5117.77366549            0.50000000        10176.39355469        24363.19335937          625.99432373 
        5121.17242953            0.50000000         9981.39355469        24169.19335937          617.99432373 
        5124.60284295            0.50000000         9832.39355469        23840.19335937          608.99432373 
        5128.08109834            0.50000000         9915.39355469        24328.19335937          633.99432373 
        5131.60739622            0.50000000         9662.39355469        23910.19335937          628.99432373 
        5135.13359955            0.50000000         9553.39355469        24022.19335937          612.99432373 
        5138.70810864            0.50000000         9345.39355469        23795.19335937          609.99432373 
        5142.41733236            0.50000000         9344.39355469        23905.19335937          602.99432373 
        5145.98129210            0.50000000         8944.39355469        23328.19335937          568.99432373 
        5149.69113124            0.50000000         8898.39355469        23461.19335937          547.99432373 
        5153.42302496            0.50000000         8824.39355469        23390.19335937          549.99432373 
        5157.16079929            0.50000000         8703.39355469        23442.19335937          560.99432373 
        5161.02935832            0.50000000         8537.39355469        23306.19335937          582.99432373 
        5164.84439729            0.50000000         8284.39355469        23076.19335937          565.99432373 
        5168.73638617            0.50000000         8215.39355469        23191.19335937          591.99432373 
        5172.68931678            0.50000000         8029.39404297        22865.19335937          559.99432373 
        5176.53403517            0.50000000         7816.39404297        22605.19335937          605.99432373 
        5180.54920250            0.50000000         6301.39404297        18524.19335937          522.99432373 
        5184.53823127            0.50000000         7664.39404297        22647.19335937          656.99432373 
        5188.52843863            0.50000000         7432.39404297        22377.19335937          605.99432373 
        5192.70139770            0.50000000         7211.39404297        21897.19335937          594.99432373 
        5196.82100953            0.50000000         6965.39404297        21413.19335937          585.99432373 
        5200.93667411            0.50000000         6764.39404297        21103.19335937          569.99432373 
        5205.14238426            0.50000000         6479.39404297        20409.19335937          560.99432373 
        5208.92330839            0.50000000         6184.39404297        19588.19335937          522.99432373 
