# 1-D Scan File created by LabVIEW Control Panel  12/6/2011  4:27:20 AM; Scan time 0 hrs 4 min 28 sec. 
#
# Beamline 20 BM
#
# Scan config: 
#                 E0: 4966.00 eV   223 points
#        Scan bounds:  -100.00 -30.00 40.00 243.35 (7.99 (k))
#       Scan step(s):  5.00 0.50 0.07
#  Integration times:  0.50 0.50 0.50    kwgt in EXAFS region: 0.0 
#
# User Comment:
# 50oC
#
#
# Amplifier Sensitivities:
# Preslit: 20 nA/V  I0: 20 nA/V  I: 100 pA/V  IREF: 50 pA/V  
#
# Analog Input Voltages at start/end of scan:
# Preslit: 0.034/0.032  I0: 0.379/0.199  Ignore: 0.009/0.005  I: 0.718/0.412  IREF: 0.208/0.135  
#
# Mono Info:
# 
#
# ID Info:
# 
#
# Slit Info:
# Kappa S1:  Center is at -542 (H), 500 (V)   Size is 8000 wide x 2000 high
# Vacuum Slits:  Center is at 850 (H), -25 (V)   Size is 899 wide x 1000 high
#
# Motor Positions:
# SMV (20bm:m29): -37594.243125 SMH (20bm:m30): 4802.187500 
#
# Detector Names/PVs:
# I0/20bm:scaler1_netA.C  I/20bm:scaler1_netA.E  IREF/20bm:scaler1_netA.F  
#
# Positioner names/Drive PVs/Readback PVs:
# Mono Energy */20bm:monoE.VAL/20bm:EnctoE.VAL  Scaler preset time */20bm:scaler1.TP/  
# Here is a readable list of column headings:
#  1) Mono Energy *        
#  2) Scaler preset time * 
#  3) I0                   
#  4) I                    
#  5) IREF                 
#
# Column Headings:
#Mono Energy *        Scaler preset time * I0                   I                    IREF                 
        4865.37704075            0.50000000        14336.39355469        30889.19335937         4176.99414062 
        4870.45241530            0.50000000        14098.39355469        30539.19335937         4132.99414062 
        4875.46271053            0.50000000        14013.39355469        30632.19335937         4077.99438477 
        4880.54201781            0.50000000        13816.39355469        30564.19335937         3931.99438477 
        4885.57997133            0.50000000        13609.39355469        30423.19335937         3854.99438477 
        4890.56176457            0.50000000        13554.39355469        30483.19335937         3836.99438477 
        4895.65150310            0.50000000        13415.39355469        30518.19335937         3766.99438477 
        4900.76258268            0.50000000        13306.39355469        30581.19335937         3683.99438477 
        4905.80274538            0.50000000        13151.39355469        30468.19335937         3647.99438477 
        4910.81044561            0.50000000        13038.39355469        30568.19335937         3600.99438477 
        4915.81960583            0.50000000        12842.39355469        30448.19335937         3543.99438477 
        4920.84977234            0.50000000        12835.39355469        30798.19335937         3529.99438477 
        4925.88142801            0.50000000        12668.39355469        30707.19335937         3537.99438477 
        4930.88996442            0.50000000        12537.39355469        30720.19335937         3472.99438477 
        4935.96387021            0.50000000        12434.39355469        30779.19335937         3413.99438477 
        4936.47632534            0.50000000        12518.39355469        31174.19335937         3504.99438477 
        4936.94453528            0.50000000        12520.39355469        31156.19335937         3461.99438477 
        4937.44242310            0.50000000        12507.39355469        31161.19335937         3489.99438477 
        4937.92069616            0.50000000        12427.39355469        31075.19335937         3465.99438477 
        4938.43359654            0.50000000        12435.39355469        31025.19335937         3480.99438477 
        4938.94168024            0.50000000        12445.39355469        31043.19335937         3470.99438477 
        4939.44000946            0.50000000        12402.39355469        31131.19335937         3460.99438477 
        4939.98286958            0.50000000        12383.39355469        30933.19335937         3427.99438477 
        4940.46661871            0.50000000        12405.39355469        31159.19335937         3460.99438477 
        4940.97516077            0.50000000        12350.39355469        31123.19335937         3451.99438477 
        4941.44430609            0.50000000        12226.39355469        30816.19335937         3389.99438477 
        4941.93824871            0.50000000        12324.39355469        31106.19335937         3437.99438477 
        4942.42241741            0.50000000        12375.39355469        31224.19335937         3451.99438477 
        4942.97093809            0.50000000        12256.39355469        30969.19335937         3408.99438477 
        4943.46027175            0.50000000        12271.39355469        31031.19335937         3401.99438477 
        4944.02387833            0.50000000        12274.39355469        31035.19335937         3424.99438477 
        4944.46893032            0.50000000        12187.39355469        30898.19335937         3402.99438477 
        4944.99321522            0.50000000        12186.39355469        30935.19335937         3426.99438477 
        4945.46319667            0.50000000        12087.39355469        30734.19335937         3402.99438477 
        4945.95307092            0.50000000        12109.39355469        30864.19335937         3366.99438477 
        4946.43315182            0.50000000        12170.39355469        30882.19335937         3404.99438477 
        4946.98759899            0.50000000        12158.39355469        31029.19335937         3408.99438477 
        4947.46789985            0.50000000        12116.39355469        30946.19335937         3400.99438477 
        4948.04736771            0.50000000        12160.39355469        31186.19335937         3448.99438477 
        4948.47339614            0.50000000        12091.39355469        31042.19335937         3428.99438477 
        4949.00852239            0.50000000        12051.39355469        30987.19335937         3417.99438477 
        4949.47934006            0.50000000        12088.39355469        31110.19335937         3380.99438477 
        4949.98495877            0.50000000        12113.39355469        31194.19335937         3407.99438477 
        4950.44110404            0.50000000        12030.39355469        31032.19335937         3414.99438477 
        4951.00645525            0.50000000        12149.39355469        31273.19335937         3433.99438477 
        4951.47768926            0.50000000        12040.39355469        31072.19335937         3416.99438477 
        4952.07307262            0.50000000        12102.39355469        31171.19335937         3430.99438477 
        4952.48000808            0.50000000        12046.39355469        31135.19335937         3410.99438477 
        4953.02601211            0.50000000        12035.39355469        31045.19335937         3388.99438477 
        4953.48277126            0.50000000        12056.39355469        31223.19335937         3421.99438477 
        4953.99425236            0.50000000        11980.39355469        31201.19335937         3377.99438477 
        4954.44127225            0.50000000        12006.39355469        31119.19335937         3393.99438477 
        4955.01259288            0.50000000        12072.39355469        31399.19335937         3419.99438477 
        4955.48466220            0.50000000        11905.39355469        31070.19335937         3363.99438477 
        4956.07613008            0.50000000        12047.39355469        31465.19335937         3399.99438477 
        4956.48378613            0.50000000        11863.39355469        31030.19335937         3330.99438477 
        4957.03573018            0.50000000        11937.39355469        31231.19335937         3362.99438477 
        4957.48832523            0.50000000        11903.39355469        31136.19335937         3353.99438477 
        4958.02061316            0.50000000        11863.39355469        31115.19335937         3358.99438477 
        4958.44354790            0.50000000        11904.39355469        31232.19335937         3361.99438477 
        4959.02085687            0.50000000        11922.39355469        31390.19335937         3350.99438477 
        4959.48878414            0.50000000        11823.39355469        31102.19335937         3311.99438477 
        4960.07133929            0.50000000        11873.39355469        31324.19335937         3345.99438477 
        4960.48469573            0.50000000        11793.39355469        31093.19335937         3321.99438477 
        4961.02765187            0.50000000        11989.39355469        31565.19335937         3374.99438477 
        4961.48104517            0.50000000        11743.39355469        31058.19335937         3296.99438477 
        4962.01925603            0.50000000        11939.39355469        31569.19335937         3357.99438477 
        4962.43795282            0.50000000        11767.39355469        31175.19335937         3301.99438477 
        4963.02126652            0.50000000        11966.39355469        31710.19335937         3333.99438477 
        4963.49002044            0.50000000        11690.39355469        30998.19335937         3228.99438477 
        4964.08857053            0.50000000        11802.39355469        31330.19335937         3242.99438477 
        4964.48270224            0.50000000        11711.39355469        31212.19335937         3182.99438477 
        4965.02661666            0.50000000        11762.39355469        31212.19335937         3085.99438477 
        4965.47581862            0.50000000        11651.39355469        31140.19335937         2946.99438477 
        4966.01497839            0.50000000        11692.39355469        31113.19335937         2541.99438477 
        4966.43441345            0.50000000        11662.39355469        31239.19335937         2038.99438477 
        4967.01376077            0.50000000        11710.39355469        31160.19335937         1751.99438477 
        4967.47834432            0.50000000        11595.39355469        30954.19335937         1844.99438477 
        4968.07794749            0.50000000        11642.39355469        30893.19335937         2082.99438477 
        4968.46777448            0.50000000        11577.39355469        30741.19335937         2158.99438477 
        4969.02264369            0.50000000        11672.39355469        30756.19335937         2171.99438477 
        4969.47263719            0.50000000        11596.39355469        30586.19335937         2067.99438477 
        4970.00774550            0.50000000        11645.39355469        30498.19335937         1968.99438477 
        4970.42291635            0.50000000        11562.39355469        30100.19335937         1865.99438477 
        4971.01328989            0.50000000        11701.39355469        30053.19335937         1811.99438477 
        4971.47368758            0.50000000        11583.39355469        30097.19335937         1782.99438477 
        4972.07935267            0.50000000        11638.39355469        30280.19335937         1750.99438477 
        4972.46485998            0.50000000        11590.39355469        30414.19335937         1730.99438477 
        4973.01569815            0.50000000        11608.39355469        30514.19335937         1692.99438477 
        4973.46648323            0.50000000        11547.39355469        30404.19335937         1603.99438477 
        4974.00253293            0.50000000        11604.39355469        30255.19335937         1522.99438477 
        4974.41843424            0.50000000        11521.39355469        29856.19335937         1422.99438477 
        4975.01485923            0.50000000        11550.39355469        29322.19335937         1332.99438477 
        4975.47105449            0.50000000        11490.39355469        28904.19335937         1272.99438477 
        4976.07277057            0.50000000        11623.39355469        28630.19335937         1228.99438477 
        4976.46397139            0.50000000        11429.39355469        27861.19335937         1162.99438477 
        4977.01076217            0.50000000        11593.39355469        27763.19335937         1106.99438477 
        4977.46233985            0.50000000        11474.39355469        27237.19335937         1077.99438477 
        4977.99933217            0.50000000        11581.39355469        27084.19335937         1060.99438477 
        4978.41094477            0.50000000        11433.39355469        26430.19335937          992.99432373 
        4979.00339599            0.50000000        11450.39355469        26278.19335937          963.99432373 
        4979.47043656            0.50000000        11429.39355469        25989.19335937          928.99432373 
        4980.06316360            0.50000000        11534.39355469        25876.19335937          922.99432373 
        4980.46007558            0.50000000        11397.39355469        25206.19335937          881.99432373 
        4981.01787894            0.50000000        11346.39355469        24662.19335937          855.99432373 
        4981.47025225            0.50000000        11410.39355469        24430.19335937          847.99432373 
        4981.99813468            0.50000000        11310.39355469        23739.19335937          836.99432373 
        4982.41549975            0.50000000        11329.39355469        23331.19335937          807.99432373 
        4982.99893329            0.50000000        11379.39355469        22793.19335937          810.99432373 
        4983.46176268            0.50000000        11268.39355469        22083.19335937          766.99432373 
        4984.04043163            0.50000000        11305.39355469        21395.19335937          766.99432373 
        4984.45817096            0.50000000        11311.39355469        20800.19335937          763.99432373 
        4984.99681538            0.50000000        11272.39355469        20148.19335937          743.99432373 
        4985.46005067            0.50000000        11272.39355469        19623.19335937          731.99432373 
        4985.97878448            0.50000000        11218.39355469        19089.19335937          726.99432373 
        4986.41703024            0.50000000        11297.39355469        18866.19335937          741.99432373 
        4986.99141081            0.50000000        11236.39355469        18429.19335937          726.99432373 
        4987.46009158            0.50000000        11161.39355469        18147.19335937          713.99432373 
        4988.04985905            0.50000000        11251.39355469        18131.19335937          737.99432373 
        4988.46329124            0.50000000        11113.39355469        17949.19335937          717.99432373 
        4988.99783900            0.50000000        11224.39355469        18221.19335937          729.99432373 
        4989.46693217            0.50000000        11090.39355469        18134.19335937          715.99432373 
        4989.96639539            0.50000000        11073.39355469        18419.19335937          715.99432373 
        4990.41550109            0.50000000        11103.39355469        18749.19335937          724.99432373 
        4990.98584129            0.50000000        11062.39355469        19090.19335937          706.99432373 
        4991.46039215            0.50000000        11009.39355469        19389.19335937          732.99432373 
        4992.01584291            0.50000000        11050.39355469        19955.19335937          748.99432373 
        4992.45524966            0.50000000        11012.39355469        20186.19335937          745.99432373 
        4992.98568077            0.50000000        10958.39355469        20449.19335937          749.99432373 
        4993.45559407            0.50000000        11024.39355469        20734.19335937          765.99432373 
        4993.94076728            0.50000000        10916.39355469        20677.19335937          754.99432373 
        4994.43109904            0.50000000        10924.39355469        20769.19335937          739.99432373 
        4994.96198916            0.50000000        10993.39355469        20886.19335937          757.99432373 
        4995.44242462            0.50000000        10989.39355469        20907.19335937          736.99432373 
        4995.99884450            0.50000000        10856.39355469        20604.19335937          708.99432373 
        4996.47443794            0.50000000        10951.39355469        20647.19335937          749.99432373 
        4996.97543589            0.50000000        10899.39355469        20455.19335937          746.99432373 
        4997.45629475            0.50000000        10828.39355469        20250.19335937          725.99432373 
        4997.92206499            0.50000000        10903.39355469        20229.19335937          705.99432373 
        4998.44363774            0.50000000        10826.39355469        19867.19335937          678.99432373 
        4998.95519838            0.50000000        10721.39355469        19512.19335937          668.99432373 
        4999.44660692            0.50000000        10879.39355469        19621.19335937          669.99432373 
        4999.98879861            0.50000000        10882.39355469        19474.19335937          661.99432373 
        5000.49056706            0.50000000        10798.39355469        19229.19335937          657.99432373 
        5000.97216550            0.50000000        10745.39355469        19022.19335937          663.99432373 
        5001.46907854            0.50000000        10840.39355469        19151.19335937          657.99432373 
        5001.93059442            0.50000000        10775.39355469        19138.19335937          644.99432373 
        5002.44800855            0.50000000        10747.39355469        19111.19335937          641.99432373 
        5002.92494474            0.50000000        10661.39355469        19113.19335937          623.99432373 
        5003.46288562            0.50000000        10741.39355469        19511.19335937          657.99432373 
        5003.97049288            0.50000000        10594.39355469        19330.19335937          636.99432373 
        5004.50360162            0.50000000        10652.39355469        19636.19335937          630.99432373 
        5004.94033552            0.50000000        10578.39355469        19763.19335937          635.99432373 
        5005.46859010            0.50000000        10690.39355469        20112.19335937          633.99432373 
        5005.91566990            0.50000000        10577.39355469        20141.19335937          626.99432373 
        5007.59808111            0.50000000        10520.39355469        20882.19335937          645.99432373 
        5009.39876463            0.50000000        10515.39355469        21348.19335937          672.99432373 
        5011.20086323            0.50000000        10336.39355469        21449.19335937          676.99432373 
        5013.02476533            0.50000000        10255.39355469        21406.19335937          677.99432373 
        5014.83481572            0.50000000        10149.39355469        21336.19335937          666.99432373 
        5016.80965250            0.50000000        10140.39355469        21405.19335937          692.99432373 
        5018.75042204            0.50000000        10048.39355469        21383.19335937          704.99432373 
        5020.78999541            0.50000000        10020.39355469        21549.19335937          706.99432373 
        5022.78019484            0.50000000         9993.39355469        21671.19335937          675.99432373 
        5024.87457660            0.50000000         9822.39355469        21468.19335937          685.99432373 
        5026.91958908            0.50000000         9804.39355469        21492.19335937          653.99432373 
        5029.05880037            0.50000000         9628.39355469        21122.19335937          635.99432373 
        5031.19999976            0.50000000         9693.39355469        21280.19335937          641.99432373 
        5033.46145744            0.50000000         9645.39355469        21115.19335937          613.99432373 
        5035.73542923            0.50000000         9502.39355469        20706.19335937          586.99432373 
        5038.00649172            0.50000000         9478.39355469        20418.19335937          556.99432373 
        5040.25916073            0.50000000         9340.39355469        20058.19335937          545.99432373 
        5042.64309213            0.50000000         9355.39355469        20058.19335937          522.99432373 
        5045.11217458            0.50000000         9247.39355469        20007.19335937          531.99432373 
        5047.44938279            0.50000000         9140.39355469        20035.19335937          526.99432373 
        5049.97539323            0.50000000         9104.39355469        20130.19335937          536.99432373 
        5052.43157729            0.50000000         8872.39355469        19810.19335937          544.99432373 
        5054.94226943            0.50000000         8878.39355469        19965.19335937          556.99432373 
        5057.57519068            0.50000000         8757.39355469        19816.19335937          555.99432373 
        5060.16428642            0.50000000         8676.39355469        19800.19335937          583.99432373 
        5062.79272772            0.50000000         8556.39355469        19767.19335937          547.99432373 
        5065.56492084            0.50000000         8502.39355469        19705.19335937          560.99432373 
        5068.26212267            0.50000000         8421.39355469        19740.19335937          567.99432373 
        5071.07220752            0.50000000         8163.39404297        19406.19335937          564.99432373 
        5073.95894866            0.50000000         8215.39355469        19711.19335937          569.99432373 
        5076.78116247            0.50000000         8045.39404297        19576.19335937          550.99432373 
        5079.66974605            0.50000000         7823.39404297        19221.19335937          538.99432373 
        5082.71423121            0.50000000         7821.39404297        19469.19335937          511.99432373 
        5085.72587834            0.50000000         7652.39404297        19245.19335937          488.99432373 
        5088.70981837            0.50000000         7722.39404297        19446.19335937          466.99432373 
        5091.83467007            0.50000000         7544.39404297        19301.19335937          457.99432373 
        5094.95314296            0.50000000         7420.39404297        19207.19335937          468.99432373 
        5098.06520289            0.50000000         7387.39404297        19316.19335937          456.99432373 
        5101.23964079            0.50000000         7270.39404297        19332.19335937          495.99432373 
        5104.50851173            0.50000000         7175.39404297        19258.19335937          491.99432373 
        5107.78725428            0.50000000         7062.39404297        19191.19335937          510.99432373 
        5111.07058345            0.50000000         7074.39404297        19310.19335937          519.99432373 
        5114.39577678            0.50000000         6942.39404297        19132.19335937          508.99432373 
        5117.77899722            0.50000000         6830.39404297        18997.19335937          503.99432373 
        5121.18310842            0.50000000         6667.39404297        18780.19335937          502.99432373 
        5124.60819017            0.50000000         6558.39404297        18481.19335937          487.99432373 
        5128.09180859            0.50000000         6671.39404297        19078.19335937          507.99432373 
        5131.61812249            0.50000000         6491.39404297        18607.19335937          504.99432373 
        5135.14434185            0.50000000         6338.39404297        18553.19335937          493.99432373 
        5138.72424650            0.50000000         6201.39404297        18261.19335937          493.99432373 
        5142.42810781            0.50000000         6221.39404297        18485.19335937          483.99432373 
        5145.99208379            0.50000000         5936.39404297        17973.19335937          451.99432373 
        5149.70193983            0.50000000         5891.39404297        17993.19335937          443.99432373 
        5153.42843777            0.50000000         5778.39404297        17771.19335937          456.99432373 
        5157.17706334            0.50000000         5650.39404297        17697.19335937          450.99432373 
        5161.03478849            0.50000000         5590.39404297        17729.19335937          448.99432373 
        5164.85527509            0.50000000         5360.39404297        17348.19335937          433.99432373 
        5168.74728178            0.50000000         5336.39404297        17472.19335937          454.99432373 
        5172.70023049            0.50000000         5125.39404297        16945.19335937          448.99432373 
        5176.54496650            0.50000000         4965.39404297        16757.19335937          465.99432373 
        5180.56015224            0.50000000         4027.39404297        13724.19433594          384.99432373 
        5184.54371529            0.50000000         4878.39404297        16641.19335937          446.99432373 
        5188.53942501            0.50000000         4707.39404297        16440.19335937          459.99432373 
        5192.70690048            0.50000000         4540.39404297        16033.19433594          448.99432373 
        5196.83203404            0.50000000         4373.39404297        15541.19433594          438.99432373 
        5200.94219583            0.50000000         4226.39404297        15263.19433594          434.99432373 
        5205.14238426            0.50000000         4022.39404297        14625.19433594          409.99432373 
        5208.92884851            0.50000000         3802.39404297        13907.19433594          395.99432373 
