# 1-D Scan File created by LabVIEW Control Panel  12/5/2011  9:18:54 PM; Scan time 0 hrs 4 min 28 sec. 
#
# Beamline 20 BM
#
# Scan config: 
#                 E0: 4966.00 eV   223 points
#        Scan bounds:  -100.00 -30.00 40.00 243.35 (7.99 (k))
#       Scan step(s):  5.00 0.50 0.07
#  Integration times:  0.50 0.50 0.50    kwgt in EXAFS region: 0.0 
#
# User Comment:
# 50oC
#
#
# Amplifier Sensitivities:
# Preslit: 20 nA/V  I0: 20 nA/V  I: 100 pA/V  IREF: 50 pA/V  
#
# Analog Input Voltages at start/end of scan:
# Preslit: 0.035/0.031  I0: 0.958/0.733  Ignore: 0.026/0.021  I: 0.995/1.253  IREF: 0.258/0.157  
#
# Mono Info:
# 
#
# ID Info:
# 
#
# Slit Info:
# Kappa S1:  Center is at -542 (H), 500 (V)   Size is 8000 wide x 2000 high
# Vacuum Slits:  Center is at 850 (H), -25 (V)   Size is 899 wide x 1000 high
#
# Motor Positions:
# SMV (20bm:m29): -37594.243125 SMH (20bm:m30): 4802.187500 
#
# Detector Names/PVs:
# I0/20bm:scaler1_netA.C  I/20bm:scaler1_netA.E  IREF/20bm:scaler1_netA.F  
#
# Positioner names/Drive PVs/Readback PVs:
# Mono Energy */20bm:monoE.VAL/20bm:EnctoE.VAL  Scaler preset time */20bm:scaler1.TP/  
# Here is a readable list of column headings:
#  1) Mono Energy *        
#  2) Scaler preset time * 
#  3) I0                   
#  4) I                    
#  5) IREF                 
#
# Column Headings:
#Mono Energy *        Scaler preset time * I0                   I                    IREF                 
        4865.40568254            0.50000000        43218.39453125        44778.19531250         6699.99414062 
        4870.50504598            0.50000000        43100.39453125        44937.19531250         6727.99414062 
        4875.52025572            0.50000000        43419.39453125        45622.19531250         6714.99414062 
        4880.59969476            0.50000000        43293.39453125        45891.19531250         6527.99414062 
        4885.65223129            0.50000000        43107.39453125        46059.19531250         6421.99414062 
        4890.64867107            0.50000000        43132.39453125        46571.19531250         6405.99414062 
        4895.72892974            0.50000000        43245.39453125        47195.19531250         6393.99414062 
        4900.84988755            0.50000000        43149.39453125        47533.19531250         6300.99414062 
        4905.87080219            0.50000000        43132.39453125        48000.19531250         6265.99414062 
        4910.88352708            0.50000000        43093.39453125        48478.19531250         6310.99414062 
        4915.90750019            0.50000000        42816.39453125        48614.19531250         6109.99414062 
        4920.93296996            0.50000000        42938.39453125        49309.19531250         6086.99414062 
        4925.96971730            0.50000000        42924.39453125        49939.19531250         6095.99414062 
        4930.98828260            0.50000000        42933.39453125        50449.19531250         6021.99414062 
        4936.05748312            0.50000000        42849.39453125        50900.19531250         6011.99414062 
        4936.55024676            0.50000000        42999.39453125        51244.19531250         6042.99414062 
        4937.03818895            0.50000000        43067.39453125        51347.19531250         6099.99414062 
        4937.53609746            0.50000000        43049.39453125        51348.19531250         6055.99414062 
        4938.01439040            0.50000000        42786.39453125        51157.19531250         5966.99414062 
        4938.50264974            0.50000000        42945.39453125        51377.19531250         6061.99414062 
        4939.03541693            0.50000000        42940.39453125        51398.19531250         6043.99414062 
        4939.53376687            0.50000000        42825.39453125        51371.19531250         6022.99414062 
        4940.09145729            0.50000000        42859.39453125        51353.19531250         5995.99414062 
        4940.54560801            0.50000000        42885.39453125        51515.19531250         6027.99414062 
        4941.06404397            0.50000000        42912.39453125        51601.19531250         6010.99414062 
        4941.53814687            0.50000000        42730.39453125        51482.19531250         5960.99414062 
        4942.04199040            0.50000000        42901.39453125        51763.19531250         5966.99414062 
        4942.50641644            0.50000000        42983.39453125        51875.19531250         6046.99414062 
        4943.05495754            0.50000000        42836.39453125        51847.19531250         5947.99414062 
        4943.54430942            0.50000000        42792.39453125        51803.19531250         5981.99414062 
        4944.11288171            0.50000000        42871.39453125        52015.19531250         6013.99414062 
        4944.54805986            0.50000000        42656.39453125        51738.19531250         5963.99414062 
        4945.07730998            0.50000000        42721.39453125        51921.19531250         5986.99414062 
        4945.55225681            0.50000000        42586.39453125        51826.19531250         5916.99414062 
        4946.05204832            0.50000000        42668.39453125        52024.19531250         5954.99414062 
        4946.51730022            0.50000000        42736.39453125        52093.19531250         6022.99414062 
        4947.07176805            0.50000000        42803.39453125        52331.19531250         6020.99414062 
        4947.56694365            0.50000000        42689.39453125        52229.19531250         6026.99414062 
        4948.14148336            0.50000000        42680.39453125        52330.19531250         6003.99414062 
        4948.55762057            0.50000000        42662.39453125        52482.19531250         5981.99414062 
        4949.09772242            0.50000000        42626.39453125        52325.19531250         5971.99414062 
        4949.56360199            0.50000000        42665.39453125        52487.19531250         5994.99414062 
        4950.08411296            0.50000000        42616.39453125        52510.19531250         5966.99414062 
        4950.52540183            0.50000000        42603.39453125        52514.19531250         5979.99414062 
        4951.09077412            0.50000000        42857.39453125        52979.19531250         6051.99414062 
        4951.57194784            0.50000000        42713.39453125        52813.19531250         6058.99414062 
        4952.16735602            0.50000000        42772.39453125        52969.19531250         6068.99414062 
        4952.56934517            0.50000000        42763.39453125        52930.19531250         6029.99414062 
        4953.10544186            0.50000000        42792.39453125        53046.19531250         6061.99414062 
        4953.57711345            0.50000000        42822.39453125        53141.19531250         6053.99414062 
        4954.09358248            0.50000000        42797.39453125        53227.19531250         5999.99414062 
        4954.53068683            0.50000000        42750.39453125        53238.19531250         6037.99414062 
        4955.09209240            0.50000000        42878.39453125        53501.19531250         6058.99414062 
        4955.57411801            0.50000000        42640.39453125        53284.19531250         5996.99414062 
        4956.16063811            0.50000000        42776.39453125        53455.19531250         6007.99414062 
        4956.57328143            0.50000000        42553.39453125        53214.19531250         5972.99414062 
        4957.11530077            0.50000000        42723.39453125        53546.19531250         5978.99414062 
        4957.57288598            0.50000000        42694.39453125        53511.19531250         6001.99414062 
        4958.11016922            0.50000000        42714.39453125        53621.19531250         5962.99414062 
        4958.53312068            0.50000000        42686.39453125        53632.19531250         5997.99414062 
        4959.09551963            0.50000000        42705.39453125        53718.19531250         6001.99414062 
        4959.57839826            0.50000000        42535.39453125        53590.19531250         5944.99414062 
        4960.15599652            0.50000000        42681.39453125        53939.19531250         5974.99414062 
        4960.57933010            0.50000000        42491.39453125        53685.19531250         5899.99414062 
        4961.11234483            0.50000000        42852.39453125        54100.19531250         5999.99414062 
        4961.57073811            0.50000000        42444.39453125        53738.19531250         5929.99414062 
        4962.10398604            0.50000000        42816.39453125        54267.19531250         5953.99414062 
        4962.52269849            0.50000000        42495.39453125        53903.19531250         5873.99414062 
        4963.09606118            0.50000000        42878.39453125        54415.19531250         5959.99414062 
        4963.56981800            0.50000000        42407.39453125        53970.19531250         5837.99414062 
        4964.16340040            0.50000000        42589.39453125        54198.19531250         5788.99414062 
        4964.56752435            0.50000000        42429.39453125        54137.19531250         5690.99414062 
        4965.10147748            0.50000000        42587.39453125        54316.19531250         5569.99414062 
        4965.55568606            0.50000000        42479.39453125        54264.19531250         5195.99414062 
        4966.09486481            0.50000000        42619.39453125        54467.19531250         4513.99414062 
        4966.51431464            0.50000000        42427.39453125        54226.19531250         3634.99438477 
        4967.08868717            0.50000000        42529.39453125        54253.19531250         3274.99438477 
        4967.56327847            0.50000000        42411.39453125        54072.19531250         3534.99438477 
        4968.15290902            0.50000000        42497.39453125        54099.19531250         3919.99438477 
        4968.55774406            0.50000000        42375.39453125        53862.19531250         3990.99438477 
        4969.09263683            0.50000000        42553.39453125        53719.19531250         3965.99438477 
        4969.55264537            0.50000000        42423.39453125        53491.19531250         3791.99438477 
        4970.08777253            0.50000000        42531.39453125        53276.19531250         3643.99438477 
        4970.50295801            0.50000000        42431.39453125        53070.19531250         3504.99438477 
        4971.08834837            0.50000000        42512.39453125        53138.19531250         3374.99438477 
        4971.55877127            0.50000000        42386.39453125        53257.19531250         3320.99438477 
        4972.14944005            0.50000000        42469.39453125        53518.19531250         3300.99438477 
        4972.54497360            0.50000000        42406.39453125        53560.19531250         3277.99438477 
        4973.09082279            0.50000000        42496.39453125        53622.19531250         3132.99438477 
        4973.54663216            0.50000000        42357.39453125        53235.19531250         2985.99438477 
        4974.08771134            0.50000000        42463.39453125        52838.19531250         2821.99438477 
        4974.49861674            0.50000000        42444.39453125        52152.19531250         2698.99438477 
        4975.08002438            0.50000000        42492.39453125        50822.19531250         2527.99438477 
        4975.55127411            0.50000000        42358.39453125        49535.19531250         2385.99438477 
        4976.14298115            0.50000000        42674.39453125        48708.19531250         2312.99438477 
        4976.53921003            0.50000000        42293.39453125        47667.19531250         2191.99438477 
        4977.08601889            0.50000000        42676.39453125        47423.19531250         2153.99438477 
        4977.54262971            0.50000000        42292.39453125        46578.19531250         2037.99438477 
        4978.07462160            0.50000000        42676.39453125        46601.19531250         2022.99438477 
        4978.49126810            0.50000000        42226.39453125        45835.19531250         1918.99438477 
        4979.06867547            0.50000000        42500.39453125        45808.19531250         1909.99438477 
        4979.55079728            0.50000000        42330.39453125        45434.19531250         1847.99438477 
        4980.13852131            0.50000000        42533.39453125        45269.19531250         1819.99438477 
        4980.54047124            0.50000000        42398.39453125        44867.19531250         1765.99438477 
        4981.08321620            0.50000000        42653.39453125        44519.19531250         1723.99438477 
        4981.54565653            0.50000000        42675.39453125        43833.19531250         1713.99438477 
        4982.07858465            0.50000000        42609.39453125        42734.19531250         1660.99438477 
        4982.49093533            0.50000000        42639.39453125        41694.19531250         1628.99438477 
        4983.06935778            0.50000000        42708.39453125        40160.19531250         1619.99438477 
        4983.54729579            0.50000000        42522.39453125        38538.19531250         1567.99438477 
        4984.12598647            0.50000000        42614.39453125        36892.19531250         1554.99438477 
        4984.53870783            0.50000000        42562.39453125        35491.19531250         1556.99438477 
        4985.06730163            0.50000000        42610.39453125        34252.19531250         1507.99438477 
        4985.53055125            0.50000000        42601.39453125        33344.19531250         1506.99438477 
        4986.05937508            0.50000000        42512.39453125        32612.19335937         1488.99438477 
        4986.48756041            0.50000000        42628.39453125        32247.19335937         1485.99438477 
        4987.05691953            0.50000000        42613.39453125        31995.19335937         1511.99438477 
        4987.53569427            0.50000000        42520.39453125        31955.19335937         1507.99438477 
        4988.12548129            0.50000000        42691.39453125        32293.19335937         1526.99438477 
        4988.53388471            0.50000000        42368.39453125        32367.19335937         1485.99438477 
        4989.06340537            0.50000000        42609.39453125        33136.19531250         1523.99438477 
        4989.53251202            0.50000000        42383.39453125        33619.19531250         1525.99438477 
        4990.04712698            0.50000000        42387.39453125        34418.19531250         1523.99438477 
        4990.48110820            0.50000000        42389.39453125        35214.19531250         1519.99438477 
        4991.05146478            0.50000000        42445.39453125        36074.19531250         1545.99438477 
        4991.53107838            0.50000000        42233.39453125        36554.19531250         1546.99438477 
        4992.10169735            0.50000000        42400.39453125        37403.19531250         1552.99438477 
        4992.52596669            0.50000000        42273.39453125        37642.19531250         1534.99438477 
        4993.05136177            0.50000000        42289.39453125        38032.19531250         1541.99438477 
        4993.52634208            0.50000000        42357.39453125        38372.19531250         1565.99438477 
        4994.02163950            0.50000000        42247.39453125        38387.19531250         1525.99438477 
        4994.48165469            0.50000000        42243.39453125        38487.19531250         1554.99438477 
        4995.03278383            0.50000000        42405.39453125        38606.19531250         1559.99438477 
        4995.51323417            0.50000000        42432.39453125        38552.19531250         1552.99438477 
        4996.07978959            0.50000000        42221.39453125        38161.19531250         1486.99438477 
        4996.53009895            0.50000000        42391.39453125        38076.19531250         1507.99438477 
        4997.04123166            0.50000000        42348.39453125        37823.19531250         1493.99438477 
        4997.52210436            0.50000000        42243.39453125        37455.19531250         1463.99438477 
        4997.99295139            0.50000000        42301.39453125        37210.19531250         1462.99438477 
        4998.48921771            0.50000000        42159.39453125        36774.19531250         1414.99438477 
        4999.01598547            0.50000000        42166.39453125        36469.19531250         1405.99438477 
        4999.50740707            0.50000000        42305.39453125        36315.19531250         1400.99438477 
        5000.05468112            0.50000000        42283.39453125        36148.19531250         1398.99438477 
        5000.53111881            0.50000000        42227.39453125        36012.19531250         1369.99438477 
        5001.02286597            0.50000000        42131.39453125        35929.19531250         1377.99438477 
        5001.52486123            0.50000000        42421.39453125        36274.19531250         1391.99438477 
        5001.98638835            0.50000000        42261.39453125        36316.19531250         1358.99438477 
        5002.49874172            0.50000000        42197.39453125        36431.19531250         1359.99438477 
        5002.98076292            0.50000000        42060.39453125        36590.19531250         1346.99438477 
        5003.51364128            0.50000000        42229.39453125        37181.19531250         1339.99438477 
        5004.03141331            0.50000000        42000.39453125        37297.19531250         1337.99438477 
        5004.54422452            0.50000000        42098.39453125        37810.19531250         1318.99438477 
        5005.00128176            0.50000000        41986.39453125        38162.19531250         1352.99438477 
        5005.51939023            0.50000000        42217.39453125        38843.19531250         1378.99438477 
        5005.97156100            0.50000000        41988.39453125        39084.19531250         1367.99438477 
        5007.64892847            0.50000000        42125.39453125        40793.19531250         1391.99438477 
        5009.44965194            0.50000000        42092.39453125        41910.19531250         1446.99438477 
        5011.25688333            0.50000000        41920.39453125        42461.19531250         1465.99438477 
        5013.08592683            0.50000000        41889.39453125        42642.19531250         1493.99438477 
        5014.89092459            0.50000000        41752.39453125        42331.19531250         1474.99438477 
        5016.86070439            0.50000000        41884.39453125        42401.19531250         1470.99438477 
        5018.78618844            0.50000000        41724.39453125        42581.19531250         1473.99438477 
        5020.83090762            0.50000000        41716.39453125        43116.19531250         1460.99438477 
        5022.82114247            0.50000000        41779.39453125        43772.19531250         1495.99438477 
        5024.91043836            0.50000000        41578.39453125        44015.19531250         1480.99438477 
        5026.95035502            0.50000000        41527.39453125        44125.19531250         1498.99438477 
        5029.09985983            0.50000000        41360.39453125        43896.19531250         1460.99438477 
        5031.24109738            0.50000000        41554.39453125        44102.19531250         1438.99438477 
        5033.51287999            0.50000000        41503.39453125        43774.19531250         1390.99438477 
        5035.78690250            0.50000000        41348.39453125        43116.19531250         1329.99438477 
        5038.05801565            0.50000000        41387.39453125        42670.19531250         1275.99438477 
        5040.31589243            0.50000000        41115.39453125        42166.19531250         1235.99438477 
        5042.69471958            0.50000000        41240.39453125        42480.19531250         1227.99438477 
        5045.16385719            0.50000000        41139.39453125        42884.19531250         1228.99438477 
        5047.49594411            0.50000000        41028.39453125        43242.19531250         1232.99438477 
        5050.02718457            0.50000000        41066.39453125        43552.19531250         1271.99438477 
        5052.46786958            0.50000000        40725.39453125        43451.19531250         1303.99438477 
        5054.99936224            0.50000000        40785.39453125        43828.19531250         1324.99438477 
        5057.62195594            0.50000000        40683.39453125        44109.19531250         1310.99438477 
        5060.21110389            0.50000000        40614.39453125        44644.19531250         1324.99438477 
        5062.83439034            0.50000000        40524.39453125        45042.19531250         1380.99438477 
        5065.60663321            0.50000000        40512.39453125        45431.19531250         1379.99438477 
        5068.31432378            0.50000000        40508.39453125        45771.19531250         1405.99438477 
        5071.11924526            0.50000000        40025.39453125        45553.19531250         1375.99438477 
        5074.02174367            0.50000000        40391.39453125        46645.19531250         1408.99438477 
        5076.83879428            0.50000000        40155.39453125        46796.19531250         1374.99438477 
        5079.73269516            0.50000000        39692.39453125        46592.19531250         1325.99438477 
        5082.78251522            0.50000000        39870.39453125        47339.19531250         1290.99438477 
        5085.78899104            0.50000000        39655.39453125        47527.19531250         1261.99438477 
        5088.77301174            0.50000000        39744.39453125        48133.19531250         1233.99438477 
        5091.90849446            0.50000000        39733.39453125        48361.19531250         1195.99438477 
        5095.03762644            0.50000000        39366.39453125        48250.19531250         1188.99438477 
        5098.13922411            0.50000000        39410.39453125        48789.19531250         1236.99438477 
        5101.31376238            0.50000000        39239.39453125        49188.19531250         1288.99438477 
        5104.58803862            0.50000000        38994.39453125        49395.19531250         1316.99438477 
        5107.86158310            0.50000000        38935.39453125        49777.19531250         1392.99438477 
        5111.14501627            0.50000000        39047.39453125        50306.19531250         1389.99438477 
        5114.47031501            0.50000000        38917.39453125        50479.19531250         1386.99438477 
        5117.84831087            0.50000000        38570.39453125        50286.19531250         1380.99438477 
        5121.24184319            0.50000000        38275.39453125        50194.19531250         1391.99438477 
        5124.68839995            0.50000000        38137.39453125        50413.19531250         1399.99438477 
        5128.16678168            0.50000000        38380.39453125        51160.19531250         1425.99438477 
        5131.68784442            0.50000000        38067.39453125        51253.19531250         1448.99438477 
        5135.21953931            0.50000000        37957.39453125        51576.19531250         1442.99438477 
        5138.80493746            0.50000000        37721.39453125        51733.19531250         1400.99438477 
        5142.49814942            0.50000000        37782.39453125        52252.19531250         1371.99438477 
        5146.06223094            0.50000000        37127.39453125        51856.19531250         1339.99438477 
        5149.77760140            0.50000000        37116.39453125        52513.19531250         1336.99438477 
        5153.49339240            0.50000000        37061.39453125        52965.19531250         1347.99438477 
        5157.25838527            0.50000000        36755.39453125        53123.19531250         1357.99438477 
        5161.11624262            0.50000000        36600.39453125        53562.19531250         1392.99438477 
        5164.93142113            0.50000000        36225.39453125        53754.19531250         1425.99438477 
        5168.81810449            0.50000000        36122.39453125        54312.19531250         1443.99438477 
        5172.78208495            0.50000000        35836.39453125        54738.19531250         1485.99438477 
        5176.62148724            0.50000000        35401.39453125        54713.19531250         1500.99438477 
        5180.64227694            0.50000000        29827.39453125        46972.19531250         1354.99438477 
        5184.63146132            0.50000000        35884.39453125        56478.19531250         1582.99438477 
        5188.62731786            0.50000000        35498.39453125        56591.19531250         1578.99438477 
        5192.77293474            0.50000000        34767.39453125        56066.19531250         1589.99438477 
        5196.92023194            0.50000000        34398.39453125        56034.19531250         1589.99438477 
        5201.03606704            0.50000000        34067.39453125        56217.19531250         1593.99438477 
        5205.23088835            0.50000000        33643.39453125        56205.19531250         1579.99438477 
        5208.99533103            0.50000000        32834.39453125        55696.19531250         1563.99438477 
