# 1-D Scan File created by LabVIEW Control Panel  12/5/2011  11:51:10 PM; Scan time 0 hrs 4 min 28 sec. 
#
# Beamline 20 BM
#
# Scan config: 
#                 E0: 4966.00 eV   223 points
#        Scan bounds:  -100.00 -30.00 40.00 243.35 (7.99 (k))
#       Scan step(s):  5.00 0.50 0.07
#  Integration times:  0.50 0.50 0.50    kwgt in EXAFS region: 0.0 
#
# User Comment:
# 50oC
#
#
# Amplifier Sensitivities:
# Preslit: 20 nA/V  I0: 20 nA/V  I: 100 pA/V  IREF: 50 pA/V  
#
# Analog Input Voltages at start/end of scan:
# Preslit: 0.034/0.031  I0: 0.666/0.447  Ignore: 0.018/0.012  I: 0.900/0.852  IREF: 0.239/0.147  
#
# Mono Info:
# 
#
# ID Info:
# 
#
# Slit Info:
# Kappa S1:  Center is at -542 (H), 500 (V)   Size is 8000 wide x 2000 high
# Vacuum Slits:  Center is at 850 (H), -25 (V)   Size is 899 wide x 1000 high
#
# Motor Positions:
# SMV (20bm:m29): -37594.243125 SMH (20bm:m30): 4802.187500 
#
# Detector Names/PVs:
# I0/20bm:scaler1_netA.C  I/20bm:scaler1_netA.E  IREF/20bm:scaler1_netA.F  
#
# Positioner names/Drive PVs/Readback PVs:
# Mono Energy */20bm:monoE.VAL/20bm:EnctoE.VAL  Scaler preset time */20bm:scaler1.TP/  
# Here is a readable list of column headings:
#  1) Mono Energy *        
#  2) Scaler preset time * 
#  3) I0                   
#  4) I                    
#  5) IREF                 
#
# Column Headings:
#Mono Energy *        Scaler preset time * I0                   I                    IREF                 
        4865.41045621            0.50000000        28335.39453125        40071.19531250         5792.99414062 
        4870.46676900            0.50000000        28213.39453125        40162.19531250         5776.99414062 
        4875.47230129            0.50000000        28110.39453125        40391.19531250         5691.99414062 
        4880.55163053            0.50000000        27987.39453125        40497.19531250         5598.99414062 
        4885.59924042            0.50000000        27815.39453125        40593.19531250         5480.99414062 
        4890.59073303            0.50000000        27791.39453125        40879.19531250         5429.99414062 
        4895.68053777            0.50000000        27738.39453125        41279.19531250         5392.99414062 
        4900.79168393            0.50000000        27641.39453125        41533.19531250         5295.99414062 
        4905.82218997            0.50000000        27540.39453125        41739.19531250         5278.99414062 
        4910.83480583            0.50000000        27493.39453125        42119.19531250         5247.99414062 
        4915.84890357            0.50000000        27087.39453125        41947.19531250         5094.99414062 
        4920.87424191            0.50000000        27218.39453125        42525.19531250         5114.99414062 
        4925.91085739            0.50000000        27178.39453125        43032.19531250         5072.99414062 
        4930.91945942            0.50000000        27096.39453125        43420.19531250         5094.99414062 
        4935.98850481            0.50000000        27038.39453125        43747.19531250         5065.99414062 
        4936.49110943            0.50000000        27100.39453125        44052.19531250         5104.99414062 
        4936.96425152            0.50000000        27172.39453125        44159.19531250         5093.99414062 
        4937.46707387            0.50000000        27129.39453125        44121.19531250         5083.99414062 
        4937.94535217            0.50000000        26989.39453125        43962.19531250         5046.99414062 
        4938.44839348            0.50000000        27064.39453125        44117.19531250         5095.99414062 
        4938.96634742            0.50000000        27089.39453125        44199.19531250         5082.99414062 
        4939.45974754            0.50000000        27004.39453125        44167.19531250         5040.99414062 
        4940.01248389            0.50000000        27025.39453125        44177.19531250         5078.99414062 
        4940.48142899            0.50000000        27023.39453125        44253.19531250         5066.99414062 
        4940.99491229            0.50000000        27063.39453125        44368.19531250         5077.99414062 
        4941.46900066            0.50000000        26902.39453125        44203.19531250         5040.99414062 
        4941.96788870            0.50000000        26921.39453125        44291.19531250         5042.99414062 
        4942.45206377            0.50000000        27071.39453125        44561.19531250         5113.99414062 
        4942.99070709            0.50000000        26966.39453125        44485.19531250         5056.99414062 
        4943.48004504            0.50000000        26938.39453125        44451.19531250         5033.99414062 
        4944.04365656            0.50000000        27012.39453125        44622.19531250         5054.99414062 
        4944.48871245            0.50000000        26880.39453125        44435.19531250         5031.99414062 
        4945.01300194            0.50000000        26867.39453125        44446.19531250         4999.99414062 
        4945.48298751            0.50000000        26731.39453125        44285.19531250         4975.99414062 
        4945.98276369            0.50000000        26776.39453125        44413.19531250         5048.99414062 
        4946.45295116            0.50000000        26891.39453125        44616.19531250         5058.99414062 
        4947.01235427            0.50000000        26829.39453125        44720.19531250         5009.99414062 
        4947.49761254            0.50000000        26803.39453125        44671.19531250         5056.99414062 
        4948.07213461            0.50000000        26823.39453125        44858.19531250         5064.99414062 
        4948.49816771            0.50000000        26773.39453125        44839.19531250         5031.99414062 
        4949.03825534            0.50000000        26796.39453125        44921.19531250         5036.99414062 
        4949.50412266            0.50000000        26820.39453125        44986.19531250         5068.99414062 
        4950.01470457            0.50000000        26763.39453125        44936.19531250         5043.99414062 
        4950.46093854            0.50000000        26789.39453125        45007.19531250         5000.99414062 
        4951.03621449            0.50000000        26947.39453125        45345.19531250         5064.99414062 
        4951.50249377            0.50000000        26770.39453125        45089.19531250         5038.99414062 
        4952.09788366            0.50000000        26912.39453125        45300.19531250         5092.99414062 
        4952.50482358            0.50000000        26876.39453125        45287.19531250         5062.99414062 
        4953.04586929            0.50000000        26864.39453125        45378.19531250         5078.99414062 
        4953.50759777            0.50000000        26880.39453125        45407.19531250         5068.99414062 
        4954.02405094            0.50000000        26847.39453125        45511.19531250         5064.99414062 
        4954.46610928            0.50000000        26836.39453125        45486.19531250         5055.99414062 
        4955.03743618            0.50000000        26928.39453125        45753.19531250         5079.99414062 
        4955.50951068            0.50000000        26711.39453125        45390.19531250         5001.99414062 
        4956.10595608            0.50000000        26881.39453125        45756.19531250         5050.99414062 
        4956.50864558            0.50000000        26664.39453125        45454.19531250         5033.99414062 
        4957.05562256            0.50000000        26809.39453125        45738.19531250         5067.99414062 
        4957.51319571            0.50000000        26700.39453125        45541.19531250         5029.99414062 
        4958.05046479            0.50000000        26750.39453125        45761.19531250         5022.99414062 
        4958.46842887            0.50000000        26793.39453125        45770.19531250         5072.99414062 
        4959.04076670            0.50000000        26836.39453125        46036.19531250         5069.99414062 
        4959.51367660            0.50000000        26675.39453125        45756.19531250         5007.99414062 
        4960.10121795            0.50000000        26766.39453125        46021.19531250         5024.99414062 
        4960.51457984            0.50000000        26681.39453125        45893.19531250         5002.99414062 
        4961.05256124            0.50000000        26934.39453125        46351.19531250         5071.99414062 
        4961.50595952            0.50000000        26554.39453125        45773.19531250         4976.99414062 
        4962.04417629            0.50000000        26891.39453125        46365.19531250         5049.99414062 
        4962.45789269            0.50000000        26621.39453125        46000.19531250         4955.99414062 
        4963.03622526            0.50000000        26900.39453125        46428.19531250         5017.99414062 
        4963.50996957            0.50000000        26531.39453125        45911.19531250         4914.99414062 
        4964.11351354            0.50000000        26661.39453125        46156.19531250         4858.99414062 
        4964.50266010            0.50000000        26517.39453125        46072.19531250         4788.99414062 
        4965.04657931            0.50000000        26631.39453125        46161.19531250         4678.99414062 
        4965.50077690            0.50000000        26525.39453125        46104.19531250         4430.99414062 
        4966.03994259            0.50000000        26642.39453125        46272.19531250         3858.99438477 
        4966.45438849            0.50000000        26520.39453125        46214.19531250         3113.99438477 
        4967.03873596            0.50000000        26592.39453125        46145.19531250         2687.99438477 
        4967.50332462            0.50000000        26485.39453125        46017.19531250         2853.99438477 
        4968.09793699            0.50000000        26542.39453125        45945.19531250         3239.99438477 
        4968.48776741            0.50000000        26465.39453125        45760.19531250         3343.99438477 
        4969.03764204            0.50000000        26602.39453125        45771.19531250         3329.99438477 
        4969.48763851            0.50000000        26478.39453125        45430.19531250         3169.99438477 
        4970.02775200            0.50000000        26550.39453125        45313.19531250         3035.99438477 
        4970.44292650            0.50000000        26491.39453125        45067.19531250         2861.99438477 
        4971.03330524            0.50000000        26542.39453125        44957.19531250         2804.99438477 
        4971.49370698            0.50000000        26414.39453125        45017.19531250         2712.99438477 
        4972.08936502            0.50000000        26509.39453125        45352.19531250         2693.99438477 
        4972.48488812            0.50000000        26439.39453125        45343.19531250         2677.99438477 
        4973.03573114            0.50000000        26544.39453125        45493.19531250         2573.99438477 
        4973.48652020            0.50000000        26461.39453125        45260.19531250         2461.99438477 
        4974.02257462            0.50000000        26567.39453125        44997.19531250         2339.99438477 
        4974.43346825            0.50000000        26507.39453125        44426.19531250         2212.99438477 
        4975.02488452            0.50000000        26570.39453125        43446.19531250         2081.99438477 
        4975.48108179            0.50000000        26434.39453125        42383.19531250         1970.99438477 
        4976.08280052            0.50000000        26695.39453125        41819.19531250         1895.99438477 
        4976.47400307            0.50000000        26329.39453125        40606.19531250         1762.99438477 
        4977.02581332            0.50000000        26702.39453125        40673.19531250         1733.99438477 
        4977.48241205            0.50000000        26436.39453125        39875.19531250         1652.99438477 
        4978.00937062            0.50000000        26659.39453125        39825.19531250         1597.99438477 
        4978.42600518            0.50000000        26363.39453125        39038.19531250         1531.99438477 
        4979.00841742            0.50000000        26550.39453125        39128.19531250         1507.99438477 
        4979.48550398            0.50000000        26422.39453125        38659.19531250         1450.99438477 
        4980.07823494            0.50000000        26564.39453125        38597.19531250         1424.99438477 
        4980.47514955            0.50000000        26395.39453125        38005.19531250         1377.99438477 
        4981.02793070            0.50000000        26386.39453125        37499.19531250         1360.99438477 
        4981.48030601            0.50000000        26451.39453125        36946.19531250         1344.99438477 
        4982.01321883            0.50000000        26386.39453125        36077.19531250         1336.99438477 
        4982.43058667            0.50000000        26437.39453125        35324.19531250         1291.99438477 
        4983.01402407            0.50000000        26447.39453125        34080.19531250         1281.99438477 
        4983.48188783            0.50000000        26298.39453125        32727.19335937         1243.99438477 
        4984.05552931            0.50000000        26381.39453125        31449.19335937         1229.99438477 
        4984.47830491            0.50000000        26387.39453125        30361.19335937         1185.99438477 
        4985.01695408            0.50000000        26347.39453125        29182.19335937         1181.99438477 
        4985.47515775            0.50000000        26332.39453125        28452.19335937         1169.99438477 
        4985.99389500            0.50000000        26171.39453125        27631.19335937         1171.99438477 
        4986.43214366            0.50000000        26388.39453125        27457.19335937         1170.99438477 
        4987.00652804            0.50000000        26284.39453125        27067.19335937         1160.99438477 
        4987.47521192            0.50000000        26171.39453125        26873.19335937         1151.99438477 
        4988.06498329            0.50000000        26330.39453125        27123.19335937         1149.99438477 
        4988.47337588            0.50000000        26181.39453125        27271.19335937         1155.99438477 
        4989.01296954            0.50000000        26261.39453125        27761.19335937         1175.99438477 
        4989.47702126            0.50000000        26103.39453125        27991.19335937         1153.99438477 
        4989.98153235            0.50000000        26124.39453125        28585.19335937         1153.99438477 
        4990.43064102            0.50000000        26119.39453125        29249.19335937         1182.99438477 
        4991.00098500            0.50000000        26104.39453125        29879.19335937         1173.99438477 
        4991.47553902            0.50000000        25993.39453125        30275.19335937         1209.99438477 
        4992.03604366            0.50000000        26066.39453125        31037.19335937         1214.99438477 
        4992.47040313            0.50000000        25932.39453125        31168.19335937         1194.99438477 
        4993.00589011            0.50000000        25977.39453125        31635.19335937         1206.99438477 
        4993.47580757            0.50000000        26046.39453125        31941.19335937         1208.99438477 
        4993.95593060            0.50000000        25932.39453125        31944.19335937         1223.99438477 
        4994.43615456            0.50000000        25938.39453125        32026.19335937         1200.99438477 
        4994.98221599            0.50000000        26050.39453125        32099.19335937         1204.99438477 
        4995.46265570            0.50000000        25949.39453125        31947.19335937         1197.99438477 
        4996.01908050            0.50000000        25840.39453125        31681.19335937         1160.99438477 
        4996.49467815            0.50000000        26018.39453125        31727.19335937         1188.99438477 
        4996.99061936            0.50000000        25953.39453125        31470.19335937         1144.99438477 
        4997.47148141            0.50000000        25837.39453125        31104.19335937         1123.99438477 
        4997.94231803            0.50000000        25915.39453125        30992.19335937         1115.99438477 
        4998.45376654            0.50000000        25820.39453125        30561.19335937         1096.99438477 
        4998.96532945            0.50000000        25714.39453125        30190.19335937         1087.99438477 
        4999.46180681            0.50000000        25817.39453125        30101.19335937         1054.99438477 
        4999.99893425            0.50000000        25873.39453125        29981.19335937         1074.99438477 
        5000.49563599            0.50000000        25816.39453125        29812.19335937         1039.99438477 
        5000.98230551            0.50000000        25735.39453125        29657.19335937         1048.99438477 
        5001.48429187            0.50000000        25926.39453125        29952.19335937         1058.99438477 
        5001.94581081            0.50000000        25816.39453125        29908.19335937         1014.99432373 
        5002.46322838            0.50000000        25743.39453125        30051.19335937         1029.99438477 
        5002.94016775            0.50000000        25635.39453125        30052.19335937         1032.99438477 
        5003.47303666            0.50000000        25776.39453125        30545.19335937         1018.99432373 
        5003.98572284            0.50000000        25502.39453125        30476.19335937         1001.99432373 
        5004.51375728            0.50000000        25658.39453125        31058.19335937         1008.99432373 
        5004.96065075            0.50000000        25524.39453125        31231.19335937         1029.99438477 
        5005.48383002            0.50000000        25771.39453125        31908.19335937         1058.99438477 
        5005.93091279            0.50000000        25494.39453125        31916.19335937         1019.99432373 
        5007.60316580            0.50000000        25490.39453125        33112.19531250         1052.99438477 
        5009.40385331            0.50000000        25540.39453125        34147.19531250         1096.99438477 
        5011.20086323            0.50000000        25318.39453125        34452.19531250         1109.99438477 
        5013.01966861            0.50000000        25228.39453125        34534.19531250         1124.99438477 
        5014.83481572            0.50000000        25081.39453125        34284.19531250         1106.99438477 
        5016.80965250            0.50000000        25170.39453125        34327.19531250         1144.99438477 
        5018.75042204            0.50000000        24952.39453125        34323.19531250         1131.99438477 
        5020.79510940            0.50000000        24972.39453125        34729.19531250         1127.99438477 
        5022.78019484            0.50000000        24987.39453125        35173.19531250         1118.99438477 
        5024.87457660            0.50000000        24795.39453125        35281.19531250         1131.99438477 
        5026.91958908            0.50000000        24675.39453125        35262.19531250         1127.99438477 
        5029.06393276            0.50000000        24519.39453125        34993.19531250         1103.99438477 
        5031.19999976            0.50000000        24607.39453125        35067.19531250         1091.99438477 
        5033.47174186            0.50000000        24582.39453125        34914.19531250         1070.99438477 
        5035.74572380            0.50000000        24427.39453125        34265.19531250         1026.99438477 
        5038.01679641            0.50000000        24375.39453125        33880.19531250          963.99432373 
        5040.26947548            0.50000000        24121.39453125        33246.19531250          941.99432373 
        5042.64825482            0.50000000        24152.39453125        33465.19531250          943.99432373 
        5045.11217458            0.50000000        24004.39453125        33634.19531250          920.99432373 
        5047.45455623            0.50000000        23880.39453125        33742.19531250          938.99432373 
        5049.98575141            0.50000000        23827.39453125        33978.19531250          945.99432373 
        5052.43676187            0.50000000        23547.39453125        33784.19531250          968.99432373 
        5054.96303029            0.50000000        23477.39453125        33929.19531250          981.99432373 
        5057.58038677            0.50000000        23392.39453125        34071.19531250         1005.99432373 
        5060.17469022            0.50000000        23299.39453125        34390.19531250          997.99432373 
        5062.80314330            0.50000000        23129.39453125        34546.19531250         1004.99432373 
        5065.57013484            0.50000000        23062.39453125        34717.19531250         1030.99438477 
        5068.27778288            0.50000000        22908.39453125        34778.19531250         1021.99432373 
        5071.08266027            0.50000000        22499.39453125        34406.19531250         1014.99432373 
        5073.96941438            0.50000000        22684.39453125        35206.19531250         1029.99438477 
        5076.78640166            0.50000000        22496.39453125        35253.19531250         1010.99432373 
        5079.68023745            0.50000000        22037.39453125        34890.19531250          982.99432373 
        5082.72998888            0.50000000        22127.39453125        35392.19531250          929.99432373 
        5085.73639701            0.50000000        21907.39453125        35392.19531250          917.99432373 
        5088.71508442            0.50000000        21964.39453125        35855.19531250          892.99432373 
        5091.85576252            0.50000000        21876.39453125        35973.19531250          885.99432373 
        5094.97954372            0.50000000        21682.39453125        35895.19531250          870.99432373 
        5098.08635157            0.50000000        21610.39453125        36184.19531250          895.99432373 
        5101.25552379            0.50000000        21407.39453125        36245.19531250          924.99432373 
        5104.52441689            0.50000000        21195.39453125        36379.19531250          966.99432373 
        5107.80849085            0.50000000        21064.39453125        36499.19531250          976.99432373 
        5111.08653314            0.50000000        21064.39453125        36745.19531250          968.99432373 
        5114.42239730            0.50000000        20917.39453125        36792.19531250          973.99432373 
        5117.78966073            0.50000000        20597.39453125        36506.19531250          977.99432373 
        5121.19378736            0.50000000        20329.39453125        36291.19531250          973.99432373 
        5124.62423191            0.50000000        20162.39453125        36276.19531250          984.99432373 
        5128.10251888            0.50000000        20391.39453125        37076.19531250         1033.99438477 
        5131.62348564            0.50000000        20037.39453125        36756.19531250         1000.99432373 
        5135.14971302            0.50000000        19733.39453125        36634.19531250          999.99432373 
        5138.72962582            0.50000000        19575.39453125        36695.19531250          976.99432373 
        5142.42810781            0.50000000        19642.39453125        37089.19531250          978.99432373 
        5145.99208379            0.50000000        19085.39453125        36553.19531250          935.99432373 
        5149.70734415            0.50000000        18971.39453125        36753.19531250          932.99432373 
        5153.43926342            0.50000000        18866.39453125        36998.19531250          927.99432373 
        5157.18248472            0.50000000        18563.39453125        36913.19531250          931.99432373 
        5161.04021868            0.50000000        18461.39453125        37224.19531250          942.99432373 
        5164.85527509            0.50000000        18089.39453125        37059.19531250          961.99432373 
        5168.74728178            0.50000000        18040.39453125        37438.19531250          992.99432373 
        5172.70568737            0.50000000        17794.39453125        37491.19531250         1001.99432373 
        5176.54496650            0.50000000        17362.39453125        37077.19531250         1018.99432373 
        5180.56015224            0.50000000        14399.39355469        31264.19335937          899.99432373 
        5184.54919932            0.50000000        17372.39453125        37915.19531250         1055.99438477 
        5188.53942501            0.50000000        17059.39453125        37854.19531250         1070.99438477 
        5192.70139770            0.50000000        16585.39453125        37283.19531250         1052.99438477 
        5196.82652178            0.50000000        16234.39355469        36830.19531250         1033.99438477 
        5200.94219583            0.50000000        15989.39355469        36723.19531250         1036.99438477 
        5205.13685287            0.50000000        15510.39355469        36154.19531250         1004.99432373 
        5208.91776827            0.50000000        14971.39355469        35275.19531250          995.99432373 
