# 1-D Scan File created by LabVIEW Control Panel  12/6/2011  12:31:20 AM; Scan time 0 hrs 4 min 28 sec. 
#
# Beamline 20 BM
#
# Scan config: 
#                 E0: 4966.00 eV   223 points
#        Scan bounds:  -100.00 -30.00 40.00 243.35 (7.99 (k))
#       Scan step(s):  5.00 0.50 0.07
#  Integration times:  0.50 0.50 0.50    kwgt in EXAFS region: 0.0 
#
# User Comment:
# 50oC
#
#
# Amplifier Sensitivities:
# Preslit: 20 nA/V  I0: 20 nA/V  I: 100 pA/V  IREF: 50 pA/V  
#
# Analog Input Voltages at start/end of scan:
# Preslit: 0.034/0.031  I0: 0.609/0.403  Ignore: 0.017/0.011  I: 0.869/0.750  IREF: 0.235/0.142  
#
# Mono Info:
# 
#
# ID Info:
# 
#
# Slit Info:
# Kappa S1:  Center is at -542 (H), 500 (V)   Size is 8000 wide x 2000 high
# Vacuum Slits:  Center is at 850 (H), -25 (V)   Size is 899 wide x 1000 high
#
# Motor Positions:
# SMV (20bm:m29): -37594.243125 SMH (20bm:m30): 4802.187500 
#
# Detector Names/PVs:
# I0/20bm:scaler1_netA.C  I/20bm:scaler1_netA.E  IREF/20bm:scaler1_netA.F  
#
# Positioner names/Drive PVs/Readback PVs:
# Mono Energy */20bm:monoE.VAL/20bm:EnctoE.VAL  Scaler preset time */20bm:scaler1.TP/  
# Here is a readable list of column headings:
#  1) Mono Energy *        
#  2) Scaler preset time * 
#  3) I0                   
#  4) I                    
#  5) IREF                 
#
# Column Headings:
#Mono Energy *        Scaler preset time * I0                   I                    IREF                 
        4865.39613524            0.50000000        25491.39453125        38438.19531250         5465.99414062 
        4870.45241530            0.50000000        25347.39453125        38527.19531250         5422.99414062 
        4875.45791516            0.50000000        25246.39453125        38762.19531250         5348.99414062 
        4880.54201781            0.50000000        25083.39453125        38797.19531250         5265.99414062 
        4885.58960585            0.50000000        24911.39453125        38844.19531250         5138.99414062 
        4890.58107683            0.50000000        24873.39453125        39144.19531250         5122.99414062 
        4895.66602039            0.50000000        24774.39453125        39409.19531250         5083.99414062 
        4900.78198347            0.50000000        24691.39453125        39707.19531250         5011.99414062 
        4905.81246765            0.50000000        24579.39453125        39940.19531250         4982.99414062 
        4910.82018967            0.50000000        24501.39453125        40220.19531250         4950.99414062 
        4915.83425465            0.50000000        24197.39453125        40135.19531250         4845.99414062 
        4920.85466623            0.50000000        24308.39453125        40763.19531250         4857.99414062 
        4925.89614265            0.50000000        24173.39453125        41046.19531250         4802.99414062 
        4930.90471187            0.50000000        24063.39453125        41303.19531250         4811.99414062 
        4935.97372402            0.50000000        23988.39453125        41656.19531250         4759.99414062 
        4936.48618139            0.50000000        24138.39453125        42067.19531250         4835.99414062 
        4936.95439338            0.50000000        24138.39453125        42034.19531250         4837.99414062 
        4937.44735323            0.50000000        24139.39453125        42047.19531250         4826.99414062 
        4937.92562734            0.50000000        23986.39453125        41991.19531250         4761.99414062 
        4938.43852885            0.50000000        24032.39453125        41958.19531250         4797.99414062 
        4938.95648052            0.50000000        24065.39453125        42032.19531250         4827.99414062 
        4939.44987848            0.50000000        24067.39453125        42195.19531250         4797.99414062 
        4939.99767669            0.50000000        23958.39453125        41987.19531250         4818.99414062 
        4940.47155546            0.50000000        24020.39453125        42177.19531250         4805.99414062 
        4940.98997440            0.50000000        23983.39453125        42232.19531250         4771.99414062 
        4941.45912280            0.50000000        23898.39453125        42186.19531250         4759.99414062 
        4941.95800866            0.50000000        23902.39453125        42184.19531250         4772.99414062 
        4942.44218161            0.50000000        24039.39453125        42392.19531250         4799.99414062 
        4942.98082257            0.50000000        23921.39453125        42259.19531250         4765.99414062 
        4943.47015837            0.50000000        23904.39453125        42231.19531250         4808.99414062 
        4944.02882287            0.50000000        24008.39453125        42553.19531250         4812.99414062 
        4944.47882136            0.50000000        23868.39453125        42356.19531250         4771.99414062 
        4945.00805525            0.50000000        23850.39453125        42328.19531250         4753.99414062 
        4945.47309207            0.50000000        23740.39453125        42253.19531250         4724.99414062 
        4945.96791726            0.50000000        23777.39453125        42328.19531250         4725.99414062 
        4946.43810164            0.50000000        23890.39453125        42510.19531250         4787.99414062 
        4946.99750107            0.50000000        23859.39453125        42650.19531250         4764.99414062 
        4947.48770826            0.50000000        23849.39453125        42638.19531250         4797.99414062 
        4948.06718121            0.50000000        23865.39453125        42721.19531250         4822.99414062 
        4948.48330474            0.50000000        23774.39453125        42679.19531250         4764.99414062 
        4949.02338881            0.50000000        23743.39453125        42660.19531250         4788.99414062 
        4949.48925307            0.50000000        23765.39453125        42811.19531250         4757.99414062 
        4949.99983162            0.50000000        23733.39453125        42717.19531250         4761.99414062 
        4950.45102127            0.50000000        23770.39453125        42812.19531250         4803.99414062 
        4951.02629470            0.50000000        23911.39453125        43102.19531250         4856.99414062 
        4951.49753284            0.50000000        23763.39453125        42962.19531250         4797.99414062 
        4952.09292143            0.50000000        23802.39453125        43034.19531250         4814.99414062 
        4952.48993425            0.50000000        23840.39453125        43114.19531250         4771.99414062 
        4953.04090498            0.50000000        23818.39453125        43117.19531250         4795.99414062 
        4953.49766714            0.50000000        23843.39453125        43250.19531250         4794.99414062 
        4954.00915160            0.50000000        23791.39453125        43308.19531250         4790.99414062 
        4954.45617444            0.50000000        23767.39453125        43192.19531250         4803.99414062 
        4955.03246750            0.50000000        23881.39453125        43492.19531250         4796.99414062 
        4955.50454097            0.50000000        23717.39453125        43310.19531250         4778.99414062 
        4956.09104303            0.50000000        23828.39453125        43550.19531250         4802.99414062 
        4956.49870177            0.50000000        23648.39453125        43281.19531250         4750.99414062 
        4957.05064945            0.50000000        23728.39453125        43446.19531250         4801.99414062 
        4957.50324748            0.50000000        23681.39453125        43322.19531250         4752.99414062 
        4958.03553893            0.50000000        23688.39453125        43456.19531250         4735.99414062 
        4958.45847645            0.50000000        23652.39453125        43475.19531250         4786.99414062 
        4959.03081176            0.50000000        23700.39453125        43597.19531250         4748.99414062 
        4959.50371958            0.50000000        23661.39453125        43479.19531250         4748.99414062 
        4960.08627857            0.50000000        23708.39453125        43731.19531250         4764.99414062 
        4960.49963774            0.50000000        23566.39453125        43523.19531250         4706.99414062 
        4961.04259746            0.50000000        23774.39453125        43896.19531250         4765.99414062 
        4961.49599375            0.50000000        23486.39453125        43449.19531250         4682.99414062 
        4962.03420815            0.50000000        23797.39453125        44031.19531250         4758.99414062 
        4962.45290771            0.50000000        23570.39453125        43693.19531250         4684.99414062 
        4963.03123900            0.50000000        23785.39453125        44091.19531250         4739.99414062 
        4963.50996957            0.50000000        23452.39453125        43553.19531250         4624.99414062 
        4964.10353630            0.50000000        23589.39453125        43832.19531250         4586.99414062 
        4964.49767062            0.50000000        23462.39453125        43749.19531250         4488.99414062 
        4965.04158863            0.50000000        23578.39453125        43913.19531250         4414.99414062 
        4965.48580190            0.50000000        23458.39453125        43777.19531250         4174.99414062 
        4966.02995688            0.50000000        23553.39453125        43900.19531250         3645.99438477 
        4966.44440095            0.50000000        23440.39453125        43830.19531250         2916.99438477 
        4967.02874585            0.50000000        23528.39453125        43827.19531250         2558.99438477 
        4967.49333247            0.50000000        23397.39453125        43606.19531250         2668.99438477 
        4968.09293960            0.50000000        23469.39453125        43666.19531250         3052.99438477 
        4968.48276917            0.50000000        23378.39453125        43447.19531250         3151.99438477 
        4969.03264258            0.50000000        23530.39453125        43454.19531250         3151.99438477 
        4969.47763762            0.50000000        23406.39453125        43148.19531250         3014.99438477 
        4970.02275036            0.50000000        23616.39453125        43239.19531250         2882.99438477 
        4970.43292141            0.50000000        23523.39453125        42979.19531250         2755.99438477 
        4971.02329755            0.50000000        23565.39453125        42813.19531250         2638.99438477 
        4971.48369726            0.50000000        23509.39453125        43052.19531250         2612.99438477 
        4972.08435884            0.50000000        23578.39453125        43331.19531250         2596.99438477 
        4972.46986700            0.50000000        23525.39453125        43360.19531250         2532.99438477 
        4973.02571462            0.50000000        23524.39453125        43423.19531250         2481.99438477 
        4973.47650169            0.50000000        23444.39453125        43136.19531250         2338.99438477 
        4974.01255376            0.50000000        23488.39453125        42788.19531250         2227.99438477 
        4974.42845690            0.50000000        23382.39453125        42160.19531250         2093.99438477 
        4975.01987187            0.50000000        23475.39453125        41342.19531250         1968.99438477 
        4975.47606813            0.50000000        23395.39453125        40427.19531250         1840.99438477 
        4976.07277057            0.50000000        23570.39453125        39825.19531250         1792.99438477 
        4976.46397139            0.50000000        23309.39453125        38795.19531250         1697.99438477 
        4977.02079626            0.50000000        23573.39453125        38670.19531250         1641.99438477 
        4977.47739399            0.50000000        23322.39453125        37930.19531250         1558.99438477 
        4978.00937062            0.50000000        23538.39453125        37911.19531250         1525.99438477 
        4978.42098503            0.50000000        23280.39453125        37257.19531250         1449.99438477 
        4979.00841742            0.50000000        23431.39453125        37238.19531250         1407.99438477 
        4979.48550398            0.50000000        23317.39453125        36778.19531250         1378.99438477 
        4980.07321115            0.50000000        23481.39453125        36808.19531250         1353.99438477 
        4980.47514955            0.50000000        23249.39453125        36110.19531250         1312.99438477 
        4981.02290481            0.50000000        23298.39453125        35714.19531250         1301.99438477 
        4981.48030601            0.50000000        23314.39453125        35194.19531250         1277.99438477 
        4982.00819077            0.50000000        23270.39453125        34324.19531250         1206.99438477 
        4982.43058667            0.50000000        23288.39453125        33585.19531250         1193.99438477 
        4983.00899379            0.50000000        23281.39453125        32405.19335937         1211.99438477 
        4983.47685652            0.50000000        23158.39453125        31220.19335937         1154.99438477 
        4984.05552931            0.50000000        23273.39453125        30023.19335937         1149.99438477 
        4984.47327141            0.50000000        23270.39453125        28997.19335937         1156.99438477 
        4985.00688471            0.50000000        23194.39453125        27906.19335937         1111.99438477 
        4985.47012205            0.50000000        23207.39453125        27148.19335937         1098.99438477 
        4985.98885815            0.50000000        23102.39453125        26457.19335937         1077.99438477 
        4986.43214366            0.50000000        23226.39453125        26261.19335937         1098.99438477 
        4987.00148895            0.50000000        23141.39453125        25829.19335937         1091.99438477 
        4987.48025205            0.50000000        23087.39453125        25712.19335937         1089.99438477 
        4988.05994187            0.50000000        23226.39453125        25931.19335937         1109.99438477 
        4988.47337588            0.50000000        23052.39453125        25934.19335937         1095.99438477 
        4989.00792601            0.50000000        23118.39453125        26361.19335937         1097.99438477 
        4989.47197671            0.50000000        23007.39453125        26707.19335937         1087.99438477 
        4989.97648668            0.50000000        23002.39453125        27245.19335937         1101.99438477 
        4990.42559437            0.50000000        23041.39453125        27859.19335937         1099.99438477 
        4990.99593709            0.50000000        22995.39453125        28438.19335937         1123.99438477 
        4991.47049005            0.50000000        22920.39453125        28855.19335937         1116.99438477 
        4992.03099346            0.50000000        22977.39453125        29533.19335937         1131.99438477 
        4992.46535196            0.50000000        22860.39453125        29776.19335937         1120.99438477 
        4993.00083776            0.50000000        22868.39453125        30076.19335937         1116.99438477 
        4993.46570080            0.50000000        22951.39453125        30456.19335937         1125.99438477 
        4993.95087615            0.50000000        22797.39453125        30348.19335937         1122.99438477 
        4994.43109904            0.50000000        22860.39453125        30560.19335937         1147.99438477 
        4994.97210255            0.50000000        22965.39453125        30634.19335937         1143.99438477 
        4995.45254013            0.50000000        22872.39453125        30447.19335937         1104.99438477 
        4996.00896248            0.50000000        22764.39453125        30227.19335937         1093.99438477 
        4996.47949797            0.50000000        22907.39453125        30224.19335937         1126.99438477 
        4996.98555820            0.50000000        22812.39453125        29937.19335937         1064.99438477 
        4997.47148141            0.50000000        22776.39453125        29698.19335937         1073.99438477 
        4997.93219149            0.50000000        22843.39453125        29556.19335937         1063.99438477 
        4998.44870213            0.50000000        22727.39453125        29095.19335937         1025.99438477 
        4998.96532945            0.50000000        22643.39453125        28763.19335937          996.99432373 
        4999.45674017            0.50000000        22780.39453125        28698.19335937          994.99432373 
        4999.99893425            0.50000000        22810.39453125        28559.19335937          996.99432373 
        5000.49563599            0.50000000        22734.39453125        28417.19335937          989.99432373 
        5000.97723550            0.50000000        22671.39453125        28310.19335937          994.99432373 
        5001.47922075            0.50000000        22817.39453125        28496.19335937          999.99432373 
        5001.93059442            0.50000000        22758.39453125        28606.19335937          972.99432373 
        5002.45815509            0.50000000        22783.39453125        28773.19335937         1000.99432373 
        5002.93001906            0.50000000        22585.39453125        28675.19335937          950.99432373 
        5003.46796113            0.50000000        22725.39453125        29086.19335937          976.99432373 
        5003.98064617            0.50000000        22434.39453125        29028.19335937          959.99432373 
        5004.50867945            0.50000000        22471.39453125        29420.19335937          958.99432373 
        5004.95557193            0.50000000        22467.39453125        29695.19335937          962.99432373 
        5005.47875003            0.50000000        22655.39453125        30323.19335937          991.99432373 
        5005.92583181            0.50000000        22439.39453125        30365.19335937          976.99432373 
        5007.59808111            0.50000000        22432.39453125        31553.19335937          978.99432373 
        5009.39876463            0.50000000        22474.39453125        32446.19335937         1015.99432373 
        5011.20086323            0.50000000        22202.39453125        32680.19335937         1023.99432373 
        5013.02476533            0.50000000        22172.39453125        32751.19335937         1040.99438477 
        5014.83481572            0.50000000        22017.39453125        32502.19335937         1030.99438477 
        5016.80965250            0.50000000        22056.39453125        32589.19335937         1037.99438477 
        5018.74531260            0.50000000        21875.39453125        32486.19335937         1055.99438477 
        5020.78999541            0.50000000        21895.39453125        32977.19531250         1050.99438477 
        5022.77507644            0.50000000        21798.39453125        33189.19531250         1043.99438477 
        5024.86945353            0.50000000        21684.39453125        33348.19531250         1053.99438477 
        5026.90933386            0.50000000        21683.39453125        33458.19531250         1053.99438477 
        5029.05366799            0.50000000        21437.39453125        33114.19531250         1028.99438477 
        5031.18972547            0.50000000        21475.39453125        33070.19531250          968.99432373 
        5033.45631525            0.50000000        21490.39453125        32940.19531250          980.99432373 
        5035.73028197            0.50000000        21300.39453125        32315.19335937          920.99432373 
        5038.00649172            0.50000000        21239.39453125        31931.19335937          873.99432373 
        5040.25400337            0.50000000        20979.39453125        31381.19335937          861.99432373 
        5042.63792945            0.50000000        21051.39453125        31564.19335937          869.99432373 
        5045.10700638            0.50000000        20945.39453125        31756.19335937          866.99432373 
        5047.44420937            0.50000000        20820.39453125        31849.19335937          881.99432373 
        5049.98057231            0.50000000        20808.39453125        32147.19335937          862.99432373 
        5052.42120817            0.50000000        20449.39453125        31796.19335937          860.99432373 
        5054.94226943            0.50000000        20436.39453125        31992.19335937          902.99432373 
        5057.56479853            0.50000000        20347.39453125        32106.19335937          938.99432373 
        5060.14868081            0.50000000        20234.39453125        32297.19335937          927.99432373 
        5062.77710442            0.50000000        20082.39453125        32439.19335937          928.99432373 
        5065.54927889            0.50000000        20004.39453125        32555.19335937          951.99432373 
        5068.25690262            0.50000000        19847.39453125        32549.19335937          961.99432373 
        5071.06698117            0.50000000        19473.39453125        32244.19335937          918.99432373 
        5073.95894866            0.50000000        19708.39453125        33005.19531250          946.99432373 
        5076.78116247            0.50000000        19404.39453125        32876.19531250          911.99432373 
        5079.66974605            0.50000000        19079.39453125        32634.19335937          874.99432373 
        5082.71423121            0.50000000        19028.39453125        32965.19531250          848.99432373 
        5085.72587834            0.50000000        18832.39453125        32925.19531250          833.99432373 
        5088.70455233            0.50000000        18877.39453125        33288.19531250          800.99432373 
        5091.83467007            0.50000000        18735.39453125        33253.19531250          763.99432373 
        5094.95842309            0.50000000        18498.39453125        33082.19531250          787.99432373 
        5098.05991575            0.50000000        18395.39453125        33273.19531250          798.99432373 
        5101.23434648            0.50000000        18192.39453125        33311.19531250          842.99432373 
        5104.51381344            0.50000000        18055.39453125        33478.19531250          852.99432373 
        5107.79256341            0.50000000        17974.39453125        33692.19531250          886.99432373 
        5111.07058345            0.50000000        17945.39453125        33859.19531250          883.99432373 
        5114.40110086            0.50000000        17806.39453125        33861.19531250          890.99432373 
        5117.77899722            0.50000000        17516.39453125        33515.19531250          895.99432373 
        5121.18310842            0.50000000        17202.39453125        33219.19531250          878.99432373 
        5124.60819017            0.50000000        17036.39453125        33122.19531250          865.99432373 
        5128.08645346            0.50000000        17164.39453125        33702.19531250          901.99432373 
        5131.61275934            0.50000000        16942.39453125        33498.19531250          880.99432373 
        5135.13897069            0.50000000        16683.39453125        33431.19531250          880.99432373 
        5138.71886720            0.50000000        16530.39453125        33429.19531250          859.99432373 
        5142.42272008            0.50000000        16496.39453125        33701.19531250          863.99432373 
        5145.98668794            0.50000000        16015.39355469        33170.19531250          832.99432373 
        5149.70193983            0.50000000        15951.39355469        33455.19531250          798.99432373 
        5153.42843777            0.50000000        15813.39355469        33481.19531250          803.99432373 
        5157.17706334            0.50000000        15589.39355469        33446.19531250          809.99432373 
        5161.04021868            0.50000000        15441.39355469        33578.19531250          834.99432373 
        5164.85527509            0.50000000        15065.39355469        33263.19531250          850.99432373 
        5168.74728178            0.50000000        14951.39355469        33507.19531250          843.99432373 
        5172.70023049            0.50000000        14647.39355469        33362.19531250          858.99432373 
        5176.55043219            0.50000000        14341.39355469        33132.19531250          853.99432373 
        5180.55467736            0.50000000        11794.39355469        27693.19335937          763.99432373 
        5184.54919932            0.50000000        14232.39355469        33612.19531250          919.99432373 
        5188.54491822            0.50000000        13927.39355469        33338.19531250          899.99432373 
        5192.70690048            0.50000000        13595.39355469        33009.19531250          931.99432373 
        5196.83203404            0.50000000        13221.39355469        32420.19335937          894.99432373 
        5200.95323931            0.50000000        12866.39355469        32026.19335937          867.99432373 
        5205.14791567            0.50000000        12622.39355469        31789.19335937          850.99432373 
        5208.92884851            0.50000000        12059.39355469        30685.19335937          839.99432373 
