# 1-D Scan File created by LabVIEW Control Panel  12/6/2011  2:31:50 AM; Scan time 0 hrs 4 min 28 sec. 
#
# Beamline 20 BM
#
# Scan config: 
#                 E0: 4966.00 eV   223 points
#        Scan bounds:  -100.00 -30.00 40.00 243.35 (7.99 (k))
#       Scan step(s):  5.00 0.50 0.07
#  Integration times:  0.50 0.50 0.50    kwgt in EXAFS region: 0.0 
#
# User Comment:
# 50oC
#
#
# Amplifier Sensitivities:
# Preslit: 20 nA/V  I0: 20 nA/V  I: 100 pA/V  IREF: 50 pA/V  
#
# Analog Input Voltages at start/end of scan:
# Preslit: 0.033/0.030  I0: 0.475/0.239  Ignore: 0.013/0.006  I: 0.787/0.520  IREF: 0.220/0.139  
#
# Mono Info:
# 
#
# ID Info:
# 
#
# Slit Info:
# Kappa S1:  Center is at -542 (H), 500 (V)   Size is 8000 wide x 2000 high
# Vacuum Slits:  Center is at 850 (H), -25 (V)   Size is 899 wide x 1000 high
#
# Motor Positions:
# SMV (20bm:m29): -37594.243125 SMH (20bm:m30): 4802.187500 
#
# Detector Names/PVs:
# I0/20bm:scaler1_netA.C  I/20bm:scaler1_netA.E  IREF/20bm:scaler1_netA.F  
#
# Positioner names/Drive PVs/Readback PVs:
# Mono Energy */20bm:monoE.VAL/20bm:EnctoE.VAL  Scaler preset time */20bm:scaler1.TP/  
# Here is a readable list of column headings:
#  1) Mono Energy *        
#  2) Scaler preset time * 
#  3) I0                   
#  4) I                    
#  5) IREF                 
#
# Column Headings:
#Mono Energy *        Scaler preset time * I0                   I                    IREF                 
        4865.39136160            0.50000000        18764.39453125        34400.19531250         4780.99414062 
        4870.45241530            0.50000000        18569.39453125        34270.19531250         4722.99414062 
        4875.46271053            0.50000000        18476.39453125        34391.19531250         4632.99414062 
        4880.54201781            0.50000000        18301.39453125        34426.19531250         4507.99414062 
        4885.58960585            0.50000000        18083.39453125        34310.19531250         4377.99414062 
        4890.57624875            0.50000000        17966.39453125        34429.19531250         4356.99414062 
        4895.66118128            0.50000000        17907.39453125        34587.19531250         4312.99414062 
        4900.77713326            0.50000000        17779.39453125        34709.19531250         4269.99414062 
        4905.80274538            0.50000000        17633.39453125        34737.19531250         4233.99414062 
        4910.81531763            0.50000000        17572.39453125        35097.19531250         4184.99414062 
        4915.82937170            0.50000000        17296.39453125        34872.19531250         4079.99438477 
        4920.85466623            0.50000000        17322.39453125        35329.19531250         4084.99438477 
        4925.88633288            0.50000000        17166.39453125        35432.19531250         4062.99438477 
        4930.89488023            0.50000000        17095.39453125        35649.19531250         4042.99438477 
        4935.96879711            0.50000000        16984.39453125        35824.19531250         4034.99438477 
        4936.47632534            0.50000000        17058.39453125        36112.19531250         4073.99438477 
        4936.94453528            0.50000000        17085.39453125        36140.19531250         4058.99438477 
        4937.44735323            0.50000000        17074.39453125        36185.19531250         4074.99438477 
        4937.92069616            0.50000000        16932.39453125        36003.19531250         4010.99438477 
        4938.43359654            0.50000000        17026.39453125        36159.19531250         4008.99438477 
        4938.94661366            0.50000000        16999.39453125        36100.19531250         4036.99438477 
        4939.44987848            0.50000000        17002.39453125        36280.19531250         4043.99438477 
        4939.99274098            0.50000000        16949.39453125        36113.19531250         4004.99438477 
        4940.47155546            0.50000000        16981.39453125        36227.19531250         4039.99438477 
        4940.98009864            0.50000000        16985.39453125        36369.19531250         4035.99438477 
        4941.44924499            0.50000000        16829.39453125        36099.19531250         4002.99438477 
        4941.94318868            0.50000000        16893.39453125        36226.19531250         3985.99438477 
        4942.43229949            0.50000000        16979.39453125        36442.19531250         4032.99438477 
        4942.97588032            0.50000000        16855.39453125        36239.19531250         4037.99438477 
        4943.46521506            0.50000000        16856.39453125        36281.19531250         3989.99438477 
        4944.02387833            0.50000000        16953.39453125        36480.19531250         4021.99438477 
        4944.46893032            0.50000000        16826.39453125        36329.19531250         4015.99438477 
        4944.99816189            0.50000000        16803.39453125        36272.19531250         3996.99438477 
        4945.46319667            0.50000000        16728.39453125        36171.19531250         3993.99438477 
        4945.96296847            0.50000000        16746.39453125        36240.19531250         3972.99438477 
        4946.43315182            0.50000000        16869.39453125        36444.19531250         3992.99438477 
        4946.99255003            0.50000000        16817.39453125        36465.19531250         3989.99438477 
        4947.47285194            0.50000000        16775.39453125        36425.19531250         4000.99438477 
        4948.05232107            0.50000000        16780.39453125        36538.19531250         4020.99438477 
        4948.47339614            0.50000000        16675.39453125        36369.19531250         4001.99438477 
        4949.01843333            0.50000000        16649.39453125        36311.19531250         4013.99438477 
        4949.47934006            0.50000000        16741.39453125        36618.19531250         4007.99438477 
        4949.98991638            0.50000000        16684.39453125        36500.19531250         3991.99438477 
        4950.44606265            0.50000000        16646.39453125        36422.19531250         3969.99438477 
        4951.01141509            0.50000000        16844.39453125        36891.19531250         4032.99438477 
        4951.48265014            0.50000000        16675.39453125        36638.19531250         3965.99438477 
        4952.07803480            0.50000000        16787.39453125        36762.19531250         4013.99438477 
        4952.48993425            0.50000000        16741.39453125        36789.19531250         4000.99438477 
        4953.03097639            0.50000000        16718.39453125        36737.19531250         4023.99438477 
        4953.48773654            0.50000000        16747.39453125        36866.19531250         3993.99438477 
        4954.00418517            0.50000000        16676.39453125        36811.19531250         3999.99438477 
        4954.44623964            0.50000000        16683.39453125        36756.19531250         3984.99438477 
        4955.02253017            0.50000000        16693.39453125        36882.19531250         4009.99438477 
        4955.49460156            0.50000000        16614.39453125        36806.19531250         3979.99438477 
        4956.08607204            0.50000000        16670.39453125        37035.19531250         4000.99438477 
        4956.49372988            0.50000000        16519.39453125        36711.19531250         3948.99438477 
        4957.04567635            0.50000000        16626.39453125        36915.19531250         3975.99438477 
        4957.50324748            0.50000000        16710.39453125        37040.19531250         4026.99438477 
        4958.03056366            0.50000000        16672.39453125        37149.19531250         4019.99438477 
        4958.45350026            0.50000000        16687.39453125        37096.19531250         3989.99438477 
        4959.02583431            0.50000000        16715.39453125        37290.19531250         3989.99438477 
        4959.49874109            0.50000000        16666.39453125        37194.19531250         3978.99438477 
        4960.08129880            0.50000000        16711.39453125        37406.19531250         3986.99438477 
        4960.49465706            0.50000000        16592.39453125        37119.19531250         3941.99438477 
        4961.03263372            0.50000000        16788.39453125        37575.19531250         3998.99438477 
        4961.48602802            0.50000000        16540.39453125        37070.19531250         3921.99438477 
        4962.02424006            0.50000000        16731.39453125        37521.19531250         3966.99438477 
        4962.44293777            0.50000000        16497.39453125        37075.19531250         3893.99438477 
        4963.02625276            0.50000000        16770.39453125        37716.19531250         3940.99438477 
        4963.49500771            0.50000000        16505.39453125        37189.19531250         3892.99438477 
        4964.09355911            0.50000000        16613.39453125        37457.19531250         3869.99438477 
        4964.48270224            0.50000000        16531.39453125        37404.19531250         3791.99438477 
        4965.03160731            0.50000000        16546.39453125        37346.19531250         3690.99438477 
        4965.48081026            0.50000000        16434.39453125        37183.19531250         3493.99438477 
        4966.01997121            0.50000000        16553.39453125        37398.19531250         3049.99438477 
        4966.43441345            0.50000000        16432.39453125        37315.19531250         2409.99438477 
        4967.01875579            0.50000000        16466.39453125        37206.19531250         2067.99438477 
        4967.48334036            0.50000000        16364.39355469        37033.19531250         2188.99438477 
        4968.08294485            0.50000000        16479.39453125        37159.19531250         2510.99438477 
        4968.47277270            0.50000000        16395.39453125        36957.19531250         2597.99438477 
        4969.02264369            0.50000000        16491.39453125        36931.19531250         2582.99438477 
        4969.47263719            0.50000000        16359.39355469        36613.19531250         2474.99438477 
        4970.01274711            0.50000000        16436.39453125        36529.19531250         2344.99438477 
        4970.42791887            0.50000000        16345.39355469        36197.19531250         2247.99438477 
        4971.01328989            0.50000000        16383.39355469        36065.19531250         2163.99438477 
        4971.47869241            0.50000000        16309.39355469        36112.19531250         2113.99438477 
        4972.07935267            0.50000000        16398.39453125        36487.19531250         2116.99438477 
        4972.46485998            0.50000000        16284.39355469        36445.19531250         2068.99438477 
        4973.01569815            0.50000000        16353.39355469        36496.19531250         2005.99438477 
        4973.46648323            0.50000000        16259.39355469        36281.19531250         1886.99438477 
        4974.00253293            0.50000000        16304.39355469        36039.19531250         1789.99438477 
        4974.41843424            0.50000000        16225.39355469        35552.19531250         1718.99438477 
        4975.01485923            0.50000000        16282.39355469        34791.19531250         1587.99438477 
        4975.47105449            0.50000000        16207.39355469        34087.19531250         1499.99438477 
        4976.06775561            0.50000000        16374.39355469        33554.19531250         1443.99438477 
        4976.45895557            0.50000000        16142.39355469        32673.19335937         1329.99438477 
        4977.01076217            0.50000000        16358.39355469        32642.19335937         1329.99438477 
        4977.46233985            0.50000000        16128.39355469        31888.19335937         1224.99438477 
        4977.99933217            0.50000000        16295.39355469        31863.19335937         1213.99438477 
        4978.41596489            0.50000000        16115.39355469        31279.19335937         1167.99438477 
        4978.99837457            0.50000000        16228.39355469        31292.19335937         1141.99438477 
        4979.46541411            0.50000000        16120.39355469        30881.19335937         1085.99438477 
        4980.06316360            0.50000000        16228.39355469        30795.19335937         1075.99438477 
        4980.45505094            0.50000000        16074.39355469        30278.19335937         1025.99438477 
        4981.01787894            0.50000000        16086.39355469        29853.19335937         1024.99438477 
        4981.47025225            0.50000000        16116.39355469        29450.19335937          960.99432373 
        4981.99813468            0.50000000        16052.39355469        28722.19335937          967.99432373 
        4982.41549975            0.50000000        16055.39355469        28047.19335937          946.99432373 
        4982.99390305            0.50000000        16064.39355469        27081.19335937          919.99432373 
        4983.46176268            0.50000000        15972.39355469        26177.19335937          901.99432373 
        4984.04043163            0.50000000        16082.39355469        25255.19335937          904.99432373 
        4984.45817096            0.50000000        15996.39355469        24264.19335937          880.99432373 
        4984.99681538            0.50000000        16012.39355469        23470.19335937          857.99432373 
        4985.44997933            0.50000000        15958.39355469        22780.19335937          866.99432373 
        4985.96871086            0.50000000        15904.39355469        22162.19335937          855.99432373 
        4986.41703024            0.50000000        15978.39355469        21948.19335937          840.99432373 
        4986.99141081            0.50000000        15890.39355469        21568.19335937          844.99432373 
        4987.46009158            0.50000000        15906.39355469        21530.19335937          837.99432373 
        4988.04985905            0.50000000        15925.39355469        21580.19335937          838.99432373 
        4988.45824893            0.50000000        15796.39355469        21537.19335937          831.99432373 
        4988.99783900            0.50000000        15905.39355469        21978.19335937          859.99432373 
        4989.46693217            0.50000000        15753.39355469        22097.19335937          854.99432373 
        4989.96639539            0.50000000        15739.39355469        22493.19335937          834.99432373 
        4990.41550109            0.50000000        15757.39355469        22941.19335937          868.99432373 
        4990.98584129            0.50000000        15793.39355469        23544.19335937          881.99432373 
        4991.45534322            0.50000000        15703.39355469        23859.19335937          858.99432373 
        4992.01584291            0.50000000        15692.39355469        24353.19335937          876.99432373 
        4992.45524966            0.50000000        15608.39355469        24558.19335937          880.99432373 
        4992.98062847            0.50000000        15617.39355469        24832.19335937          884.99432373 
        4993.45054073            0.50000000        15706.39355469        25189.19335937          911.99432373 
        4993.93571286            0.50000000        15603.39355469        25127.19335937          889.99432373 
        4994.42098805            0.50000000        15631.39355469        25267.19335937          894.99432373 
        4994.96198916            0.50000000        15709.39355469        25416.19335937          895.99432373 
        4995.44242462            0.50000000        15631.39355469        25209.19335937          897.99432373 
        4995.99884450            0.50000000        15486.39355469        24893.19335937          886.99432373 
        4996.46937791            0.50000000        15643.39355469        25053.19335937          865.99432373 
        4996.97037476            0.50000000        15579.39355469        24799.19335937          859.99432373 
        4997.45629475            0.50000000        15457.39355469        24452.19335937          849.99432373 
        4997.91700176            0.50000000        15529.39355469        24359.19335937          834.99432373 
        4998.43857335            0.50000000        15471.39355469        24029.19335937          821.99432373 
        4998.94506736            0.50000000        15380.39355469        23689.19335937          799.99432373 
        4999.44660692            0.50000000        15496.39355469        23699.19335937          803.99432373 
        4999.98879861            0.50000000        15475.39355469        23470.19335937          788.99432373 
        5000.48549814            0.50000000        15415.39355469        23371.19335937          762.99432373 
        5000.96202554            0.50000000        15362.39355469        23285.19335937          771.99432373 
        5001.46400746            0.50000000        15514.39355469        23480.19335937          785.99432373 
        5001.92045021            0.50000000        15423.39355469        23449.19335937          774.99432373 
        5002.44293529            0.50000000        15354.39355469        23438.19335937          771.99432373 
        5002.90972184            0.50000000        15258.39355469        23449.19335937          773.99432373 
        5003.45273462            0.50000000        15341.39355469        23840.19335937          774.99432373 
        5003.96033963            0.50000000        15180.39355469        23758.19335937          754.99432373 
        5004.49852381            0.50000000        15241.39355469        24132.19335937          778.99432373 
        5004.93525674            0.50000000        15146.39355469        24254.19335937          743.99432373 
        5005.46351015            0.50000000        15332.39355469        24802.19335937          769.99432373 
        5005.91058895            0.50000000        15145.39355469        24828.19335937          762.99432373 
        5007.58791178            0.50000000        15126.39355469        25756.19335937          795.99432373 
        5009.38858730            0.50000000        15088.39355469        26315.19335937          806.99432373 
        5011.19067790            0.50000000        14897.39355469        26510.19335937          822.99432373 
        5013.01457191            0.50000000        14803.39355469        26543.19335937          812.99432373 
        5014.82971498            0.50000000        14715.39355469        26391.19335937          824.99432373 
        5016.80454738            0.50000000        14694.39355469        26410.19335937          827.99432373 
        5018.74531260            0.50000000        14639.39355469        26466.19335937          855.99432373 
        5020.78488144            0.50000000        14598.39355469        26701.19335937          849.99432373 
        5022.77507644            0.50000000        14601.39355469        27005.19335937          857.99432373 
        5024.86945353            0.50000000        14389.39355469        26878.19335937          835.99432373 
        5026.90933386            0.50000000        14425.39355469        27097.19335937          838.99432373 
        5029.04853562            0.50000000        14200.39355469        26668.19335937          826.99432373 
        5031.18972547            0.50000000        14200.39355469        26595.19335937          786.99432373 
        5033.46145744            0.50000000        14132.39355469        26373.19335937          782.99432373 
        5035.73028197            0.50000000        14042.39355469        25987.19335937          734.99432373 
        5038.00649172            0.50000000        13962.39355469        25558.19335937          698.99432373 
        5040.25916073            0.50000000        13738.39355469        25048.19335937          643.99432373 
        5042.63792945            0.50000000        13730.39355469        25060.19335937          648.99432373 
        5045.10183820            0.50000000        13603.39355469        25125.19335937          671.99432373 
        5047.44420937            0.50000000        13501.39355469        25242.19335937          658.99432373 
        5049.97021416            0.50000000        13459.39355469        25327.19335937          684.99432373 
        5052.42120817            0.50000000        13183.39355469        25022.19335937          689.99432373 
        5054.94745963            0.50000000        13151.39355469        25112.19335937          713.99432373 
        5057.56999460            0.50000000        13010.39355469        25050.19335937          714.99432373 
        5060.16428642            0.50000000        12927.39355469        25216.19335937          708.99432373 
        5062.79272772            0.50000000        12840.39355469        25343.19335937          714.99432373 
        5065.55970684            0.50000000        12774.39355469        25378.19335937          724.99432373 
        5068.26212267            0.50000000        12665.39355469        25416.19335937          739.99432373 
        5071.07220752            0.50000000        12331.39355469        25039.19335937          721.99432373 
        5073.96418151            0.50000000        12398.39355469        25397.19335937          707.99432373 
        5076.78640166            0.50000000        12213.39355469        25353.19335937          689.99432373 
        5079.67499175            0.50000000        11959.39355469        25031.19335937          688.99432373 
        5082.71948375            0.50000000        11913.39355469        25291.19335937          639.99432373 
        5085.72587834            0.50000000        11789.39355469        25249.19335937          641.99432373 
        5088.70981837            0.50000000        11829.39355469        25516.19335937          630.99432373 
        5091.85048939            0.50000000        11644.39355469        25309.19335937          592.99432373 
        5094.96370323            0.50000000        11421.39355469        25139.19335937          574.99432373 
        5098.05991575            0.50000000        11380.39355469        25236.19335937          608.99432373 
        5101.24493511            0.50000000        11274.39355469        25361.19335937          618.99432373 
        5104.50851173            0.50000000        11065.39355469        25264.19335937          641.99432373 
        5107.78725428            0.50000000        10949.39355469        25275.19335937          649.99432373 
        5111.07058345            0.50000000        11011.39355469        25536.19335937          679.99432373 
        5114.39577678            0.50000000        10853.39355469        25317.19335937          664.99432373 
        5117.77899722            0.50000000        10660.39355469        25219.19335937          660.99432373 
        5121.17776897            0.50000000        10426.39355469        24912.19335937          650.99432373 
        5124.60284295            0.50000000        10297.39355469        24624.19335937          666.99432373 
        5128.08109834            0.50000000        10412.39355469        25199.19335937          686.99432373 
        5131.60739622            0.50000000        10141.39355469        24708.19335937          661.99432373 
        5135.13897069            0.50000000        10001.39355469        24769.19335937          667.99432373 
        5138.71886720            0.50000000         9833.39355469        24510.19335937          663.99432373 
        5142.42272008            0.50000000         9795.39355469        24659.19335937          643.99432373 
        5145.98668794            0.50000000         9395.39355469        24117.19335937          616.99432373 
        5149.70193983            0.50000000         9331.39355469        24196.19335937          584.99432373 
        5153.42843777            0.50000000         9273.39355469        24144.19335937          608.99432373 
        5157.17164198            0.50000000         9054.39355469        24050.19335937          617.99432373 
        5161.04564888            0.50000000         9027.39355469        24278.19335937          612.99432373 
        5164.84983618            0.50000000         8749.39355469        23912.19335937          637.99432373 
        5168.74728178            0.50000000         8620.39355469        23896.19335937          642.99432373 
        5172.70023049            0.50000000         8433.39355469        23637.19335937          653.99432373 
        5176.53950083            0.50000000         8189.39404297        23351.19335937          645.99432373 
        5180.56015224            0.50000000         6638.39404297        19194.19335937          546.99432373 
        5184.54371529            0.50000000         8100.39404297        23509.19335937          660.99432373 
        5188.53942501            0.50000000         7839.39404297        23248.19335937          657.99432373 
        5192.70690048            0.50000000         7573.39404297        22655.19335937          624.99432373 
        5196.83203404            0.50000000         7316.39404297        22158.19335937          613.99432373 
        5200.94219583            0.50000000         7126.39404297        21829.19335937          617.99432373 
        5205.14791567            0.50000000         6852.39404297        21270.19335937          604.99432373 
        5208.92884851            0.50000000         6503.39404297        20328.19335937          561.99432373 
