# 1-D Scan File created by LabVIEW Control Panel  12/5/2011  9:35:37 PM; Scan time 0 hrs 4 min 28 sec. 
#
# Beamline 20 BM
#
# Scan config: 
#                 E0: 4966.00 eV   223 points
#        Scan bounds:  -100.00 -30.00 40.00 243.35 (7.99 (k))
#       Scan step(s):  5.00 0.50 0.07
#  Integration times:  0.50 0.50 0.50    kwgt in EXAFS region: 0.0 
#
# User Comment:
# 50oC
#
#
# Amplifier Sensitivities:
# Preslit: 20 nA/V  I0: 20 nA/V  I: 100 pA/V  IREF: 50 pA/V  
#
# Analog Input Voltages at start/end of scan:
# Preslit: 0.034/0.033  I0: 0.915/0.761  Ignore: 0.026/0.021  I: 0.977/1.192  IREF: 0.254/0.155  
#
# Mono Info:
# 
#
# ID Info:
# 
#
# Slit Info:
# Kappa S1:  Center is at -542 (H), 500 (V)   Size is 8000 wide x 2000 high
# Vacuum Slits:  Center is at 850 (H), -25 (V)   Size is 899 wide x 1000 high
#
# Motor Positions:
# SMV (20bm:m29): -37594.243125 SMH (20bm:m30): 4802.187500 
#
# Detector Names/PVs:
# I0/20bm:scaler1_netA.C  I/20bm:scaler1_netA.E  IREF/20bm:scaler1_netA.F  
#
# Positioner names/Drive PVs/Readback PVs:
# Mono Energy */20bm:monoE.VAL/20bm:EnctoE.VAL  Scaler preset time */20bm:scaler1.TP/  
# Here is a readable list of column headings:
#  1) Mono Energy *        
#  2) Scaler preset time * 
#  3) I0                   
#  4) I                    
#  5) IREF                 
#
# Column Headings:
#Mono Energy *        Scaler preset time * I0                   I                    IREF                 
        4865.42477727            0.50000000        40952.39453125        43900.19531250         6476.99414062 
        4870.49069203            0.50000000        40930.39453125        44258.19531250         6501.99414062 
        4875.50586928            0.50000000        41005.39453125        44699.19531250         6463.99414062 
        4880.59008183            0.50000000        40898.39453125        45063.19531250         6283.99414062 
        4885.64259650            0.50000000        40740.39453125        45268.19531250         6243.99414062 
        4890.62935822            0.50000000        40760.39453125        45657.19531250         6252.99414062 
        4895.70957283            0.50000000        40813.39453125        46191.19531250         6169.99414062 
        4900.82563585            0.50000000        40702.39453125        46550.19531250         6109.99414062 
        4905.85135718            0.50000000        40664.39453125        47022.19531250         6122.99414062 
        4910.86891060            0.50000000        40657.39453125        47439.19531250         6087.99414062 
        4915.88796782            0.50000000        40384.39453125        47678.19531250         5902.99414062 
        4920.91828780            0.50000000        40508.39453125        48376.19531250         5942.99414062 
        4925.95009715            0.50000000        40470.39453125        48842.19531250         5902.99414062 
        4930.96861862            0.50000000        40473.39453125        49391.19531250         5894.99414062 
        4936.02792073            0.50000000        40457.39453125        49977.19531250         5852.99414062 
        4936.52560602            0.50000000        40560.39453125        50183.19531250         5861.99414062 
        4937.00861369            0.50000000        40632.39453125        50359.19531250         5882.99414062 
        4937.50651566            0.50000000        40592.39453125        50388.19531250         5907.99414062 
        4937.97987102            0.50000000        40396.39453125        50194.19531250         5848.99414062 
        4938.48785245            0.50000000        40498.39453125        50362.19531250         5903.99414062 
        4939.01074901            0.50000000        40504.39453125        50358.19531250         5934.99414062 
        4939.50909349            0.50000000        40472.39453125        50502.19531250         5869.99414062 
        4940.06184194            0.50000000        40361.39453125        50386.19531250         5852.99414062 
        4940.52586042            0.50000000        40507.39453125        50601.19531250         5873.99414062 
        4941.03935384            0.50000000        40603.39453125        50796.19531250         5875.99414062 
        4941.51839059            0.50000000        40380.39453125        50655.19531250         5845.99414062 
        4942.01234943            0.50000000        40487.39453125        50806.19531250         5832.99414062 
        4942.48171052            0.50000000        40590.39453125        50950.19531250         5909.99414062 
        4943.03518797            0.50000000        40462.39453125        50919.19531250         5849.99414062 
        4943.52453557            0.50000000        40465.39453125        50963.19531250         5864.99414062 
        4944.08321353            0.50000000        40662.39453125        51214.19531250         5909.99414062 
        4944.52827722            0.50000000        40431.39453125        51020.19531250         5867.99414062 
        4945.05752270            0.50000000        40450.39453125        51074.19531250         5833.99414062 
        4945.53246537            0.50000000        40261.39453125        50980.19531250         5827.99414062 
        4946.03225250            0.50000000        40350.39453125        51103.19531250         5837.99414062 
        4946.49255036            0.50000000        40539.39453125        51353.19531250         5908.99414062 
        4947.04701212            0.50000000        40464.39453125        51464.19531250         5934.99414062 
        4947.54713455            0.50000000        40511.39453125        51574.19531250         5953.99414062 
        4948.12166921            0.50000000        40459.39453125        51569.19531250         5906.99414062 
        4948.54275721            0.50000000        40377.39453125        51551.19531250         5878.99414062 
        4949.07294428            0.50000000        40370.39453125        51582.19531250         5884.99414062 
        4949.54377537            0.50000000        40427.39453125        51737.19531250         5898.99414062 
        4950.05932400            0.50000000        40455.39453125        51798.19531250         5897.99414062 
        4950.50556678            0.50000000        40416.39453125        51758.19531250         5892.99414062 
        4951.07093410            0.50000000        40625.39453125        52106.19531250         5957.99414062 
        4951.54714257            0.50000000        40427.39453125        51994.19531250         5909.99414062 
        4952.14750656            0.50000000        40498.39453125        52085.19531250         5924.99414062 
        4952.54949218            0.50000000        40527.39453125        52148.19531250         5922.99414062 
        4953.08558417            0.50000000        40363.39453125        52054.19531250         5901.99414062 
        4953.55228618            0.50000000        40581.39453125        52397.19531250         5942.99414062 
        4954.06874954            0.50000000        40449.39453125        52288.19531250         5891.99414062 
        4954.50584910            0.50000000        40478.39453125        52350.19531250         5934.99414062 
        4955.07221726            0.50000000        40550.39453125        52545.19531250         5911.99414062 
        4955.54926882            0.50000000        40307.39453125        52280.19531250         5814.99414062 
        4956.13578248            0.50000000        40537.39453125        52724.19531250         5891.99414062 
        4956.54842127            0.50000000        40249.39453125        52432.19531250         5833.99414062 
        4957.08546147            0.50000000        40411.39453125        52602.19531250         5882.99414062 
        4957.54304065            0.50000000        40402.39453125        52699.19531250         5851.99414062 
        4958.08031681            0.50000000        40369.39453125        52705.19531250         5843.99414062 
        4958.50823900            0.50000000        40373.39453125        52805.19531250         5857.99414062 
        4959.07560932            0.50000000        40473.39453125        52966.19531250         5887.99414062 
        4959.55350509            0.50000000        40355.39453125        52866.19531250         5853.99414062 
        4960.14105678            0.50000000        40590.39453125        53256.19531250         5875.99414062 
        4960.55442594            0.50000000        40303.39453125        52971.19531250         5814.99414062 
        4961.08743481            0.50000000        40545.39453125        53266.19531250         5888.99414062 
        4961.54582305            0.50000000        40206.39453125        52952.19531250         5806.99414062 
        4962.07906512            0.50000000        40572.39453125        53357.19531250         5904.99414062 
        4962.49777296            0.50000000        40406.39453125        53319.19531250         5797.99414062 
        4963.07611570            0.50000000        40764.39453125        53795.19531250         5863.99414062 
        4963.54986834            0.50000000        40402.39453125        53430.19531250         5733.99414062 
        4964.14843423            0.50000000        40522.39453125        53677.19531250         5746.99414062 
        4964.54257634            0.50000000        40441.39453125        53670.19531250         5614.99414062 
        4965.08650512            0.50000000        40520.39453125        53738.19531250         5496.99414062 
        4965.53571894            0.50000000        40496.39453125        53877.19531250         5180.99414062 
        4966.07988589            0.50000000        40543.39453125        53936.19531250         4495.99414062 
        4966.49433908            0.50000000        40451.39453125        53776.19531250         3609.99438477 
        4967.07370169            0.50000000        40538.39453125        53741.19531250         3249.99438477 
        4967.53829751            0.50000000        40365.39453125        53495.19531250         3440.99438477 
        4968.13791652            0.50000000        40537.39453125        53602.19531250         3846.99438477 
        4968.53275216            0.50000000        40426.39453125        53390.19531250         3977.99438477 
        4969.07763812            0.50000000        40531.39453125        53271.19531250         3930.99438477 
        4969.52764252            0.50000000        40343.39453125        52863.19531250         3743.99438477 
        4970.07276725            0.50000000        40470.39453125        52741.19531250         3543.99438477 
        4970.47794469            0.50000000        40392.39453125        52471.19531250         3442.99438477 
        4971.06833253            0.50000000        40497.39453125        52556.19531250         3378.99438477 
        4971.53374633            0.50000000        40384.39453125        52725.19531250         3266.99438477 
        4972.13442114            0.50000000        40473.39453125        53014.19531250         3291.99438477 
        4972.52494493            0.50000000        40407.39453125        53059.19531250         3215.99438477 
        4973.07579766            0.50000000        40470.39453125        53083.19531250         3106.99438477 
        4973.52659466            0.50000000        40327.39453125        52740.19531250         2983.99438477 
        4974.06766908            0.50000000        40464.39453125        52341.19531250         2812.99438477 
        4974.47857085            0.50000000        40361.39453125        51477.19531250         2635.99438477 
        4975.06498610            0.50000000        40424.39453125        50258.19531250         2525.99438477 
        4975.53121894            0.50000000        40272.39453125        49044.19531250         2350.99438477 
        4976.11790570            0.50000000        40574.39453125        48159.19531250         2285.99438477 
        4976.52416211            0.50000000        40254.39453125        47189.19531250         2140.99438477 
        4977.06595019            0.50000000        40558.39453125        46853.19531250         2106.99438477 
        4977.52757515            0.50000000        40242.39453125        46085.19531250         2023.99438477 
        4978.05956351            0.50000000        40542.39453125        46019.19531250         1987.99438477 
        4978.47118700            0.50000000        40279.39453125        45404.19531250         1893.99438477 
        4979.05361081            0.50000000        40545.39453125        45426.19531250         1857.99438477 
        4979.53070684            0.50000000        40233.39453125        44848.19531250         1804.99438477 
        4980.12344957            0.50000000        40529.39453125        44848.19531250         1784.99438477 
        4980.52539684            0.50000000        40240.39453125        44199.19531250         1713.99438477 
        4981.06813820            0.50000000        40287.39453125        43627.19531250         1675.99438477 
        4981.53057548            0.50000000        40350.39453125        43004.19531250         1674.99438477 
        4982.06350006            0.50000000        40304.39453125        41953.19531250         1637.99438477 
        4982.47081894            0.50000000        40311.39453125        40903.19531250         1613.99438477 
        4983.05426663            0.50000000        40368.39453125        39360.19531250         1594.99438477 
        4983.53220148            0.50000000        40230.39453125        37841.19531250         1524.99438477 
        4984.10585563            0.50000000        40294.39453125        36207.19531250         1516.99438477 
        4984.52360695            0.50000000        40226.39453125        34863.19531250         1486.99438477 
        4985.05723203            0.50000000        40249.39453125        33549.19531250         1482.99438477 
        4985.52047960            0.50000000        40244.39453125        32675.19335937         1490.99438477 
        4986.04426413            0.50000000        40098.39453125        31822.19335937         1429.99438477 
        4986.47244662            0.50000000        40324.39453125        31641.19335937         1474.99438477 
        4987.04684114            0.50000000        40227.39453125        31237.19335937         1474.99438477 
        4987.52057354            0.50000000        40177.39453125        31203.19335937         1434.99438477 
        4988.10531511            0.50000000        40229.39453125        31383.19335937         1439.99438477 
        4988.51875735            0.50000000        40136.39453125        31698.19335937         1442.99438477 
        4989.05331811            0.50000000        40185.39453125        32361.19335937         1447.99438477 
        4989.52242269            0.50000000        40060.39453125        32790.19531250         1450.99438477 
        4990.03198959            0.50000000        40063.39453125        33645.19531250         1466.99438477 
        4990.46596793            0.50000000        40111.39453125        34411.19531250         1489.99438477 
        4991.04136874            0.50000000        40036.39453125        35240.19531250         1505.99438477 
        4991.52098022            0.50000000        39948.39453125        35711.19531250         1478.99438477 
        4992.08654633            0.50000000        40005.39453125        36417.19531250         1502.99438477 
        4992.51081286            0.50000000        39933.39453125        36765.19531250         1488.99438477 
        4993.04125688            0.50000000        39922.39453125        37166.19531250         1495.99438477 
        4993.51623509            0.50000000        39974.39453125        37467.19531250         1493.99438477 
        4994.00647574            0.50000000        39861.39453125        37469.19531250         1496.99438477 
        4994.47154347            0.50000000        39948.39453125        37665.19531250         1509.99438477 
        4995.02267018            0.50000000        40129.39453125        37765.19531250         1511.99438477 
        4995.50311839            0.50000000        39986.39453125        37530.19531250         1494.99438477 
        4996.06461217            0.50000000        39853.39453125        37297.19531250         1443.99438477 
        4996.53009895            0.50000000        40028.39453125        37277.19531250         1455.99438477 
        4997.03110911            0.50000000        40003.39453125        36975.19531250         1419.99438477 
        4997.51197968            0.50000000        39870.39453125        36528.19531250         1411.99438477 
        4997.97776126            0.50000000        39932.39453125        36297.19531250         1412.99438477 
        4998.48415322            0.50000000        39733.39453125        35805.19531250         1376.99438477 
        4999.01091982            0.50000000        39771.39453125        35562.19531250         1357.99438477 
        4999.50234033            0.50000000        39948.39453125        35483.19531250         1352.99438477 
        5000.03947729            0.50000000        39973.39453125        35345.19531250         1357.99438477 
        5000.53111881            0.50000000        39896.39453125        35175.19531250         1333.99438477 
        5001.01779587            0.50000000        39800.39453125        35054.19531250         1291.99438477 
        5001.51471882            0.50000000        40045.39453125        35451.19531250         1327.99438477 
        5001.97624390            0.50000000        39895.39453125        35404.19531250         1310.99438477 
        5002.48859499            0.50000000        39899.39453125        35635.19531250         1335.99438477 
        5002.97061406            0.50000000        39672.39453125        35701.19531250         1310.99438477 
        5003.50856566            0.50000000        39847.39453125        36242.19531250         1321.99438477 
        5004.01618305            0.50000000        39606.39453125        36394.19531250         1294.99438477 
        5004.53914662            0.50000000        39658.39453125        36779.19531250         1298.99438477 
        5004.99620284            0.50000000        39632.39453125        37182.19531250         1299.99438477 
        5005.51431016            0.50000000        39825.39453125        37853.19531250         1343.99438477 
        5005.95631784            0.50000000        39609.39453125        38085.19531250         1320.99438477 
        5007.64384369            0.50000000        39662.39453125        39649.19531250         1362.99438477 
        5009.43947439            0.50000000        39715.39453125        40824.19531250         1403.99438477 
        5011.24669776            0.50000000        39551.39453125        41400.19531250         1414.99438477 
        5013.07573314            0.50000000        39507.39453125        41540.19531250         1433.99438477 
        5014.87562203            0.50000000        39356.39453125        41299.19531250         1422.99438477 
        5016.85049392            0.50000000        39381.39453125        41215.19531250         1447.99438477 
        5018.78107892            0.50000000        39299.39453125        41449.19531250         1449.99438477 
        5020.82579356            0.50000000        39247.39453125        41891.19531250         1438.99438477 
        5022.81090549            0.50000000        39243.39453125        42481.19531250         1417.99438477 
        5024.90531521            0.50000000        39176.39453125        42840.19531250         1446.99438477 
        5026.94522733            0.50000000        39151.39453125        42973.19531250         1431.99438477 
        5029.09472735            0.50000000        38911.39453125        42710.19531250         1391.99438477 
        5031.24109738            0.50000000        39085.39453125        42777.19531250         1387.99438477 
        5033.51287999            0.50000000        39103.39453125        42537.19531250         1363.99438477 
        5035.78175512            0.50000000        38869.39453125        41741.19531250         1287.99438477 
        5038.04771077            0.50000000        39155.39453125        41647.19531250         1264.99438477 
        5040.30557747            0.50000000        38885.39453125        41193.19531250         1209.99438477 
        5042.68955678            0.50000000        38940.39453125        41472.19531250         1179.99438477 
        5045.15868888            0.50000000        38860.39453125        41874.19531250         1215.99438477 
        5047.48559707            0.50000000        38719.39453125        42074.19531250         1201.99438477 
        5050.02200539            0.50000000        38792.39453125        42511.19531250         1222.99438477 
        5052.46268493            0.50000000        38423.39453125        42296.19531250         1227.99438477 
        5054.98898162            0.50000000        38497.39453125        42723.19531250         1306.99438477 
        5057.61675975            0.50000000        38336.39453125        42924.19531250         1305.99438477 
        5060.20590191            0.50000000        38282.39453125        43408.19531250         1303.99438477 
        5062.82918247            0.50000000        38246.39453125        43911.19531250         1322.99438477 
        5065.60663321            0.50000000        38145.39453125        44155.19531250         1334.99438477 
        5068.30910361            0.50000000        38180.39453125        44476.19531250         1343.99438477 
        5071.11401879            0.50000000        37703.39453125        44321.19531250         1337.99438477 
        5074.01651069            0.50000000        38004.39453125        45265.19531250         1344.99438477 
        5076.83355497            0.50000000        37799.39453125        45399.19531250         1320.99438477 
        5079.72220352            0.50000000        37332.39453125        45207.19531250         1262.99438477 
        5082.77200985            0.50000000        37476.39453125        45819.19531250         1262.99438477 
        5085.77847214            0.50000000        37269.39453125        46138.19531250         1204.99438477 
        5088.76247940            0.50000000        37457.39453125        46818.19531250         1202.99438477 
        5091.90849446            0.50000000        37307.39453125        46986.19531250         1172.99438477 
        5095.02178556            0.50000000        36975.39453125        46906.19531250         1162.99438477 
        5098.12864951            0.50000000        36999.39453125        47366.19531250         1209.99438477 
        5101.30317344            0.50000000        36724.39453125        47575.19531250         1244.99438477 
        5104.57743488            0.50000000        36598.39453125        47942.19531250         1297.99438477 
        5107.85627382            0.50000000        36524.39453125        48387.19531250         1350.99438477 
        5111.12906618            0.50000000        36510.39453125        48696.19531250         1382.99438477 
        5114.46499077            0.50000000        36421.39453125        48998.19531250         1367.99438477 
        5117.83231523            0.50000000        36088.39453125        48734.19531250         1363.99438477 
        5121.23116403            0.50000000        35712.39453125        48501.19531250         1382.99438477 
        5124.66701041            0.50000000        35582.39453125        48660.19531250         1373.99438477 
        5128.14536055            0.50000000        35963.39453125        49705.19531250         1398.99438477 
        5131.67175456            0.50000000        35608.39453125        49653.19531250         1411.99438477 
        5135.18731154            0.50000000        35469.39453125        49932.19531250         1396.99438477 
        5138.77804017            0.50000000        35335.39453125        50263.19531250         1381.99438477 
        5142.48198578            0.50000000        35428.39453125        50833.19531250         1372.99438477 
        5146.04064698            0.50000000        34655.39453125        50160.19531250         1329.99438477 
        5149.75598356            0.50000000        34646.39453125        50848.19531250         1332.99438477 
        5153.47174066            0.50000000        34703.39453125        51466.19531250         1345.99438477 
        5157.23127765            0.50000000        34333.39453125        51532.19531250         1336.99438477 
        5161.09995157            0.50000000        34140.39453125        51950.19531250         1357.99438477 
        5164.90422584            0.50000000        33818.39453125        52183.19531250         1398.99438477 
        5168.79086474            0.50000000        33735.39453125        52765.19531250         1416.99438477 
        5172.74934283            0.50000000        33412.39453125        53115.19531250         1453.99438477 
        5176.59415812            0.50000000        32922.39453125        52895.19531250         1456.99438477 
        5180.60395173            0.50000000        27773.39453125        45447.19531250         1328.99438477 
        5184.59855618            0.50000000        33256.39453125        54489.19531250         1537.99438477 
        5188.59435766            0.50000000        32949.39453125        54755.19531250         1572.99438477 
        5192.74542024            0.50000000        32288.39453125        54296.19531250         1557.99438477 
        5196.87613258            0.50000000        31790.39453125        54057.19531250         1552.99438477 
        5200.99189190            0.50000000        31494.39453125        54229.19531250         1534.99438477 
        5205.18663590            0.50000000        31011.39453125        54132.19531250         1528.99438477 
        5208.96208954            0.50000000        30267.39453125        53628.19531250         1520.99438477 
