# 1-D Scan File created by LabVIEW Control Panel  12/6/2011  5:42:39 AM; Scan time 0 hrs 4 min 28 sec. 
#
# Beamline 20 BM
#
# Scan config: 
#                 E0: 4966.00 eV   223 points
#        Scan bounds:  -100.00 -30.00 40.00 243.35 (7.99 (k))
#       Scan step(s):  5.00 0.50 0.07
#  Integration times:  0.50 0.50 0.50    kwgt in EXAFS region: 0.0 
#
# User Comment:
# 50oC
#
#
# Amplifier Sensitivities:
# Preslit: 20 nA/V  I0: 20 nA/V  I: 100 pA/V  IREF: 50 pA/V  
#
# Analog Input Voltages at start/end of scan:
# Preslit: 0.033/0.031  I0: 0.341/0.170  Ignore: 0.008/0.004  I: 0.641/0.336  IREF: 0.202/0.132  
#
# Mono Info:
# 
#
# ID Info:
# 
#
# Slit Info:
# Kappa S1:  Center is at -542 (H), 500 (V)   Size is 8000 wide x 2000 high
# Vacuum Slits:  Center is at 850 (H), -25 (V)   Size is 899 wide x 1000 high
#
# Motor Positions:
# SMV (20bm:m29): -37594.243125 SMH (20bm:m30): 4802.187500 
#
# Detector Names/PVs:
# I0/20bm:scaler1_netA.C  I/20bm:scaler1_netA.E  IREF/20bm:scaler1_netA.F  
#
# Positioner names/Drive PVs/Readback PVs:
# Mono Energy */20bm:monoE.VAL/20bm:EnctoE.VAL  Scaler preset time */20bm:scaler1.TP/  
# Here is a readable list of column headings:
#  1) Mono Energy *        
#  2) Scaler preset time * 
#  3) I0                   
#  4) I                    
#  5) IREF                 
#
# Column Headings:
#Mono Energy *        Scaler preset time * I0                   I                    IREF                 
        4865.39136160            0.50000000        12022.39355469        27106.19335937         3754.99438477 
        4870.45241530            0.50000000        11819.39355469        26737.19335937         3697.99438477 
        4875.46750590            0.50000000        11680.39355469        26667.19335937         3609.99438477 
        4880.54682416            0.50000000        11489.39355469        26544.19335937         3500.99438477 
        4885.59442313            0.50000000        11308.39355469        26270.19335937         3431.99438477 
        4890.58107683            0.50000000        11217.39355469        26302.19335937         3357.99438477 
        4895.66118128            0.50000000        11075.39355469        26131.19335937         3334.99438477 
        4900.77228306            0.50000000        10957.39355469        26169.19335937         3253.99438477 
        4905.80760651            0.50000000        10799.39355469        25887.19335937         3189.99438477 
        4910.81531763            0.50000000        10716.39355469        25996.19335937         3123.99438477 
        4915.82448876            0.50000000        10478.39355469        25672.19335937         3016.99438477 
        4920.85466623            0.50000000        10482.39355469        25991.19335937         3034.99438477 
        4925.88633288            0.50000000        10336.39355469        25840.19335937         2976.99438477 
        4930.89488023            0.50000000        10213.39355469        25788.19335937         2963.99438477 
        4935.96387021            0.50000000        10119.39355469        25794.19335937         2945.99438477 
        4936.47632534            0.50000000        10183.39355469        26111.19335937         2952.99438477 
        4936.94946433            0.50000000        10251.39355469        26294.19335937         3002.99438477 
        4937.44735323            0.50000000        10239.39355469        26270.19335937         2982.99438477 
        4937.92069616            0.50000000        10111.39355469        26090.19335937         2939.99438477 
        4938.43359654            0.50000000        10216.39355469        26230.19335937         2975.99438477 
        4938.95154708            0.50000000        10200.39355469        26212.19335937         2976.99438477 
        4939.44494397            0.50000000        10141.39355469        26185.19335937         2962.99438477 
        4939.99274098            0.50000000        10118.39355469        26033.19335937         2909.99438477 
        4940.47155546            0.50000000        10148.39355469        26178.19335937         2933.99438477 
        4940.98009864            0.50000000        10120.39355469        26253.19335937         2954.99438477 
        4941.44924499            0.50000000        10051.39355469        26067.19335937         2908.99438477 
        4941.94318868            0.50000000        10062.39355469        26135.19335937         2915.99438477 
        4942.42735845            0.50000000        10136.39355469        26360.19335937         2954.99438477 
        4942.97093809            0.50000000        10035.39355469        26128.19335937         2915.99438477 
        4943.46027175            0.50000000        10014.39355469        26086.19335937         2916.99438477 
        4944.02387833            0.50000000        10048.39355469        26137.19335937         2931.99438477 
        4944.46893032            0.50000000         9978.39355469        26033.19335937         2908.99438477 
        4945.00310856            0.50000000         9989.39355469        26074.19335937         2911.99438477 
        4945.46319667            0.50000000         9888.39355469        25858.19335937         2862.99438477 
        4945.96296847            0.50000000         9938.39355469        25982.19335937         2882.99438477 
        4946.43315182            0.50000000        10030.39355469        26168.19335937         2920.99438477 
        4946.98759899            0.50000000         9944.39355469        26086.19335937         2893.99438477 
        4947.47285194            0.50000000         9970.39355469        26111.19335937         2922.99438477 
        4948.04736771            0.50000000         9967.39355469        26178.19335937         2922.99438477 
        4948.47835043            0.50000000         9909.39355469        26092.19335937         2893.99438477 
        4949.01347785            0.50000000         9912.39355469        26133.19335937         2926.99438477 
        4949.47934006            0.50000000         9907.39355469        26164.19335937         2892.99438477 
        4949.98495877            0.50000000         9865.39355469        26045.19335937         2920.99438477 
        4950.44110404            0.50000000         9883.39355469        26116.19335937         2912.99438477 
        4951.01637495            0.50000000         9990.39355469        26381.19335937         2941.99438477 
        4951.47768926            0.50000000         9901.39355469        26271.19335937         2903.99438477 
        4952.07307262            0.50000000         9934.39355469        26277.19335937         2953.99438477 
        4952.48000808            0.50000000         9920.39355469        26266.19335937         2928.99438477 
        4953.03097639            0.50000000         9892.39355469        26190.19335937         2885.99438477 
        4953.48773654            0.50000000         9910.39355469        26337.19335937         2918.99438477 
        4953.99425236            0.50000000         9861.39355469        26353.19335937         2912.99438477 
        4954.44127225            0.50000000         9854.39355469        26196.19335937         2897.99438477 
        4955.01756152            0.50000000         9902.39355469        26411.19335937         2918.99438477 
        4955.48466220            0.50000000         9791.39355469        26192.19335937         2880.99438477 
        4956.08110105            0.50000000         9935.39355469        26557.19335937         2922.99438477 
        4956.48875800            0.50000000         9784.39355469        26243.19335937         2853.99438477 
        4957.03573018            0.50000000         9771.39355469        26196.19335937         2866.99438477 
        4957.48832523            0.50000000         9793.39355469        26242.19335937         2873.99438477 
        4958.02061316            0.50000000         9764.39355469        26232.19335937         2888.99438477 
        4958.44852407            0.50000000         9736.39355469        26101.19335937         2852.99438477 
        4959.02085687            0.50000000         9769.39355469        26326.19335937         2862.99438477 
        4959.48878414            0.50000000         9688.39355469        26067.19335937         2832.99438477 
        4960.08129880            0.50000000         9761.39355469        26358.19335937         2869.99438477 
        4960.48967639            0.50000000         9668.39355469        26076.19335937         2806.99438477 
        4961.03263372            0.50000000         9805.39355469        26486.19335937         2871.99438477 
        4961.48602802            0.50000000         9615.39355469        26014.19335937         2787.99438477 
        4962.02424006            0.50000000         9803.39355469        26521.19335937         2843.99438477 
        4962.44293777            0.50000000         9578.39355469        25986.19335937         2792.99438477 
        4963.02625276            0.50000000         9797.39355469        26568.19335937         2829.99438477 
        4963.49999498            0.50000000         9579.39355469        25960.19335937         2758.99438477 
        4964.09854770            0.50000000         9677.39355469        26249.19335937         2751.99438477 
        4964.48270224            0.50000000         9610.39355469        26213.19335937         2687.99438477 
        4965.03659796            0.50000000         9645.39355469        26177.19335937         2633.99438477 
        4965.48580190            0.50000000         9573.39355469        26148.19335937         2481.99438477 
        4966.02496404            0.50000000         9629.39355469        26157.19335937         2159.99438477 
        4966.43940720            0.50000000         9574.39355469        26145.19335937         1744.99438477 
        4967.02375081            0.50000000         9592.39355469        26074.19335937         1483.99438477 
        4967.48334036            0.50000000         9516.39355469        26004.19335937         1581.99438477 
        4968.08294485            0.50000000         9618.39355469        26116.19335937         1790.99438477 
        4968.46777448            0.50000000         9500.39355469        25723.19335937         1840.99438477 
        4969.02764313            0.50000000         9590.39355469        25720.19335937         1831.99438477 
        4969.47263719            0.50000000         9509.39355469        25645.19335937         1788.99438477 
        4970.01274711            0.50000000         9573.39355469        25442.19335937         1676.99438477 
        4970.42791887            0.50000000         9527.39355469        24946.19335937         1577.99438477 
        4971.01829371            0.50000000         9554.39355469        24427.19335937         1500.99438477 
        4971.47869241            0.50000000         9467.39355469        24378.19335937         1468.99438477 
        4972.08435884            0.50000000         9519.39355469        24674.19335937         1479.99438477 
        4972.46986700            0.50000000         9434.39355469        24922.19335937         1441.99438477 
        4973.02070638            0.50000000         9479.39355469        25284.19335937         1413.99438477 
        4973.47149245            0.50000000         9410.39355469        25243.19335937         1345.99438477 
        4974.01255376            0.50000000         9475.39355469        25293.19335937         1292.99438477 
        4974.41843424            0.50000000         9370.39355469        24993.19335937         1190.99438477 
        4975.01987187            0.50000000         9435.39355469        25151.19335937         1153.99438477 
        4975.46604086            0.50000000         9378.39355469        25065.19335937         1111.99438477 
        4976.06274067            0.50000000         9487.39355469        25238.19335937         1071.99438477 
        4976.45895557            0.50000000         9344.39355469        24651.19335937          996.99432373 
        4977.01076217            0.50000000         9470.39355469        24536.19335937          974.99432373 
        4977.46233985            0.50000000         9313.39355469        23689.19335937          916.99432373 
        4977.99933217            0.50000000         9445.39355469        23596.19335937          907.99432373 
        4978.41094477            0.50000000         9290.39355469        22874.19335937          849.99432373 
        4978.99837457            0.50000000         9370.39355469        22769.19335937          834.99432373 
        4979.46541411            0.50000000         9324.39355469        22353.19335937          792.99432373 
        4980.06316360            0.50000000         9379.39355469        21903.19335937          769.99432373 
        4980.46007558            0.50000000         9261.39355469        21061.19335937          747.99432373 
        4981.01285307            0.50000000         9206.39355469        20326.19335937          716.99432373 
        4981.46522538            0.50000000         9251.39355469        20054.19335937          712.99432373 
        4981.99310665            0.50000000         9191.39355469        19558.19335937          678.99432373 
        4982.41549975            0.50000000         9236.39355469        19368.19335937          685.99432373 
        4982.99390305            0.50000000         9234.39355469        19056.19335937          678.99432373 
        4983.45673142            0.50000000         9155.39355469        18699.19335937          668.99432373 
        4984.03539909            0.50000000         9190.39355469        18527.19335937          678.99432373 
        4984.45817096            0.50000000         9158.39355469        18233.19335937          664.99432373 
        4984.99681538            0.50000000         9145.39355469        17977.19335937          653.99432373 
        4985.45501500            0.50000000         9123.39355469        17623.19335937          645.99432373 
        4985.97374767            0.50000000         9082.39355469        17214.19335937          637.99432373 
        4986.41703024            0.50000000         9144.39355469        17011.19335937          658.99432373 
        4986.98637175            0.50000000         9078.39355469        16439.19335937          639.99432373 
        4987.45505149            0.50000000         9054.39355469        16138.19433594          626.99432373 
        4988.03977627            0.50000000         9101.39355469        15818.19433594          636.99432373 
        4988.45824893            0.50000000         9006.39355469        15377.19433594          615.99432373 
        4988.99279551            0.50000000         9102.39355469        15200.19433594          604.99432373 
        4989.46188765            0.50000000         9006.39355469        14837.19433594          603.99432373 
        4989.96134976            0.50000000         9010.39355469        14739.19433594          603.99432373 
        4990.41045447            0.50000000         9023.39355469        14778.19433594          597.99432373 
        4990.98584129            0.50000000         8988.39355469        14981.19433594          618.99432373 
        4991.45534322            0.50000000         8934.39355469        15247.19433594          594.99432373 
        4992.01079275            0.50000000         8958.39355469        15805.19433594          606.99432373 
        4992.45019853            0.50000000         8926.39355469        16126.19433594          625.99432373 
        4992.98062847            0.50000000         8879.39355469        16429.19335937          608.99432373 
        4993.45054073            0.50000000         8967.39355469        16834.19335937          606.99432373 
        4993.93571286            0.50000000         8862.39355469        16837.19335937          622.99432373 
        4994.42098805            0.50000000         8928.39355469        17098.19335937          631.99432373 
        4994.95187582            0.50000000         8919.39355469        17083.19335937          626.99432373 
        4995.44242462            0.50000000         8868.39355469        17071.19335937          622.99432373 
        4995.99884450            0.50000000         8758.39355469        16898.19335937          611.99432373 
        4996.46937791            0.50000000         8883.39355469        17090.19335937          617.99432373 
        4996.96531364            0.50000000         8807.39355469        16945.19335937          623.99432373 
        4997.45123255            0.50000000         8719.39355469        16760.19335937          581.99432373 
        4997.91700176            0.50000000         8760.39355469        16744.19335937          571.99432373 
        4998.43857335            0.50000000         8749.39355469        16601.19335937          569.99432373 
        4998.95013286            0.50000000         8647.39355469        16261.19433594          562.99432373 
        4999.44660692            0.50000000         8776.39355469        16329.19433594          561.99432373 
        4999.98373080            0.50000000         8764.39355469        16147.19433594          556.99432373 
        5000.48549814            0.50000000         8729.39355469        15944.19433594          538.99432373 
        5000.96202554            0.50000000         8636.39355469        15631.19433594          532.99432373 
        5001.46907854            0.50000000         8773.39355469        15701.19433594          551.99432373 
        5001.92552231            0.50000000         8706.39355469        15609.19433594          540.99432373 
        5002.44800855            0.50000000         8672.39355469        15483.19433594          522.99432373 
        5002.91987043            0.50000000         8604.39355469        15403.19433594          519.99432373 
        5003.45781011            0.50000000         8676.39355469        15633.19433594          510.99432373 
        5003.96541625            0.50000000         8513.39355469        15490.19433594          506.99432373 
        5004.50360162            0.50000000         8570.39355469        15705.19433594          506.99432373 
        5004.94541431            0.50000000         8512.39355469        15783.19433594          505.99432373 
        5005.46859010            0.50000000         8623.39355469        16061.19433594          533.99432373 
        5005.90550802            0.50000000         8496.39355469        16035.19433594          536.99432373 
        5007.59299644            0.50000000         8501.39355469        16589.19335937          535.99432373 
        5009.39876463            0.50000000         8439.39355469        16929.19335937          531.99432373 
        5011.19577056            0.50000000         8264.39355469        16957.19335937          543.99432373 
        5013.02476533            0.50000000         8238.39355469        17192.19335937          549.99432373 
        5014.83481572            0.50000000         8182.39404297        17343.19335937          556.99432373 
        5016.81475764            0.50000000         8121.39404297        17450.19335937          566.99432373 
        5018.75553150            0.50000000         8008.39404297        17337.19335937          578.99432373 
        5020.79510940            0.50000000         7960.39404297        17348.19335937          546.99432373 
        5022.78019484            0.50000000         7921.39404297        17363.19335937          556.99432373 
        5024.87969967            0.50000000         7815.39404297        17271.19335937          548.99432373 
        5026.92471671            0.50000000         7755.39404297        17223.19335937          541.99432373 
        5029.06393276            0.50000000         7641.39404297        16988.19335937          529.99432373 
        5031.21027410            0.50000000         7644.39404297        16997.19335937          528.99432373 
        5033.46659965            0.50000000         7599.39404297        16897.19335937          510.99432373 
        5035.74572380            0.50000000         7500.39404297        16654.19335937          487.99432373 
        5038.02194877            0.50000000         7451.39404297        16560.19335937          452.99432373 
        5040.27979028            0.50000000         7321.39404297        16243.19433594          449.99432373 
        5042.66374297            0.50000000         7316.39404297        16145.19433594          428.99432373 
        5045.12767924            0.50000000         7242.39404297        16026.19433594          429.99432373 
        5047.45972967            0.50000000         7135.39404297        16012.19433594          434.99432373 
        5049.99093051            0.50000000         7128.39404297        16168.19433594          442.99432373 
        5052.43676187            0.50000000         6945.39404297        15906.19433594          422.99432373 
        5054.96303029            0.50000000         6913.39404297        15942.19433594          447.99432373 
        5057.58038677            0.50000000         6842.39404297        15810.19433594          442.99432373 
        5060.16948832            0.50000000         6758.39404297        15703.19433594          435.99432373 
        5062.79793550            0.50000000         6661.39404297        15605.19433594          443.99432373 
        5065.57013484            0.50000000         6612.39404297        15527.19433594          430.99432373 
        5068.26734273            0.50000000         6565.39404297        15625.19433594          441.99432373 
        5071.07743389            0.50000000         6292.39404297        15201.19433594          429.99432373 
        5073.96941438            0.50000000         6358.39404297        15385.19433594          442.99432373 
        5076.78640166            0.50000000         6219.39404297        15299.19433594          428.99432373 
        5079.66974605            0.50000000         6026.39404297        14955.19433594          417.99432373 
        5082.71423121            0.50000000         5988.39404297        15104.19433594          403.99432373 
        5085.73113767            0.50000000         5876.39404297        14983.19433594          384.99432373 
        5088.71508442            0.50000000         5892.39404297        15020.19433594          361.99432373 
        5091.84521627            0.50000000         5751.39404297        14892.19433594          354.99432373 
        5094.96370323            0.50000000         5632.39404297        14799.19433594          345.99432373 
        5098.07049004            0.50000000         5575.39404297        14801.19433594          357.99432373 
        5101.24493511            0.50000000         5520.39404297        14867.19433594          383.99432373 
        5104.51381344            0.50000000         5396.39404297        14767.19433594          391.99432373 
        5107.78725428            0.50000000         5320.39404297        14708.19433594          394.99432373 
        5111.07058345            0.50000000         5339.39404297        14812.19433594          408.99432373 
        5114.40110086            0.50000000         5274.39404297        14729.19433594          408.99432373 
        5117.77899722            0.50000000         5155.39404297        14649.19433594          409.99432373 
        5121.18310842            0.50000000         5009.39404297        14400.19433594          396.99432373 
        5124.60819017            0.50000000         4901.39404297        14105.19433594          384.99432373 
        5128.08645346            0.50000000         4969.39404297        14464.19433594          403.99432373 
        5131.61275934            0.50000000         4792.39404297        14062.19433594          382.99432373 
        5135.14434185            0.50000000         4754.39404297        14172.19433594          394.99432373 
        5138.72424650            0.50000000         4654.39404297        13934.19433594          370.99432373 
        5142.42810781            0.50000000         4627.39404297        13967.19433594          374.99432373 
        5145.99208379            0.50000000         4395.39404297        13549.19433594          361.99432373 
        5149.70734415            0.50000000         4337.39404297        13503.19433594          350.99432373 
        5153.42843777            0.50000000         4286.39404297        13380.19433594          327.99432373 
        5157.18790611            0.50000000         4204.39404297        13406.19433594          350.99432373 
        5161.04021868            0.50000000         4121.39404297        13280.19433594          346.99432373 
        5164.85527509            0.50000000         3987.39404297        13031.19433594          334.99432373 
        5168.75272961            0.50000000         3926.39404297        12990.19433594          344.99432373 
        5172.70568737            0.50000000         3803.39404297        12684.19433594          347.99432373 
        5176.55043219            0.50000000         3654.39404297        12440.19433594          343.99432373 
        5180.56562714            0.50000000         2949.39404297        10155.19433594          303.99432373 
        5184.55468336            0.50000000         3545.39404297        12254.19433594          349.99432373 
        5188.54491822            0.50000000         3447.39404297        12164.19433594          350.99432373 
        5192.71240326            0.50000000         3338.39404297        11897.19433594          348.99432373 
        5196.83754631            0.50000000         3196.39404297        11502.19433594          316.99432373 
        5200.94771756            0.50000000         3075.39404297        11199.19433594          309.99432373 
        5205.15344710            0.50000000         2904.39404297        10673.19433594          299.99432373 
        5208.92884851            0.50000000         2721.39404297        10056.19433594          273.99432373 
