# 1-D Scan File created by LabVIEW Control Panel  12/6/2011  1:21:32 AM; Scan time 0 hrs 4 min 28 sec. 
#
# Beamline 20 BM
#
# Scan config: 
#                 E0: 4966.00 eV   223 points
#        Scan bounds:  -100.00 -30.00 40.00 243.35 (7.99 (k))
#       Scan step(s):  5.00 0.50 0.07
#  Integration times:  0.50 0.50 0.50    kwgt in EXAFS region: 0.0 
#
# User Comment:
# 50oC
#
#
# Amplifier Sensitivities:
# Preslit: 20 nA/V  I0: 20 nA/V  I: 100 pA/V  IREF: 50 pA/V  
#
# Analog Input Voltages at start/end of scan:
# Preslit: 0.033/0.032  I0: 0.548/0.327  Ignore: 0.015/0.008  I: 0.833/0.645  IREF: 0.232/0.137  
#
# Mono Info:
# 
#
# ID Info:
# 
#
# Slit Info:
# Kappa S1:  Center is at -542 (H), 500 (V)   Size is 8000 wide x 2000 high
# Vacuum Slits:  Center is at 850 (H), -25 (V)   Size is 899 wide x 1000 high
#
# Motor Positions:
# SMV (20bm:m29): -37594.243125 SMH (20bm:m30): 4802.187500 
#
# Detector Names/PVs:
# I0/20bm:scaler1_netA.C  I/20bm:scaler1_netA.E  IREF/20bm:scaler1_netA.F  
#
# Positioner names/Drive PVs/Readback PVs:
# Mono Energy */20bm:monoE.VAL/20bm:EnctoE.VAL  Scaler preset time */20bm:scaler1.TP/  
# Here is a readable list of column headings:
#  1) Mono Energy *        
#  2) Scaler preset time * 
#  3) I0                   
#  4) I                    
#  5) IREF                 
#
# Column Headings:
#Mono Energy *        Scaler preset time * I0                   I                    IREF                 
        4865.40090888            0.50000000        22359.39453125        36727.19531250         5167.99414062 
        4870.45719986            0.50000000        22192.39453125        36815.19531250         5154.99414062 
        4875.46271053            0.50000000        22106.39453125        36942.19531250         5095.99414062 
        4880.54201781            0.50000000        21919.39453125        36907.19531250         4988.99414062 
        4885.58478858            0.50000000        21764.39453125        36985.19531250         4850.99414062 
        4890.57142068            0.50000000        21683.39453125        37284.19531250         4807.99414062 
        4895.66602039            0.50000000        21559.39453125        37341.19531250         4728.99414062 
        4900.77713326            0.50000000        21451.39453125        37528.19531250         4700.99414062 
        4905.80760651            0.50000000        21356.39453125        37686.19531250         4685.99414062 
        4910.81531763            0.50000000        21281.39453125        37937.19531250         4617.99414062 
        4915.83425465            0.50000000        20983.39453125        37873.19531250         4463.99414062 
        4920.85956013            0.50000000        21014.39453125        38348.19531250         4536.99414062 
        4925.89123776            0.50000000        20896.39453125        38620.19531250         4474.99414062 
        4930.90471187            0.50000000        20844.39453125        38920.19531250         4500.99414062 
        4935.97372402            0.50000000        20728.39453125        39139.19531250         4457.99414062 
        4936.48618139            0.50000000        20837.39453125        39512.19531250         4500.99414062 
        4936.95439338            0.50000000        20881.39453125        39541.19531250         4511.99414062 
        4937.44735323            0.50000000        20856.39453125        39594.19531250         4515.99414062 
        4937.92562734            0.50000000        20670.39453125        39255.19531250         4447.99414062 
        4938.44346116            0.50000000        20788.39453125        39441.19531250         4485.99414062 
        4938.95154708            0.50000000        20784.39453125        39545.19531250         4461.99414062 
        4939.44987848            0.50000000        20757.39453125        39595.19531250         4465.99414062 
        4939.99767669            0.50000000        20715.39453125        39505.19531250         4470.99414062 
        4940.47155546            0.50000000        20750.39453125        39662.19531250         4472.99414062 
        4940.98503651            0.50000000        20761.39453125        39840.19531250         4481.99414062 
        4941.45912280            0.50000000        20650.39453125        39625.19531250         4440.99414062 
        4941.95306866            0.50000000        20700.39453125        39721.19531250         4461.99414062 
        4942.43724054            0.50000000        20826.39453125        39991.19531250         4519.99414062 
        4942.98082257            0.50000000        20658.39453125        39751.19531250         4448.99414062 
        4943.47015837            0.50000000        20676.39453125        39816.19531250         4482.99414062 
        4944.02882287            0.50000000        20702.39453125        39923.19531250         4446.99414062 
        4944.47387584            0.50000000        20624.39453125        39794.19531250         4448.99414062 
        4945.00310856            0.50000000        20630.39453125        39806.19531250         4401.99414062 
        4945.46814437            0.50000000        20530.39453125        39732.19531250         4423.99414062 
        4945.96791726            0.50000000        20577.39453125        39831.19531250         4420.99414062 
        4946.43810164            0.50000000        20646.39453125        39880.19531250         4453.99414062 
        4946.99750107            0.50000000        20623.39453125        40077.19531250         4441.99414062 
        4947.48275614            0.50000000        20597.39453125        40023.19531250         4434.99414062 
        4948.05727444            0.50000000        20586.39453125        40055.19531250         4459.99414062 
        4948.48330474            0.50000000        20488.39453125        40012.19531250         4445.99414062 
        4949.02338881            0.50000000        20505.39453125        40065.19531250         4427.99414062 
        4949.48925307            0.50000000        20549.39453125        40218.19531250         4451.99414062 
        4949.99983162            0.50000000        20468.39453125        40060.19531250         4427.99414062 
        4950.44606265            0.50000000        20507.39453125        40172.19531250         4435.99414062 
        4951.02133482            0.50000000        20628.39453125        40395.19531250         4488.99414062 
        4951.49257193            0.50000000        20450.39453125        40134.19531250         4425.99414062 
        4952.09292143            0.50000000        20558.39453125        40391.19531250         4460.99414062 
        4952.49489735            0.50000000        20597.39453125        40436.19531250         4469.99414062 
        4953.04090498            0.50000000        20553.39453125        40336.19531250         4464.99414062 
        4953.49270183            0.50000000        20574.39453125        40558.19531250         4445.99414062 
        4954.00915160            0.50000000        20518.39453125        40519.19531250         4450.99414062 
        4954.45617444            0.50000000        20511.39453125        40492.19531250         4472.99414062 
        4955.02749883            0.50000000        20608.39453125        40736.19531250         4473.99414062 
        4955.49957126            0.50000000        20406.39453125        40462.19531250         4426.99414062 
        4956.09104303            0.50000000        20525.39453125        40713.19531250         4450.99414062 
        4956.49870177            0.50000000        20331.39453125        40394.19531250         4414.99414062 
        4957.04567635            0.50000000        20425.39453125        40576.19531250         4441.99414062 
        4957.49827339            0.50000000        20432.39453125        40576.19531250         4440.99414062 
        4958.02558841            0.50000000        20463.39453125        40725.19531250         4411.99414062 
        4958.45350026            0.50000000        20406.39453125        40655.19531250         4406.99414062 
        4959.02583431            0.50000000        20456.39453125        40858.19531250         4424.99414062 
        4959.49874109            0.50000000        20317.39453125        40622.19531250         4384.99414062 
        4960.08627857            0.50000000        20412.39453125        40895.19531250         4411.99414062 
        4960.49465706            0.50000000        20364.39453125        40770.19531250         4404.99414062 
        4961.04259746            0.50000000        20534.39453125        41135.19531250         4442.99414062 
        4961.49599375            0.50000000        20243.39453125        40693.19531250         4371.99414062 
        4962.03420815            0.50000000        20490.39453125        41096.19531250         4430.99414062 
        4962.45290771            0.50000000        20236.39453125        40714.19531250         4308.99414062 
        4963.03123900            0.50000000        20470.39453125        41171.19531250         4393.99414062 
        4963.50498227            0.50000000        20194.39453125        40669.19531250         4285.99414062 
        4964.09854770            0.50000000        20272.39453125        40843.19531250         4255.99414062 
        4964.49268115            0.50000000        20200.39453125        40851.19531250         4174.99414062 
        4965.03659796            0.50000000        20294.39453125        40940.19531250         4085.99438477 
        4965.49079356            0.50000000        20183.39453125        40927.19531250         3851.99438477 
        4966.02496404            0.50000000        20269.39453125        41075.19531250         3365.99438477 
        4966.44440095            0.50000000        20125.39453125        40823.19531250         2682.99438477 
        4967.02874585            0.50000000        20212.39453125        40847.19531250         2350.99438477 
        4967.49333247            0.50000000        20099.39453125        40700.19531250         2464.99438477 
        4968.09293960            0.50000000        20164.39453125        40618.19531250         2809.99438477 
        4968.48276917            0.50000000        20067.39453125        40461.19531250         2886.99438477 
        4969.03264258            0.50000000        20174.39453125        40306.19531250         2888.99438477 
        4969.47763762            0.50000000        20100.39453125        40168.19531250         2746.99438477 
        4970.02275036            0.50000000        20146.39453125        39991.19531250         2620.99438477 
        4970.43292141            0.50000000        20064.39453125        39796.19531250         2506.99438477 
        4971.02329755            0.50000000        20122.39453125        39609.19531250         2400.99438477 
        4971.48369726            0.50000000        20005.39453125        39714.19531250         2331.99438477 
        4972.08435884            0.50000000        20098.39453125        40010.19531250         2353.99438477 
        4972.46986700            0.50000000        20025.39453125        40099.19531250         2315.99438477 
        4973.02571462            0.50000000        20061.39453125        40060.19531250         2230.99438477 
        4973.47650169            0.50000000        19980.39453125        39964.19531250         2092.99438477 
        4974.01255376            0.50000000        20078.39453125        39655.19531250         2015.99438477 
        4974.42344557            0.50000000        19971.39453125        39019.19531250         1895.99438477 
        4975.01987187            0.50000000        20004.39453125        38206.19531250         1769.99438477 
        4975.48108179            0.50000000        19897.39453125        37330.19531250         1688.99438477 
        4976.06775561            0.50000000        20105.39453125        36817.19531250         1594.99438477 
        4976.46397139            0.50000000        19858.39453125        35886.19531250         1501.99438477 
        4977.02079626            0.50000000        20070.39453125        35788.19531250         1480.99438477 
        4977.47739399            0.50000000        19880.39453125        35043.19531250         1383.99438477 
        4978.00937062            0.50000000        20052.39453125        35021.19531250         1374.99438477 
        4978.42098503            0.50000000        19838.39453125        34413.19531250         1280.99438477 
        4979.00841742            0.50000000        19969.39453125        34459.19531250         1288.99438477 
        4979.48048149            0.50000000        19883.39453125        34012.19531250         1235.99438477 
        4980.07321115            0.50000000        19980.39453125        33879.19531250         1214.99438477 
        4980.47012488            0.50000000        19783.39453125        33295.19531250         1159.99438477 
        4981.02793070            0.50000000        19801.39453125        32786.19531250         1139.99438477 
        4981.48030601            0.50000000        19824.39453125        32347.19335937         1130.99438477 
        4982.00316272            0.50000000        19779.39453125        31643.19335937         1091.99438477 
        4982.42555769            0.50000000        19771.39453125        30877.19335937         1078.99438477 
        4983.00899379            0.50000000        19865.39453125        29918.19335937         1076.99438477 
        4983.47685652            0.50000000        19731.39453125        28868.19335937         1038.99438477 
        4984.05049674            0.50000000        19778.39453125        27642.19335937         1027.99438477 
        4984.46823792            0.50000000        19711.39453125        26685.19335937         1022.99432373 
        4985.01191939            0.50000000        19733.39453125        25742.19335937          994.99432373 
        4985.47012205            0.50000000        19676.39453125        24944.19335937          977.99432373 
        4985.98885815            0.50000000        19645.39453125        24367.19335937          963.99432373 
        4986.42710584            0.50000000        19746.39453125        24164.19335937          983.99432373 
        4986.99644987            0.50000000        19666.39453125        23827.19335937          972.99432373 
        4987.47017180            0.50000000        19600.39453125        23652.19335937          962.99432373 
        4988.04985905            0.50000000        19729.39453125        23840.19335937          975.99432373 
        4988.46833355            0.50000000        19535.39453125        23809.19335937          969.99432373 
        4989.00288250            0.50000000        19627.39453125        24265.19335937          977.99432373 
        4989.46693217            0.50000000        19521.39453125        24495.19335937          947.99432373 
        4989.97144103            0.50000000        19503.39453125        24999.19335937          947.99432373 
        4990.42054772            0.50000000        19508.39453125        25531.19335937          963.99432373 
        4990.99088918            0.50000000        19480.39453125        26060.19335937          979.99432373 
        4991.46544110            0.50000000        19396.39453125        26381.19335937          988.99432373 
        4992.02594326            0.50000000        19432.39453125        26964.19335937          997.99432373 
        4992.46535196            0.50000000        19398.39453125        27273.19335937          994.99432373 
        4992.99073309            0.50000000        19364.39453125        27615.19335937          981.99432373 
        4993.46064743            0.50000000        19348.39453125        27749.19335937         1013.99432373 
        4993.94582171            0.50000000        19301.39453125        27792.19335937          993.99432373 
        4994.42604354            0.50000000        19290.39453125        27908.19335937         1016.99432373 
        4994.97210255            0.50000000        19411.39453125        27980.19335937          979.99432373 
        4995.45254013            0.50000000        19378.39453125        27943.19335937          997.99432373 
        4996.00390349            0.50000000        19185.39453125        27545.19335937          953.99432373 
        4996.47949797            0.50000000        19333.39453125        27643.19335937          986.99432373 
        4996.97543589            0.50000000        19319.39453125        27487.19335937          975.99432373 
        4997.46135696            0.50000000        19147.39453125        27074.19335937          945.99432373 
        4997.93219149            0.50000000        19227.39453125        26968.19335937          924.99432373 
        4998.44870213            0.50000000        19149.39453125        26605.19335937          930.99432373 
        4998.95519838            0.50000000        19076.39453125        26257.19335937          910.99432373 
        4999.45674017            0.50000000        19229.39453125        26267.19335937          919.99432373 
        4999.99386642            0.50000000        19234.39453125        26138.19335937          900.99432373 
        5000.49056706            0.50000000        19172.39453125        26003.19335937          888.99432373 
        5000.97216550            0.50000000        19054.39453125        25764.19335937          864.99432373 
        5001.47414964            0.50000000        19242.39453125        26008.19335937          892.99432373 
        5001.93059442            0.50000000        19129.39453125        26080.19335937          862.99432373 
        5002.45308181            0.50000000        19113.39453125        26097.19335937          848.99432373 
        5002.92494474            0.50000000        19005.39453125        26122.19335937          852.99432373 
        5003.46288562            0.50000000        19106.39453125        26545.19335937          870.99432373 
        5003.97049288            0.50000000        18891.39453125        26463.19335937          853.99432373 
        5004.50360162            0.50000000        18971.39453125        26916.19335937          865.99432373 
        5004.94541431            0.50000000        18887.39453125        27067.19335937          845.99432373 
        5005.46859010            0.50000000        19017.39453125        27543.19335937          885.99432373 
        5005.91566990            0.50000000        18853.39453125        27638.19335937          877.99432373 
        5007.59299644            0.50000000        18845.39453125        28743.19335937          890.99432373 
        5009.39367596            0.50000000        18808.39453125        29486.19335937          894.99432373 
        5011.19577056            0.50000000        18643.39453125        29738.19335937          921.99432373 
        5013.01966861            0.50000000        18594.39453125        29844.19335937          926.99432373 
        5014.83481572            0.50000000        18466.39453125        29620.19335937          917.99432373 
        5016.80965250            0.50000000        18446.39453125        29530.19335937          946.99432373 
        5018.74531260            0.50000000        18373.39453125        29662.19335937          958.99432373 
        5020.78999541            0.50000000        18300.39453125        29902.19335937          954.99432373 
        5022.77507644            0.50000000        18239.39453125        30153.19335937          950.99432373 
        5024.86433048            0.50000000        18124.39453125        30321.19335937          951.99432373 
        5026.90420627            0.50000000        18050.39453125        30297.19335937          937.99432373 
        5029.04853562            0.50000000        17836.39453125        29895.19335937          929.99432373 
        5031.18972547            0.50000000        17860.39453125        29875.19335937          887.99432373 
        5033.45117307            0.50000000        17812.39453125        29683.19335937          875.99432373 
        5035.73028197            0.50000000        17686.39453125        29214.19335937          821.99432373 
        5038.00133939            0.50000000        17644.39453125        28813.19335937          774.99432373 
        5040.24884603            0.50000000        17402.39453125        28317.19335937          770.99432373 
        5042.63792945            0.50000000        17431.39453125        28454.19335937          743.99432373 
        5045.09667002            0.50000000        17280.39453125        28480.19335937          767.99432373 
        5047.43386256            0.50000000        17211.39453125        28684.19335937          755.99432373 
        5049.97021416            0.50000000        17223.39453125        28938.19335937          774.99432373 
        5052.42120817            0.50000000        16953.39453125        28678.19335937          772.99432373 
        5054.93707924            0.50000000        16886.39453125        28818.19335937          799.99432373 
        5057.56999460            0.50000000        16742.39453125        28820.19335937          806.99432373 
        5060.15388267            0.50000000        16694.39453125        29036.19335937          833.99432373 
        5062.78231218            0.50000000        16570.39453125        29165.19335937          818.99432373 
        5065.55449286            0.50000000        16509.39453125        29253.19335937          828.99432373 
        5068.26212267            0.50000000        16380.39355469        29311.19335937          854.99432373 
        5071.06698117            0.50000000        16011.39355469        28972.19335937          821.99432373 
        5073.95894866            0.50000000        16122.39355469        29443.19335937          851.99432373 
        5076.78116247            0.50000000        15894.39355469        29383.19335937          815.99432373 
        5079.66450037            0.50000000        15596.39355469        29098.19335937          789.99432373 
        5082.70897868            0.50000000        15575.39355469        29409.19335937          778.99432373 
        5085.72061903            0.50000000        15293.39355469        29195.19335937          740.99432373 
        5088.70455233            0.50000000        15439.39355469        29676.19335937          716.99432373 
        5091.82939699            0.50000000        15202.39355469        29497.19335937          703.99432373 
        5094.95314296            0.50000000        14985.39355469        29347.19335937          688.99432373 
        5098.06520289            0.50000000        14911.39355469        29432.19335937          711.99432373 
        5101.23434648            0.50000000        14754.39355469        29571.19335937          753.99432373 
        5104.50851173            0.50000000        14643.39355469        29711.19335937          789.99432373 
        5107.78725428            0.50000000        14540.39355469        29803.19335937          798.99432373 
        5111.07058345            0.50000000        14570.39355469        30130.19335937          783.99432373 
        5114.39577678            0.50000000        14446.39355469        29946.19335937          812.99432373 
        5117.77366549            0.50000000        14189.39355469        29775.19335937          805.99432373 
        5121.17776897            0.50000000        13864.39355469        29353.19335937          795.99432373 
        5124.60819017            0.50000000        13823.39355469        29411.19335937          794.99432373 
        5128.08645346            0.50000000        13902.39355469        29887.19335937          843.99432373 
        5131.60739622            0.50000000        13661.39355469        29649.19335937          805.99432373 
        5135.13897069            0.50000000        13475.39355469        29653.19335937          794.99432373 
        5138.71886720            0.50000000        13295.39355469        29460.19335937          777.99432373 
        5142.41733236            0.50000000        13218.39355469        29600.19335937          778.99432373 
        5145.98668794            0.50000000        12767.39355469        29001.19335937          747.99432373 
        5149.70193983            0.50000000        12726.39355469        29274.19335937          731.99432373 
        5153.42843777            0.50000000        12613.39355469        29198.19335937          731.99432373 
        5157.17706334            0.50000000        12339.39355469        29095.19335937          747.99432373 
        5161.03478849            0.50000000        12200.39355469        29191.19335937          744.99432373 
        5164.84983618            0.50000000        11990.39355469        29086.19335937          749.99432373 
        5168.74728178            0.50000000        11873.39355469        29154.19335937          763.99432373 
        5172.69477363            0.50000000        11560.39355469        28749.19335937          761.99432373 
        5176.54496650            0.50000000        11324.39355469        28685.19335937          767.99432373 
        5180.55467736            0.50000000         9291.39355469        23895.19335937          702.99432373 
        5184.54371529            0.50000000        11190.39355469        28966.19335937          831.99432373 
        5188.53942501            0.50000000        10918.39355469        28765.19335937          810.99432373 
        5192.70139770            0.50000000        10640.39355469        28267.19335937          799.99432373 
        5196.82652178            0.50000000        10300.39355469        27664.19335937          783.99432373 
        5200.94219583            0.50000000        10062.39355469        27481.19335937          754.99432373 
        5205.14791567            0.50000000         9782.39355469        26936.19335937          743.99432373 
        5208.92330839            0.50000000         9326.39355469        25945.19335937          727.99432373 
