# 1-D Scan File created by LabVIEW Control Panel  12/6/2011  12:11:15 AM; Scan time 0 hrs 4 min 28 sec. 
#
# Beamline 20 BM
#
# Scan config: 
#                 E0: 4966.00 eV   223 points
#        Scan bounds:  -100.00 -30.00 40.00 243.35 (7.99 (k))
#       Scan step(s):  5.00 0.50 0.07
#  Integration times:  0.50 0.50 0.50    kwgt in EXAFS region: 0.0 
#
# User Comment:
# 50oC
#
#
# Amplifier Sensitivities:
# Preslit: 20 nA/V  I0: 20 nA/V  I: 100 pA/V  IREF: 50 pA/V  
#
# Analog Input Voltages at start/end of scan:
# Preslit: 0.032/0.031  I0: 0.633/0.385  Ignore: 0.017/0.011  I: 0.876/0.781  IREF: 0.234/0.142  
#
# Mono Info:
# 
#
# ID Info:
# 
#
# Slit Info:
# Kappa S1:  Center is at -542 (H), 500 (V)   Size is 8000 wide x 2000 high
# Vacuum Slits:  Center is at 850 (H), -25 (V)   Size is 899 wide x 1000 high
#
# Motor Positions:
# SMV (20bm:m29): -37594.243125 SMH (20bm:m30): 4802.187500 
#
# Detector Names/PVs:
# I0/20bm:scaler1_netA.C  I/20bm:scaler1_netA.E  IREF/20bm:scaler1_netA.F  
#
# Positioner names/Drive PVs/Readback PVs:
# Mono Energy */20bm:monoE.VAL/20bm:EnctoE.VAL  Scaler preset time */20bm:scaler1.TP/  
# Here is a readable list of column headings:
#  1) Mono Energy *        
#  2) Scaler preset time * 
#  3) I0                   
#  4) I                    
#  5) IREF                 
#
# Column Headings:
#Mono Energy *        Scaler preset time * I0                   I                    IREF                 
        4865.41522989            0.50000000        26723.39453125        38745.19531250         5427.99414062 
        4870.46676900            0.50000000        26622.39453125        38975.19531250         5472.99414062 
        4875.48189209            0.50000000        26519.39453125        39109.19531250         5359.99414062 
        4880.55163053            0.50000000        26396.39453125        39342.19531250         5282.99414062 
        4885.60405772            0.50000000        26222.39453125        39414.19531250         5220.99414062 
        4890.60038926            0.50000000        26189.39453125        39744.19531250         5181.99414062 
        4895.68537692            0.50000000        26106.39453125        39994.19531250         5121.99414062 
        4900.79653417            0.50000000        26025.39453125        40303.19531250         5022.99414062 
        4905.82218997            0.50000000        25932.39453125        40515.19531250         5019.99414062 
        4910.83480583            0.50000000        25817.39453125        40769.19531250         4983.99414062 
        4915.84402059            0.50000000        25498.39453125        40754.19531250         4842.99414062 
        4920.86934797            0.50000000        25638.39453125        41420.19531250         4902.99414062 
        4925.90104755            0.50000000        25486.39453125        41681.19531250         4877.99414062 
        4930.90962771            0.50000000        25428.39453125        42109.19531250         4839.99414062 
        4935.96879711            0.50000000        25368.39453125        42435.19531250         4868.99414062 
        4936.48618139            0.50000000        25458.39453125        42698.19531250         4833.99414062 
        4936.95439338            0.50000000        25462.39453125        42694.19531250         4862.99414062 
        4937.45228338            0.50000000        25434.39453125        42705.19531250         4868.99414062 
        4937.93548973            0.50000000        25342.39453125        42630.19531250         4806.99414062 
        4938.44346116            0.50000000        25379.39453125        42620.19531250         4838.99414062 
        4938.95648052            0.50000000        25408.39453125        42813.19531250         4852.99414062 
        4939.44987848            0.50000000        25365.39453125        42839.19531250         4860.99414062 
        4940.00261241            0.50000000        25357.39453125        42784.19531250         4844.99414062 
        4940.47649222            0.50000000        25405.39453125        42977.19531250         4848.99414062 
        4940.98503651            0.50000000        25373.39453125        42976.19531250         4851.99414062 
        4941.45912280            0.50000000        25217.39453125        42885.19531250         4797.99414062 
        4941.95800866            0.50000000        25299.39453125        43010.19531250         4820.99414062 
        4942.44218161            0.50000000        25368.39453125        43160.19531250         4909.99414062 
        4942.98576482            0.50000000        25247.39453125        42998.19531250         4814.99414062 
        4943.47015837            0.50000000        25248.39453125        43015.19531250         4844.99414062 
        4944.02882287            0.50000000        25297.39453125        43167.19531250         4852.99414062 
        4944.47882136            0.50000000        25181.39453125        42998.19531250         4831.99414062 
        4945.00805525            0.50000000        25233.39453125        43204.19531250         4841.99414062 
        4945.47803978            0.50000000        25128.39453125        43027.19531250         4778.99414062 
        4945.97286606            0.50000000        25133.39453125        43093.19531250         4809.99414062 
        4946.44305147            0.50000000        25248.39453125        43200.19531250         4846.99414062 
        4947.00245213            0.50000000        25190.39453125        43341.19531250         4872.99414062 
        4947.48770826            0.50000000        25220.39453125        43419.19531250         4874.99414062 
        4948.06222782            0.50000000        25194.39453125        43529.19531250         4890.99414062 
        4948.48825905            0.50000000        25125.39453125        43454.19531250         4820.99414062 
        4949.02834431            0.50000000        25094.39453125        43392.19531250         4816.99414062 
        4949.48925307            0.50000000        25191.39453125        43631.19531250         4836.99414062 
        4949.99983162            0.50000000        25145.39453125        43628.19531250         4851.99414062 
        4950.45597990            0.50000000        25144.39453125        43653.19531250         4812.99414062 
        4951.02133482            0.50000000        25287.39453125        43897.19531250         4887.99414062 
        4951.49257193            0.50000000        25149.39453125        43707.19531250         4827.99414062 
        4952.09292143            0.50000000        25202.39453125        43853.19531250         4906.99414062 
        4952.48993425            0.50000000        25208.39453125        43874.19531250         4884.99414062 
        4953.04090498            0.50000000        25196.39453125        43936.19531250         4882.99414062 
        4953.49270183            0.50000000        25177.39453125        43924.19531250         4878.99414062 
        4954.01411803            0.50000000        25134.39453125        43969.19531250         4849.99414062 
        4954.45617444            0.50000000        25114.39453125        43947.19531250         4843.99414062 
        4955.02749883            0.50000000        25238.39453125        44255.19531250         4883.99414062 
        4955.49957126            0.50000000        25024.39453125        43956.19531250         4824.99414062 
        4956.09104303            0.50000000        25218.39453125        44361.19531250         4854.99414062 
        4956.50367367            0.50000000        24939.39453125        43848.19531250         4761.99414062 
        4957.04567635            0.50000000        25091.39453125        44183.19531250         4833.99414062 
        4957.50324748            0.50000000        25049.39453125        44098.19531250         4796.99414062 
        4958.03553893            0.50000000        25036.39453125        44122.19531250         4802.99414062 
        4958.45847645            0.50000000        25051.39453125        44194.19531250         4799.99414062 
        4959.03081176            0.50000000        25078.39453125        44423.19531250         4810.99414062 
        4959.50371958            0.50000000        24997.39453125        44268.19531250         4796.99414062 
        4960.09125835            0.50000000        25044.39453125        44420.19531250         4814.99414062 
        4960.50959913            0.50000000        24981.39453125        44368.19531250         4807.99414062 
        4961.04259746            0.50000000        25189.39453125        44792.19531250         4875.99414062 
        4961.49599375            0.50000000        24874.39453125        44265.19531250         4742.99414062 
        4962.03420815            0.50000000        25203.39453125        44839.19531250         4794.99414062 
        4962.45290771            0.50000000        24857.39453125        44362.19531250         4718.99414062 
        4963.03622526            0.50000000        25148.39453125        44862.19531250         4802.99414062 
        4963.50498227            0.50000000        24829.39453125        44415.19531250         4695.99414062 
        4964.10353630            0.50000000        24897.39453125        44554.19531250         4640.99414062 
        4964.49767062            0.50000000        24805.39453125        44507.19531250         4560.99414062 
        4965.04158863            0.50000000        24932.39453125        44693.19531250         4460.99414062 
        4965.49079356            0.50000000        24793.39453125        44528.19531250         4186.99414062 
        4966.02995688            0.50000000        24918.39453125        44757.19531250         3679.99438477 
        4966.44440095            0.50000000        24813.39453125        44593.19531250         2943.99438477 
        4967.02874585            0.50000000        24917.39453125        44741.19531250         2581.99438477 
        4967.49832854            0.50000000        24759.39453125        44413.19531250         2679.99438477 
        4968.09293960            0.50000000        24819.39453125        44401.19531250         3073.99438477 
        4968.48276917            0.50000000        24763.39453125        44260.19531250         3161.99438477 
        4969.03264258            0.50000000        24859.39453125        44128.19531250         3153.99438477 
        4969.47763762            0.50000000        24721.39453125        43782.19531250         3002.99438477 
        4970.01774873            0.50000000        24816.39453125        43785.19531250         2861.99438477 
        4970.43292141            0.50000000        24723.39453125        43415.19531250         2761.99438477 
        4971.02329755            0.50000000        24814.39453125        43471.19531250         2668.99438477 
        4971.48870211            0.50000000        24648.39453125        43399.19531250         2623.99438477 
        4972.08435884            0.50000000        24913.39453125        44005.19531250         2625.99438477 
        4972.46986700            0.50000000        24807.39453125        44052.19531250         2583.99438477 
        4973.02571462            0.50000000        24860.39453125        44063.19531250         2461.99438477 
        4973.47650169            0.50000000        24739.39453125        43751.19531250         2360.99438477 
        4974.01255376            0.50000000        24852.39453125        43570.19531250         2263.99438477 
        4974.42845690            0.50000000        24758.39453125        42930.19531250         2118.99438477 
        4975.01987187            0.50000000        24822.39453125        41961.19531250         2002.99438477 
        4975.47606813            0.50000000        24717.39453125        41022.19531250         1889.99438477 
        4976.07277057            0.50000000        24937.39453125        40421.19531250         1805.99438477 
        4976.46397139            0.50000000        24667.39453125        39358.19531250         1702.99438477 
        4977.01577921            0.50000000        24931.39453125        39322.19531250         1652.99438477 
        4977.47237593            0.50000000        24632.39453125        38440.19531250         1572.99438477 
        4978.00937062            0.50000000        24829.39453125        38375.19531250         1553.99438477 
        4978.42098503            0.50000000        24533.39453125        37646.19531250         1474.99438477 
        4979.00841742            0.50000000        24709.39453125        37644.19531250         1415.99438477 
        4979.48550398            0.50000000        24589.39453125        37219.19531250         1406.99438477 
        4980.07321115            0.50000000        24764.39453125        37250.19531250         1359.99438477 
        4980.47012488            0.50000000        24604.39453125        36641.19531250         1338.99438477 
        4981.02793070            0.50000000        24600.39453125        36161.19531250         1308.99438477 
        4981.48030601            0.50000000        24621.39453125        35641.19531250         1289.99438477 
        4982.00819077            0.50000000        24553.39453125        34807.19531250         1263.99438477 
        4982.42555769            0.50000000        24580.39453125        34019.19531250         1218.99438477 
        4983.00899379            0.50000000        24615.39453125        32852.19531250         1199.99438477 
        4983.47685652            0.50000000        24506.39453125        31666.19335937         1177.99438477 
        4984.05049674            0.50000000        24607.39453125        30409.19335937         1169.99438477 
        4984.46823792            0.50000000        24539.39453125        29287.19335937         1144.99438477 
        4985.00688471            0.50000000        24524.39453125        28227.19335937         1125.99438477 
        4985.46508635            0.50000000        24508.39453125        27499.19335937         1138.99438477 
        4985.98382131            0.50000000        24469.39453125        26735.19335937         1104.99438477 
        4986.42710584            0.50000000        24557.39453125        26541.19335937         1119.99438477 
        4987.00148895            0.50000000        24467.39453125        26179.19335937         1114.99438477 
        4987.47017180            0.50000000        24430.39453125        26051.19335937         1096.99438477 
        4988.05490045            0.50000000        24532.39453125        26278.19335937         1117.99438477 
        4988.46833355            0.50000000        24338.39453125        26238.19335937         1128.99438477 
        4989.00288250            0.50000000        24414.39453125        26786.19335937         1124.99438477 
        4989.47197671            0.50000000        24307.39453125        27055.19335937         1112.99438477 
        4989.97648668            0.50000000        24317.39453125        27665.19335937         1095.99438477 
        4990.42054772            0.50000000        24294.39453125        28166.19335937         1124.99438477 
        4990.99088918            0.50000000        24277.39453125        28855.19335937         1138.99438477 
        4991.46544110            0.50000000        24247.39453125        29298.19335937         1146.99438477 
        4992.02594326            0.50000000        24270.39453125        29964.19335937         1149.99438477 
        4992.46535196            0.50000000        24185.39453125        30244.19335937         1149.99438477 
        4992.99578542            0.50000000        24147.39453125        30497.19335937         1139.99438477 
        4993.46570080            0.50000000        24245.39453125        30847.19335937         1164.99438477 
        4993.95087615            0.50000000        24102.39453125        30825.19335937         1134.99438477 
        4994.43109904            0.50000000        24131.39453125        30917.19335937         1148.99438477 
        4994.97715927            0.50000000        24266.39453125        31059.19335937         1168.99438477 
        4995.45759791            0.50000000        24176.39453125        30959.19335937         1146.99438477 
        4996.01402149            0.50000000        24061.39453125        30689.19335937         1115.99438477 
        4996.48455802            0.50000000        24199.39453125        30716.19335937         1114.99438477 
        4996.98555820            0.50000000        24166.39453125        30522.19335937         1108.99438477 
        4997.46135696            0.50000000        23989.39453125        30056.19335937         1079.99438477 
        4997.93725475            0.50000000        24120.39453125        29983.19335937         1089.99438477 
        4998.44870213            0.50000000        24012.39453125        29570.19335937         1059.99438477 
        4998.96026391            0.50000000        23867.39453125        29115.19335937         1041.99438477 
        4999.45674017            0.50000000        24061.39453125        29135.19335937         1036.99438477 
        4999.99893425            0.50000000        24062.39453125        28981.19335937         1035.99438477 
        5000.49056706            0.50000000        23995.39453125        28843.19335937         1022.99432373 
        5000.97216550            0.50000000        23959.39453125        28789.19335937          993.99432373 
        5001.47414964            0.50000000        24097.39453125        28957.19335937         1012.99432373 
        5001.93059442            0.50000000        24022.39453125        28995.19335937          978.99432373 
        5002.45308181            0.50000000        23952.39453125        29067.19335937         1003.99432373 
        5002.93001906            0.50000000        23803.39453125        29094.19335937          966.99432373 
        5003.46288562            0.50000000        23939.39453125        29558.19335937          983.99432373 
        5003.98064617            0.50000000        23744.39453125        29511.19335937          949.99432373 
        5004.50360162            0.50000000        23866.39453125        30036.19335937          981.99432373 
        5004.95049312            0.50000000        23762.39453125        30259.19335937          953.99432373 
        5005.47367006            0.50000000        23929.39453125        30790.19335937          996.99432373 
        5005.91566990            0.50000000        23719.39453125        30891.19335937          984.99432373 
        5007.59299644            0.50000000        23785.39453125        32209.19335937         1019.99432373 
        5009.39876463            0.50000000        23720.39453125        32991.19531250         1043.99438477 
        5011.19577056            0.50000000        23529.39453125        33304.19531250         1056.99438477 
        5013.01966861            0.50000000        23418.39453125        33398.19531250         1055.99438477 
        5014.82971498            0.50000000        23298.39453125        33162.19531250         1059.99438477 
        5016.80965250            0.50000000        23308.39453125        33121.19531250         1041.99438477 
        5018.74531260            0.50000000        23192.39453125        33223.19531250         1067.99438477 
        5020.78999541            0.50000000        23164.39453125        33574.19531250         1078.99438477 
        5022.78019484            0.50000000        23205.39453125        34078.19531250         1073.99438477 
        5024.86945353            0.50000000        23004.39453125        34060.19531250         1080.99438477 
        5026.90933386            0.50000000        22957.39453125        34159.19531250         1062.99438477 
        5029.05880037            0.50000000        22751.39453125        33795.19531250         1038.99438477 
        5031.19999976            0.50000000        22811.39453125        33870.19531250         1030.99438477 
        5033.47174186            0.50000000        22717.39453125        33554.19531250          989.99432373 
        5035.74057651            0.50000000        22605.39453125        33041.19531250          930.99432373 
        5038.01164406            0.50000000        22545.39453125        32629.19335937          917.99432373 
        5040.26947548            0.50000000        22359.39453125        32226.19335937          890.99432373 
        5042.64825482            0.50000000        22375.39453125        32361.19335937          880.99432373 
        5045.11217458            0.50000000        22239.39453125        32482.19335937          854.99432373 
        5047.45455623            0.50000000        22173.39453125        32689.19335937          859.99432373 
        5049.98575141            0.50000000        22114.39453125        32888.19531250          875.99432373 
        5052.43676187            0.50000000        21759.39453125        32550.19335937          889.99432373 
        5054.95784006            0.50000000        21752.39453125        32807.19531250          951.99432373 
        5057.58038677            0.50000000        21630.39453125        32934.19531250          951.99432373 
        5060.17469022            0.50000000        21571.39453125        33242.19531250          957.99432373 
        5062.79793550            0.50000000        21417.39453125        33310.19531250          971.99432373 
        5065.57013484            0.50000000        21342.39453125        33533.19531250          963.99432373 
        5068.27256280            0.50000000        21166.39453125        33500.19531250          968.99432373 
        5071.08266027            0.50000000        20775.39453125        33208.19531250          974.99432373 
        5073.96941438            0.50000000        20990.39453125        33904.19531250          993.99432373 
        5076.79164087            0.50000000        20722.39453125        33918.19531250          940.99432373 
        5079.68548317            0.50000000        20336.39453125        33516.19531250          905.99432373 
        5082.72473631            0.50000000        20462.39453125        34074.19531250          906.99432373 
        5085.73639701            0.50000000        20267.39453125        34123.19531250          857.99432373 
        5088.72561655            0.50000000        20339.39453125        34559.19531250          838.99432373 
        5091.85576252            0.50000000        20119.39453125        34451.19531250          829.99432373 
        5094.97954372            0.50000000        19875.39453125        34328.19531250          807.99432373 
        5098.08106438            0.50000000        19858.39453125        34620.19531250          837.99432373 
        5101.25552379            0.50000000        19670.39453125        34680.19531250          871.99432373 
        5104.52971864            0.50000000        19479.39453125        34847.19531250          897.99432373 
        5107.80849085            0.50000000        19381.39453125        34975.19531250          924.99432373 
        5111.08653314            0.50000000        19393.39453125        35285.19531250          937.99432373 
        5114.41174906            0.50000000        19218.39453125        35142.19531250          936.99432373 
        5117.78966073            0.50000000        18880.39453125        34814.19531250          926.99432373 
        5121.18844788            0.50000000        18602.39453125        34597.19531250          928.99432373 
        5124.61888465            0.50000000        18432.39453125        34522.19531250          946.99432373 
        5128.09716373            0.50000000        18574.39453125        35082.19531250          966.99432373 
        5131.62348564            0.50000000        18279.39453125        34900.19531250          934.99432373 
        5135.14971302            0.50000000        18068.39453125        34916.19531250          950.99432373 
        5138.72962582            0.50000000        17886.39453125        34886.19531250          923.99432373 
        5142.42272008            0.50000000        17859.39453125        35140.19531250          912.99432373 
        5145.98668794            0.50000000        17292.39453125        34534.19531250          881.99432373 
        5149.70193983            0.50000000        17241.39453125        34790.19531250          881.99432373 
        5153.42843777            0.50000000        17107.39453125        34880.19531250          872.99432373 
        5157.17706334            0.50000000        16825.39453125        34872.19531250          860.99432373 
        5161.03478849            0.50000000        16756.39453125        35087.19531250          906.99432373 
        5164.85527509            0.50000000        16355.39355469        34810.19531250          896.99432373 
        5168.74728178            0.50000000        16243.39355469        35044.19531250          917.99432373 
        5172.70023049            0.50000000        15978.39355469        35020.19531250          917.99432373 
        5176.54496650            0.50000000        15652.39355469        34741.19531250          946.99432373 
        5180.56015224            0.50000000        12923.39355469        29200.19335937          829.99432373 
        5184.54371529            0.50000000        15666.39355469        35536.19531250          977.99432373 
        5188.53942501            0.50000000        15315.39355469        35343.19531250          970.99432373 
        5192.70139770            0.50000000        14920.39355469        34817.19531250          944.99432373 
        5196.82652178            0.50000000        14638.39355469        34564.19531250          967.99432373 
        5200.94219583            0.50000000        14310.39355469        34209.19531250          947.99432373 
        5205.14238426            0.50000000        13979.39355469        33846.19531250          917.99432373 
        5208.92330839            0.50000000        13441.39355469        32927.19531250          895.99432373 
