# 1-D Scan File created by LabVIEW Control Panel  12/5/2011  9:50:41 PM; Scan time 0 hrs 4 min 28 sec. 
#
# Beamline 20 BM
#
# Scan config: 
#                 E0: 4966.00 eV   223 points
#        Scan bounds:  -100.00 -30.00 40.00 243.35 (7.99 (k))
#       Scan step(s):  5.00 0.50 0.07
#  Integration times:  0.50 0.50 0.50    kwgt in EXAFS region: 0.0 
#
# User Comment:
# 50oC
#
#
# Amplifier Sensitivities:
# Preslit: 20 nA/V  I0: 20 nA/V  I: 100 pA/V  IREF: 50 pA/V  
#
# Analog Input Voltages at start/end of scan:
# Preslit: 0.034/0.032  I0: 0.878/0.667  Ignore: 0.024/0.019  I: 0.969/1.187  IREF: 0.254/0.155  
#
# Mono Info:
# 
#
# ID Info:
# 
#
# Slit Info:
# Kappa S1:  Center is at -542 (H), 500 (V)   Size is 8000 wide x 2000 high
# Vacuum Slits:  Center is at 850 (H), -25 (V)   Size is 899 wide x 1000 high
#
# Motor Positions:
# SMV (20bm:m29): -37594.243125 SMH (20bm:m30): 4802.187500 
#
# Detector Names/PVs:
# I0/20bm:scaler1_netA.C  I/20bm:scaler1_netA.E  IREF/20bm:scaler1_netA.F  
#
# Positioner names/Drive PVs/Readback PVs:
# Mono Energy */20bm:monoE.VAL/20bm:EnctoE.VAL  Scaler preset time */20bm:scaler1.TP/  
# Here is a readable list of column headings:
#  1) Mono Energy *        
#  2) Scaler preset time * 
#  3) I0                   
#  4) I                    
#  5) IREF                 
#
# Column Headings:
#Mono Energy *        Scaler preset time * I0                   I                    IREF                 
        4865.42000357            0.50000000        39241.39453125        43530.19531250         6369.99414062 
        4870.48112279            0.50000000        39240.39453125        43856.19531250         6395.99414062 
        4875.49148293            0.50000000        39229.39453125        44233.19531250         6370.99414062 
        4880.57566252            0.50000000        39160.39453125        44598.19531250         6237.99414062 
        4885.62814438            0.50000000        39037.39453125        44809.19531250         6133.99414062 
        4890.61487369            0.50000000        39110.39453125        45292.19531250         6174.99414062 
        4895.70473363            0.50000000        39027.39453125        45682.19531250         6084.99414062 
        4900.81593525            0.50000000        39008.39453125        46101.19531250         6083.99414062 
        4905.84649595            0.50000000        38914.39453125        46446.19531250         6016.99414062 
        4910.85429421            0.50000000        38901.39453125        46859.19531250         6010.99414062 
        4915.87820169            0.50000000        38598.39453125        47076.19531250         5858.99414062 
        4920.90360574            0.50000000        38989.39453125        47988.19531250         5880.99414062 
        4925.94028715            0.50000000        38842.39453125        48359.19531250         5870.99414062 
        4930.94895481            0.50000000        38870.39453125        48982.19531250         5834.99414062 
        4936.01313968            0.50000000        38772.39453125        49472.19531250         5845.99414062 
        4936.51574980            0.50000000        38884.39453125        49750.19531250         5804.99414062 
        4936.99382620            0.50000000        38932.39453125        49783.19531250         5883.99414062 
        4937.49172491            0.50000000        38981.39453125        49945.19531250         5885.99414062 
        4937.97000844            0.50000000        38806.39453125        49839.19531250         5807.99414062 
        4938.47305525            0.50000000        38918.39453125        49987.19531250         5844.99414062 
        4938.99594838            0.50000000        38930.39453125        50041.19531250         5836.99414062 
        4939.49428959            0.50000000        38851.39453125        50048.19531250         5790.99414062 
        4940.04703442            0.50000000        38757.39453125        50032.19531250         5818.99414062 
        4940.51598670            0.50000000        38865.39453125        50038.19531250         5850.99414062 
        4941.02947787            0.50000000        38980.39453125        50356.19531250         5822.99414062 
        4941.50357350            0.50000000        38714.39453125        50141.19531250         5781.99414062 
        4941.99752909            0.50000000        38864.39453125        50364.19531250         5775.99414062 
        4942.47182823            0.50000000        38938.39453125        50513.19531250         5884.99414062 
        4943.02036092            0.50000000        38798.39453125        50418.19531250         5826.99414062 
        4943.50970529            0.50000000        38876.39453125        50539.19531250         5873.99414062 
        4944.06837958            0.50000000        38958.39453125        50740.19531250         5861.99414062 
        4944.51838596            0.50000000        38801.39453125        50640.19531250         5824.99414062 
        4945.04268235            0.50000000        38781.39453125        50602.19531250         5783.99414062 
        4945.51762190            0.50000000        38629.39453125        50471.19531250         5729.99414062 
        4946.01740574            0.50000000        38769.39453125        50721.19531250         5793.99414062 
        4946.47770058            0.50000000        38859.39453125        50912.19531250         5849.99414062 
        4947.03215869            0.50000000        38856.39453125        50988.19531250         5841.99414062 
        4947.52732561            0.50000000        38779.39453125        51011.19531250         5863.99414062 
        4948.10680872            0.50000000        38797.39453125        51105.19531250         5864.99414062 
        4948.52789395            0.50000000        38769.39453125        51086.19531250         5846.99414062 
        4949.06303310            0.50000000        38701.39453125        51056.19531250         5815.99414062 
        4949.52890552            0.50000000        38810.39453125        51263.19531250         5859.99414062 
        4950.04940850            0.50000000        38787.39453125        51307.19531250         5845.99414062 
        4950.49069060            0.50000000        38740.39453125        51304.19531250         5861.99414062 
        4951.06101416            0.50000000        39027.39453125        51734.19531250         5923.99414062 
        4951.53722054            0.50000000        38779.39453125        51488.19531250         5864.99414062 
        4952.13261957            0.50000000        38878.39453125        51652.19531250         5898.99414062 
        4952.53460255            0.50000000        38913.39453125        51774.19531250         5884.99414062 
        4953.07565538            0.50000000        38823.39453125        51714.19531250         5846.99414062 
        4953.53738994            0.50000000        38969.39453125        51995.19531250         5901.99414062 
        4954.05384991            0.50000000        38862.39453125        51911.19531250         5860.99414062 
        4954.49094658            0.50000000        38872.39453125        51961.19531250         5910.99414062 
        4955.05731102            0.50000000        38962.39453125        52171.19531250         5929.99414062 
        4955.53435944            0.50000000        38754.39453125        51940.19531250         5830.99414062 
        4956.12086923            0.50000000        38969.39453125        52281.19531250         5895.99414062 
        4956.53847728            0.50000000        38668.39453125        51988.19531250         5814.99414062 
        4957.08546147            0.50000000        38822.39453125        52169.19531250         5868.99414062 
        4957.53806646            0.50000000        38844.39453125        52307.19531250         5831.99414062 
        4958.07036609            0.50000000        38789.39453125        52303.19531250         5826.99414062 
        4958.49828640            0.50000000        38775.39453125        52354.19531250         5823.99414062 
        4959.06565423            0.50000000        38912.39453125        52632.19531250         5849.99414062 
        4959.54354790            0.50000000        38725.39453125        52422.19531250         5831.99414062 
        4960.12611713            0.50000000        38896.39453125        52698.19531250         5841.99414062 
        4960.54446435            0.50000000        38721.39453125        52562.19531250         5782.99414062 
        4961.08245284            0.50000000        39043.39453125        53001.19531250         5887.99414062 
        4961.53585710            0.50000000        38659.39453125        52604.19531250         5771.99414062 
        4962.06909683            0.50000000        39007.39453125        53098.19531250         5826.99414062 
        4962.48780283            0.50000000        38634.39453125        52699.19531250         5746.99414062 
        4963.06115670            0.50000000        39029.39453125        53238.19531250         5820.99414062 
        4963.53989358            0.50000000        38623.39453125        52797.19531250         5706.99414062 
        4964.13845683            0.50000000        38787.39453125        53065.19531250         5658.99414062 
        4964.53259721            0.50000000        38796.39453125        53166.19531250         5602.99414062 
        4965.07153286            0.50000000        38810.39453125        53279.19531250         5463.99414062 
        4965.52573544            0.50000000        38703.39453125        53137.19531250         5155.99414062 
        4966.06490707            0.50000000        38764.39453125        53199.19531250         4515.99414062 
        4966.47935752            0.50000000        38685.39453125        53164.19531250         3645.99438477 
        4967.05871631            0.50000000        38835.39453125        53229.19531250         3244.99438477 
        4967.52830520            0.50000000        38620.39453125        52991.19531250         3444.99438477 
        4968.12792157            0.50000000        38810.39453125        53037.19531250         3838.99438477 
        4968.51775714            0.50000000        38736.39453125        52834.19531250         3942.99438477 
        4969.06263950            0.50000000        38770.39453125        52603.19531250         3913.99438477 
        4969.51264093            0.50000000        38670.39453125        52316.19531250         3785.99438477 
        4970.05776207            0.50000000        38695.39453125        52128.19531250         3591.99438477 
        4970.46793944            0.50000000        38605.39453125        51945.19531250         3449.99438477 
        4971.05332077            0.50000000        38745.39453125        52006.19531250         3347.99438477 
        4971.51873149            0.50000000        38667.39453125        52150.19531250         3301.99438477 
        4972.11940234            0.50000000        38777.39453125        52543.19531250         3300.99438477 
        4972.50992354            0.50000000        38674.39453125        52499.19531250         3206.99438477 
        4973.06077263            0.50000000        38706.39453125        52505.19531250         3112.99438477 
        4973.51657598            0.50000000        38621.39453125        52225.19531250         2985.99438477 
        4974.05263749            0.50000000        38740.39453125        51822.19531250         2826.99438477 
        4974.46854797            0.50000000        38645.39453125        51025.19531250         2656.99438477 
        4975.05496064            0.50000000        38713.39453125        49895.19531250         2517.99438477 
        4975.51617768            0.50000000        38593.39453125        48668.19531250         2410.99438477 
        4976.11289064            0.50000000        38895.39453125        47822.19531250         2301.99438477 
        4976.51413021            0.50000000        38571.39453125        46761.19531250         2184.99438477 
        4977.05591591            0.50000000        38889.39453125        46558.19531250         2125.99438477 
        4977.51753883            0.50000000        38601.39453125        45820.19531250         2024.99438477 
        4978.04952484            0.50000000        38861.39453125        45685.19531250         2003.99438477 
        4978.46616675            0.50000000        38566.39453125        45043.19531250         1945.99438477 
        4979.04356776            0.50000000        38896.39453125        45155.19531250         1907.99438477 
        4979.52066168            0.50000000        38651.39453125        44567.19531250         1828.99438477 
        4980.11340180            0.50000000        38950.39453125        44634.19531250         1841.99438477 
        4980.51032253            0.50000000        38648.39453125        43974.19531250         1750.99438477 
        4981.05808626            0.50000000        38671.39453125        43421.19531250         1725.99438477 
        4981.52052149            0.50000000        38635.39453125        42687.19531250         1728.99438477 
        4982.05344373            0.50000000        38670.39453125        41717.19531250         1630.99438477 
        4982.46578986            0.50000000        38618.39453125        40649.19531250         1628.99438477 
        4983.04923627            0.50000000        38758.39453125        39271.19531250         1634.99438477 
        4983.51710727            0.50000000        38600.39453125        37812.19531250         1566.99438477 
        4984.09579027            0.50000000        38734.39453125        36206.19531250         1543.99438477 
        4984.51353975            0.50000000        38636.39453125        34844.19531250         1545.99438477 
        4985.04716248            0.50000000        38626.39453125        33453.19531250         1499.99438477 
        4985.51040800            0.50000000        38622.39453125        32661.19335937         1501.99438477 
        4986.03419022            0.50000000        38475.39453125        31854.19335937         1468.99438477 
        4986.46740871            0.50000000        38822.39453125        31721.19335937         1515.99438477 
        4987.03676280            0.50000000        38852.39453125        31407.19335937         1481.99438477 
        4987.51553331            0.50000000        38783.39453125        31357.19335937         1494.99438477 
        4988.10027359            0.50000000        38841.39453125        31606.19335937         1520.99438477 
        4988.50867250            0.50000000        38672.39453125        31762.19335937         1481.99438477 
        4989.04323090            0.50000000        38799.39453125        32437.19335937         1523.99438477 
        4989.51737804            0.50000000        38600.39453125        32897.19531250         1489.99438477 
        4990.02694381            0.50000000        38647.39453125        33674.19531250         1512.99438477 
        4990.46596793            0.50000000        38645.39453125        34405.19531250         1527.99438477 
        4991.03632073            0.50000000        38642.39453125        35226.19531250         1532.99438477 
        4991.51088210            0.50000000        38523.39453125        35749.19531250         1501.99438477 
        4992.07644571            0.50000000        38666.39453125        36536.19531250         1543.99438477 
        4992.50576161            0.50000000        38526.39453125        36822.19531250         1532.99438477 
        4993.03115203            0.50000000        38533.39453125        37239.19531250         1516.99438477 
        4993.51118161            0.50000000        38625.39453125        37528.19531250         1542.99438477 
        4993.99131208            0.50000000        38459.39453125        37512.19531250         1544.99438477 
        4994.46648788            0.50000000        38600.39453125        37760.19531250         1561.99438477 
        4995.01255656            0.50000000        38694.39453125        37815.19531250         1551.99438477 
        4995.49806051            0.50000000        38609.39453125        37660.19531250         1527.99438477 
        4996.05955305            0.50000000        38521.39453125        37454.19531250         1495.99438477 
        4996.51997867            0.50000000        38669.39453125        37391.19531250         1495.99438477 
        4997.02604785            0.50000000        38626.39453125        37082.19531250         1485.99438477 
        4997.51197968            0.50000000        38415.39453125        36606.19531250         1439.99438477 
        4997.97269791            0.50000000        38572.39453125        36459.19531250         1460.99438477 
        4998.48415322            0.50000000        38417.39453125        35980.19531250         1428.99438477 
        4999.00078855            0.50000000        38371.39453125        35610.19531250         1386.99438477 
        4999.49727360            0.50000000        38567.39453125        35567.19531250         1371.99438477 
        5000.04961316            0.50000000        38627.39453125        35441.19531250         1410.99438477 
        5000.52604980            0.50000000        38510.39453125        35275.19531250         1361.99438477 
        5001.01272579            0.50000000        38357.39453125        35124.19531250         1337.99438477 
        5001.51471882            0.50000000        38599.39453125        35380.19531250         1362.99438477 
        5001.97117169            0.50000000        38445.39453125        35421.19531250         1334.99438477 
        5002.48352165            0.50000000        38565.39453125        35712.19531250         1353.99438477 
        5002.97061406            0.50000000        38370.39453125        35833.19531250         1336.99438477 
        5003.49841446            0.50000000        38478.39453125        36323.19531250         1333.99438477 
        5004.01110632            0.50000000        38194.39453125        36310.19531250         1299.99438477 
        5004.53406873            0.50000000        38307.39453125        36925.19531250         1290.99438477 
        5004.98604505            0.50000000        38175.39453125        37151.19531250         1299.99438477 
        5005.50923011            0.50000000        38480.39453125        37909.19531250         1356.99438477 
        5005.95631784            0.50000000        38216.39453125        38104.19531250         1325.99438477 
        5007.63875891            0.50000000        38298.39453125        39713.19531250         1365.99438477 
        5009.43438563            0.50000000        38334.39453125        40813.19531250         1415.99438477 
        5011.23651223            0.50000000        38077.39453125        41215.19531250         1417.99438477 
        5013.06553948            0.50000000        38043.39453125        41458.19531250         1436.99438477 
        5014.87052120            0.50000000        37939.39453125        41260.19531250         1420.99438477 
        5016.84538870            0.50000000        37968.39453125        41200.19531250         1446.99438477 
        5018.78107892            0.50000000        37846.39453125        41329.19531250         1451.99438477 
        5020.81556546            0.50000000        37926.39453125        41978.19531250         1440.99438477 
        5022.80578702            0.50000000        37817.39453125        42353.19531250         1429.99438477 
        5024.89506896            0.50000000        37749.39453125        42764.19531250         1467.99438477 
        5026.94009966            0.50000000        37698.39453125        42889.19531250         1429.99438477 
        5029.08959489            0.50000000        37476.39453125        42591.19531250         1401.99438477 
        5031.23082291            0.50000000        37675.39453125        42769.19531250         1381.99438477 
        5033.50259539            0.50000000        37593.39453125        42412.19531250         1333.99438477 
        5035.77146040            0.50000000        37493.39453125        41872.19531250         1272.99438477 
        5038.03740594            0.50000000        37424.39453125        41237.19531250         1247.99438477 
        5040.29526256            0.50000000        37226.39453125        40879.19531250         1207.99438477 
        5042.67923122            0.50000000        37314.39453125        41209.19531250         1196.99438477 
        5045.14318401            0.50000000        37099.39453125        41353.19531250         1170.99438477 
        5047.48042357            0.50000000        37013.39453125        41668.19531250         1197.99438477 
        5050.01164705            0.50000000        37074.39453125        42130.19531250         1229.99438477 
        5052.45231567            0.50000000        36749.39453125        41905.19531250         1233.99438477 
        5054.98379133            0.50000000        36834.39453125        42336.19531250         1276.99438477 
        5057.61156358            0.50000000        36671.39453125        42482.19531250         1271.99438477 
        5060.19549796            0.50000000        36586.39453125        42968.19531250         1306.99438477 
        5062.82397461            0.50000000        36521.39453125        43386.19531250         1320.99438477 
        5065.59620504            0.50000000        36551.39453125        43812.19531250         1339.99438477 
        5068.30388346            0.50000000        36327.39453125        43803.19531250         1331.99438477 
        5071.10879234            0.50000000        35907.39453125        43645.19531250         1318.99438477 
        5074.00604476            0.50000000        36189.39453125        44575.19531250         1355.99438477 
        5076.82307637            0.50000000        36054.39453125        44823.19531250         1311.99438477 
        5079.71171193            0.50000000        35652.39453125        44745.19531250         1288.99438477 
        5082.75625190            0.50000000        35743.39453125        45284.19531250         1220.99438477 
        5085.76795329            0.50000000        35458.39453125        45437.19531250         1201.99438477 
        5088.75194710            0.50000000        35657.39453125        46131.19531250         1176.99438477 
        5091.89267475            0.50000000        35448.39453125        46137.19531250         1136.99438477 
        5095.01650529            0.50000000        35145.39453125        46020.19531250         1151.99438477 
        5098.12336222            0.50000000        35128.39453125        46502.19531250         1180.99438477 
        5101.28729012            0.50000000        34939.39453125        46728.19531250         1229.99438477 
        5104.56683119            0.50000000        34792.39453125        47133.19531250         1290.99438477 
        5107.84034605            0.50000000        34681.39453125        47431.19531250         1318.99438477 
        5111.11843285            0.50000000        34705.39453125        47889.19531250         1359.99438477 
        5114.44901813            0.50000000        34645.39453125        48090.19531250         1339.99438477 
        5117.82165153            0.50000000        34237.39453125        47715.19531250         1336.99438477 
        5121.22048492            0.50000000        34000.39453125        47617.19531250         1346.99438477 
        5124.65631571            0.50000000        33769.39453125        47752.19531250         1349.99438477 
        5128.13465006            0.50000000        34061.39453125        48621.19531250         1363.99438477 
        5131.66102805            0.50000000        33768.39453125        48700.19531250         1364.99438477 
        5135.18194028            0.50000000        33498.39453125        48743.19531250         1362.99438477 
        5138.76728134            0.50000000        33354.39453125        48986.19531250         1346.99438477 
        5142.46582226            0.50000000        33373.39453125        49448.19531250         1343.99438477 
        5146.02985507            0.50000000        32768.39453125        49042.19531250         1297.99438477 
        5149.75057914            0.50000000        32632.39453125        49380.19531250         1279.99438477 
        5153.46632776            0.50000000        32618.39453125        49906.19531250         1284.99438477 
        5157.22043469            0.50000000        32190.39453125        49879.19531250         1279.99438477 
        5161.08909093            0.50000000        32035.39453125        50306.19531250         1321.99438477 
        5164.88790881            0.50000000        31705.39453125        50503.19531250         1335.99438477 
        5168.78541683            0.50000000        31630.39453125        51040.19531250         1374.99438477 
        5172.73842889            0.50000000        31533.39453125        51657.19531250         1409.99438477 
        5176.57776080            0.50000000        31084.39453125        51580.19531250         1413.99438477 
        5180.59847675            0.50000000        26176.39453125        44254.19531250         1292.99438477 
        5184.58758790            0.50000000        31447.39453125        53275.19531250         1511.99438477 
        5188.57787773            0.50000000        30971.39453125        53176.19531250         1529.99438477 
        5192.73441453            0.50000000        30397.39453125        52883.19531250         1511.99438477 
        5196.87062022            0.50000000        29957.39453125        52685.19531250         1503.99438477 
        5200.98084824            0.50000000        29595.39453125        52707.19531250         1502.99438477 
        5205.18110440            0.50000000        29205.39453125        52646.19531250         1500.99438477 
        5208.95654934            0.50000000        28408.39453125        52028.19531250         1473.99438477 
