# 1-D Scan File created by LabVIEW Control Panel  12/5/2011  10:10:46 PM; Scan time 0 hrs 4 min 28 sec. 
#
# Beamline 20 BM
#
# Scan config: 
#                 E0: 4966.00 eV   223 points
#        Scan bounds:  -100.00 -30.00 40.00 243.35 (7.99 (k))
#       Scan step(s):  5.00 0.50 0.07
#  Integration times:  0.50 0.50 0.50    kwgt in EXAFS region: 0.0 
#
# User Comment:
# 50oC
#
#
# Amplifier Sensitivities:
# Preslit: 20 nA/V  I0: 20 nA/V  I: 100 pA/V  IREF: 50 pA/V  
#
# Analog Input Voltages at start/end of scan:
# Preslit: 0.033/0.031  I0: 0.833/0.606  Ignore: 0.023/0.017  I: 0.960/1.123  IREF: 0.250/0.155  
#
# Mono Info:
# 
#
# ID Info:
# 
#
# Slit Info:
# Kappa S1:  Center is at -542 (H), 500 (V)   Size is 8000 wide x 2000 high
# Vacuum Slits:  Center is at 850 (H), -25 (V)   Size is 899 wide x 1000 high
#
# Motor Positions:
# SMV (20bm:m29): -37594.243125 SMH (20bm:m30): 4802.187500 
#
# Detector Names/PVs:
# I0/20bm:scaler1_netA.C  I/20bm:scaler1_netA.E  IREF/20bm:scaler1_netA.F  
#
# Positioner names/Drive PVs/Readback PVs:
# Mono Energy */20bm:monoE.VAL/20bm:EnctoE.VAL  Scaler preset time */20bm:scaler1.TP/  
# Here is a readable list of column headings:
#  1) Mono Energy *        
#  2) Scaler preset time * 
#  3) I0                   
#  4) I                    
#  5) IREF                 
#
# Column Headings:
#Mono Energy *        Scaler preset time * I0                   I                    IREF                 
        4865.41522989            0.50000000        37153.39453125        42908.19531250         6229.99414062 
        4870.47633818            0.50000000        37096.39453125        43204.19531250         6273.99414062 
        4875.49148293            0.50000000        37122.39453125        43654.19531250         6153.99414062 
        4880.56604969            0.50000000        37039.39453125        43931.19531250         6117.99414062 
        4885.61850968            0.50000000        36825.39453125        44089.19531250         6016.99414062 
        4890.61004554            0.50000000        36850.39453125        44546.19531250         6018.99414062 
        4895.69505525            0.50000000        36789.39453125        44918.19531250         5951.99414062 
        4900.80623469            0.50000000        36785.39453125        45362.19531250         5858.99414062 
        4905.83677353            0.50000000        36888.39453125        45911.19531250         5928.99414062 
        4910.84455000            0.50000000        36825.39453125        46306.19531250         5839.99414062 
        4915.86355258            0.50000000        36451.39453125        46385.19531250         5702.99414062 
        4920.88892378            0.50000000        36670.39453125        47086.19531250         5737.99414062 
        4925.93047718            0.50000000        36566.39453125        47578.19531250         5700.99414062 
        4930.93912297            0.50000000        36523.39453125        48054.19531250         5688.99414062 
        4936.00821268            0.50000000        36492.39453125        48614.19531250         5654.99414062 
        4936.51082170            0.50000000        36631.39453125        48891.19531250         5684.99414062 
        4936.98889706            0.50000000        36643.39453125        48973.19531250         5726.99414062 
        4937.48679468            0.50000000        36658.39453125        49022.19531250         5686.99414062 
        4937.96507716            0.50000000        36568.39453125        48942.19531250         5666.99414062 
        4938.46812288            0.50000000        36617.39453125        49070.19531250         5684.99414062 
        4938.99101486            0.50000000        36555.39453125        48983.19531250         5732.99414062 
        4939.48935498            0.50000000        36531.39453125        49072.19531250         5662.99414062 
        4940.03716278            0.50000000        36452.39453125        49027.19531250         5640.99414062 
        4940.50611301            0.50000000        36585.39453125        49254.19531250         5684.99414062 
        4941.02453990            0.50000000        36587.39453125        49334.19531250         5663.99414062 
        4941.49369549            0.50000000        36392.39453125        49176.19531250         5657.99414062 
        4941.99258900            0.50000000        36475.39453125        49326.19531250         5649.99414062 
        4942.46688710            0.50000000        36641.39453125        49606.19531250         5713.99414062 
        4943.01047626            0.50000000        36444.39453125        49391.19531250         5660.99414062 
        4943.49981850            0.50000000        36474.39453125        49501.19531250         5685.99414062 
        4944.06343495            0.50000000        36608.39453125        49653.19531250         5717.99414062 
        4944.50354916            0.50000000        36427.39453125        49513.19531250         5642.99414062 
        4945.03773559            0.50000000        36429.39453125        49556.19531250         5621.99414062 
        4945.50772630            0.50000000        36271.39453125        49446.19531250         5541.99414062 
        4946.00750796            0.50000000        36301.39453125        49528.19531250         5625.99414062 
        4946.46780078            0.50000000        36499.39453125        49768.19531250         5663.99414062 
        4947.02720757            0.50000000        36486.39453125        49948.19531250         5700.99414062 
        4947.52237341            0.50000000        36450.39453125        49944.19531250         5746.99414062 
        4948.09690178            0.50000000        36542.39453125        50159.19531250         5719.99414062 
        4948.51798516            0.50000000        36376.39453125        50010.19531250         5649.99414062 
        4949.05312196            0.50000000        36400.39453125        50069.19531250         5670.99414062 
        4949.51899234            0.50000000        36479.39453125        50212.19531250         5676.99414062 
        4950.03949303            0.50000000        36387.39453125        50202.19531250         5671.99414062 
        4950.48573189            0.50000000        36319.39453125        50219.19531250         5661.99414062 
        4951.05605420            0.50000000        36580.39453125        50600.19531250         5742.99414062 
        4951.53225954            0.50000000        36400.39453125        50390.19531250         5693.99414062 
        4952.12269497            0.50000000        36466.39453125        50554.19531250         5732.99414062 
        4952.52467618            0.50000000        36504.39453125        50621.19531250         5717.99414062 
        4953.07069101            0.50000000        36447.39453125        50580.19531250         5697.99414062 
        4953.52745918            0.50000000        36566.39453125        50838.19531250         5747.99414062 
        4954.04391687            0.50000000        36501.39453125        50829.19531250         5715.99414062 
        4954.48101163            0.50000000        36500.39453125        50900.19531250         5708.99414062 
        4955.05234229            0.50000000        36593.39453125        51122.19531250         5725.99414062 
        4955.52441990            0.50000000        36351.39453125        50846.19531250         5629.99414062 
        4956.12086923            0.50000000        36524.39453125        51093.19531250         5715.99414062 
        4956.53350530            0.50000000        36267.39453125        50825.19531250         5661.99414062 
        4957.07551513            0.50000000        36406.39453125        51085.19531250         5687.99414062 
        4957.53309229            0.50000000        36410.39453125        51104.19531250         5669.99414062 
        4958.06539075            0.50000000        36438.39453125        51251.19531250         5675.99414062 
        4958.48833385            0.50000000        36438.39453125        51196.19531250         5719.99414062 
        4959.06067670            0.50000000        36510.39453125        51465.19531250         5699.99414062 
        4959.53359076            0.50000000        36345.39453125        51340.19531250         5649.99414062 
        4960.12113728            0.50000000        36495.39453125        51584.19531250         5673.99414062 
        4960.53450280            0.50000000        36331.39453125        51395.19531250         5654.99414062 
        4961.06750699            0.50000000        36573.39453125        51769.19531250         5695.99414062 
        4961.52589120            0.50000000        36184.39453125        51327.19531250         5578.99414062 
        4962.06411270            0.50000000        36614.39453125        51937.19531250         5678.99414062 
        4962.48281778            0.50000000        36227.39453125        51576.19531250         5608.99414062 
        4963.06115670            0.50000000        36596.39453125        51988.19531250         5633.99414062 
        4963.53490622            0.50000000        36192.39453125        51592.19531250         5522.99414062 
        4964.13346815            0.50000000        36384.39453125        51857.19531250         5499.99414062 
        4964.52261813            0.50000000        36234.39453125        51788.19531250         5356.99414062 
        4965.06654213            0.50000000        36379.39453125        51991.19531250         5248.99414062 
        4965.52074371            0.50000000        36186.39453125        51788.19531250         4964.99414062 
        4966.06490707            0.50000000        36331.39453125        51992.19531250         4318.99414062 
        4966.47436369            0.50000000        36177.39453125        51832.19531250         3466.99438477 
        4967.05372121            0.50000000        36309.39453125        51885.19531250         3098.99438477 
        4967.52330907            0.50000000        36167.39453125        51680.19531250         3286.99438477 
        4968.12292411            0.50000000        36285.39453125        51695.19531250         3671.99438477 
        4968.51275883            0.50000000        36141.39453125        51454.19531250         3764.99438477 
        4969.05763999            0.50000000        36302.39453125        51416.19531250         3782.99438477 
        4969.50764043            0.50000000        36155.39453125        51007.19531250         3579.99438477 
        4970.05276036            0.50000000        36249.39453125        50864.19531250         3425.99438477 
        4970.46793944            0.50000000        36196.39453125        50710.19531250         3258.99438477 
        4971.05332077            0.50000000        36280.39453125        50662.19531250         3187.99438477 
        4971.51372657            0.50000000        36121.39453125        50760.19531250         3175.99438477 
        4972.11439609            0.50000000        36238.39453125        51205.19531250         3140.99438477 
        4972.50992354            0.50000000        36114.39453125        51037.19531250         3067.99438477 
        4973.05576431            0.50000000        36299.39453125        51238.19531250         2978.99438477 
        4973.50655734            0.50000000        36108.39453125        50889.19531250         2818.99438477 
        4974.04762699            0.50000000        36208.39453125        50450.19531250         2657.99438477 
        4974.46353655            0.50000000        36128.39453125        49699.19531250         2543.99438477 
        4975.04994793            0.50000000        36223.39453125        48645.19531250         2372.99438477 
        4975.51116394            0.50000000        36117.39453125        47427.19531250         2262.99438477 
        4976.10787559            0.50000000        36396.39453125        46606.19531250         2174.99438477 
        4976.50409836            0.50000000        36027.39453125        45556.19531250         2066.99438477 
        4977.04588167            0.50000000        36381.39453125        45365.19531250         1992.99438477 
        4977.50750255            0.50000000        36088.39453125        44623.19531250         1903.99438477 
        4978.04450553            0.50000000        36352.39453125        44523.19531250         1868.99438477 
        4978.45612629            0.50000000        35993.39453125        43812.19531250         1801.99438477 
        4979.03352475            0.50000000        36198.39453125        43722.19531250         1755.99438477 
        4979.51563912            0.50000000        36045.39453125        43292.19531250         1710.99438477 
        4980.10837793            0.50000000        36188.39453125        43135.19531250         1681.99438477 
        4980.50529779            0.50000000        36125.39453125        42776.19531250         1649.99438477 
        4981.05306031            0.50000000        36074.39453125        42149.19531250         1615.99438477 
        4981.51046755            0.50000000        36151.39453125        41611.19531250         1560.99438477 
        4982.04338744            0.50000000        36060.39453125        40511.19531250         1544.99438477 
        4982.45573175            0.50000000        36142.39453125        39575.19531250         1509.99438477 
        4983.03414526            0.50000000        36169.39453125        38135.19531250         1497.99438477 
        4983.51207588            0.50000000        35990.39453125        36658.19531250         1433.99438477 
        4984.08572497            0.50000000        36064.39453125        35083.19531250         1420.99438477 
        4984.50347260            0.50000000        36205.39453125        33984.19531250         1411.99438477 
        4985.03709297            0.50000000        36276.39453125        32751.19335937         1403.99438477 
        4985.50033645            0.50000000        36209.39453125        31827.19335937         1391.99438477 
        4986.01907943            0.50000000        36100.39453125        31076.19335937         1363.99438477 
        4986.45733293            0.50000000        36232.39453125        30743.19335937         1369.99438477 
        4987.02668450            0.50000000        36206.39453125        30441.19335937         1363.99438477 
        4987.50545290            0.50000000        36143.39453125        30344.19335937         1379.99438477 
        4988.09019060            0.50000000        36300.39453125        30598.19335937         1372.99438477 
        4988.49858770            0.50000000        36100.39453125        30813.19335937         1384.99438477 
        4989.03314373            0.50000000        36160.39453125        31348.19335937         1375.99438477 
        4989.50728878            0.50000000        35962.39453125        31775.19335937         1365.99438477 
        4990.01180656            0.50000000        35980.39453125        32512.19335937         1355.99438477 
        4990.45587447            0.50000000        36050.39453125        33310.19531250         1379.99438477 
        4991.02622475            0.50000000        36041.39453125        34086.19531250         1405.99438477 
        4991.50078402            0.50000000        35894.39453125        34501.19531250         1404.99438477 
        4992.06634513            0.50000000        35967.39453125        35269.19531250         1405.99438477 
        4992.49565913            0.50000000        35886.39453125        35614.19531250         1424.99438477 
        4993.02609962            0.50000000        35858.39453125        35971.19531250         1416.99438477 
        4993.50107468            0.50000000        35965.39453125        36266.19531250         1431.99438477 
        4993.99131208            0.50000000        35833.39453125        36328.19531250         1404.99438477 
        4994.45637673            0.50000000        35880.39453125        36417.19531250         1399.99438477 
        4995.00244299            0.50000000        36018.39453125        36591.19531250         1439.99438477 
        4995.48794479            0.50000000        35888.39453125        36341.19531250         1413.99438477 
        4996.04943485            0.50000000        35720.39453125        36054.19531250         1343.99438477 
        4996.50985843            0.50000000        35991.39453125        36160.19531250         1379.99438477 
        4997.01592537            0.50000000        35936.39453125        35856.19531250         1350.99438477 
        4997.49173046            0.50000000        35726.39453125        35344.19531250         1313.99438477 
        4997.95750792            0.50000000        35889.39453125        35225.19531250         1348.99438477 
        4998.47402428            0.50000000        35722.39453125        34740.19531250         1298.99438477 
        4998.99065732            0.50000000        35653.39453125        34386.19531250         1266.99438477 
        4999.48207348            0.50000000        35835.39453125        34308.19531250         1285.99438477 
        5000.02934147            0.50000000        35922.39453125        34178.19531250         1285.99438477 
        5000.51084284            0.50000000        35777.39453125        34001.19531250         1261.99438477 
        5001.00258565            0.50000000        35652.39453125        33854.19531250         1227.99438477 
        5001.49443414            0.50000000        35922.39453125        34249.19531250         1268.99438477 
        5001.95595513            0.50000000        35789.39453125        34228.19531250         1239.99438477 
        5002.47337499            0.50000000        35711.39453125        34307.19531250         1233.99438477 
        5002.95539085            0.50000000        35572.39453125        34469.19531250         1223.99438477 
        5003.48826331            0.50000000        35811.39453125        35002.19531250         1230.99438477 
        5004.00095290            0.50000000        35487.39453125        35013.19531250         1224.99438477 
        5004.52391298            0.50000000        35594.39453125        35521.19531250         1219.99438477 
        5004.97588730            0.50000000        35460.39453125        35776.19531250         1225.99438477 
        5005.49907004            0.50000000        35710.39453125        36527.19531250         1267.99438477 
        5005.94615579            0.50000000        35491.39453125        36693.19531250         1230.99438477 
        5007.62350465            0.50000000        35582.39453125        38232.19531250         1264.99438477 
        5009.41911942            0.50000000        35606.39453125        39388.19531250         1307.99438477 
        5011.22123402            0.50000000        35333.39453125        39725.19531250         1322.99438477 
        5013.04515232            0.50000000        35305.39453125        39936.19531250         1302.99438477 
        5014.85521879            0.50000000        35165.39453125        39672.19531250         1344.99438477 
        5016.83007312            0.50000000        35147.39453125        39550.19531250         1324.99438477 
        5018.76575043            0.50000000        35030.39453125        39733.19531250         1347.99438477 
        5020.81045143            0.50000000        35079.39453125        40290.19531250         1344.99438477 
        5022.79555011            0.50000000        35050.39453125        40775.19531250         1354.99438477 
        5024.88994585            0.50000000        34906.39453125        41044.19531250         1345.99438477 
        5026.92984435            0.50000000        34923.39453125        41217.19531250         1355.99438477 
        5029.07933001            0.50000000        34796.39453125        41065.19531250         1344.99438477 
        5031.21541128            0.50000000        34824.39453125        41060.19531250         1290.99438477 
        5033.49745311            0.50000000        34793.39453125        40732.19531250         1235.99438477 
        5035.76116572            0.50000000        34699.39453125        40197.19531250         1202.99438477 
        5038.02710115            0.50000000        34645.39453125        39629.19531250         1134.99438477 
        5040.28494769            0.50000000        34347.39453125        39131.19531250         1111.99438477 
        5042.66890571            0.50000000        34501.39453125        39501.19531250         1130.99438477 
        5045.13801574            0.50000000        34342.39453125        39714.19531250         1116.99438477 
        5047.47007660            0.50000000        34245.39453125        40004.19531250         1104.99438477 
        5050.00646790            0.50000000        34254.39453125        40379.19531250         1134.99438477 
        5052.44713106            0.50000000        33947.39453125        40152.19531250         1146.99438477 
        5054.97341079            0.50000000        33987.39453125        40519.19531250         1175.99438477 
        5057.60117126            0.50000000        33899.39453125        40751.19531250         1212.99438477 
        5060.19029601            0.50000000        33770.39453125        41123.19531250         1222.99438477 
        5062.81355893            0.50000000        33634.39453125        41393.19531250         1196.99438477 
        5065.59099098            0.50000000        33659.39453125        41838.19531250         1237.99438477 
        5068.29344319            0.50000000        33514.39453125        41931.19531250         1233.99438477 
        5071.10356591            0.50000000        33135.39453125        41808.19531250         1230.99438477 
        5073.99557888            0.50000000        33319.39453125        42623.19531250         1257.99438477 
        5076.81783709            0.50000000        33095.39453125        42694.19531250         1211.99438477 
        5079.70122039            0.50000000        32819.39453125        42750.19531250         1186.99438477 
        5082.74574666            0.50000000        32801.39453125        43177.19531250         1134.99438477 
        5085.75743448            0.50000000        32578.39453125        43238.19531250         1119.99438477 
        5088.74668096            0.50000000        32707.39453125        43913.19531250         1105.99438477 
        5091.87685515            0.50000000        32535.39453125        44032.19531250         1082.99438477 
        5095.00066454            0.50000000        32261.39453125        43900.19531250         1084.99438477 
        5098.11278769            0.50000000        32209.39453125        44363.19531250         1108.99438477 
        5101.28199570            0.50000000        31981.39453125        44481.19531250         1118.99438477 
        5104.55092574            0.50000000        31806.39453125        44806.19531250         1192.99438477 
        5107.82972760            0.50000000        31636.39453125        45031.19531250         1215.99438477 
        5111.10779956            0.50000000        31708.39453125        45448.19531250         1227.99438477 
        5114.43304560            0.50000000        31604.39453125        45602.19531250         1250.99438477 
        5117.81098788            0.50000000        31256.39453125        45315.19531250         1220.99438477 
        5121.20980586            0.50000000        30922.39453125        45097.19531250         1215.99438477 
        5124.64027376            0.50000000        30773.39453125        45287.19531250         1252.99438477 
        5128.12393962            0.50000000        31022.39453125        46058.19531250         1265.99438477 
        5131.64493837            0.50000000        30617.39453125        45955.19531250         1266.99438477 
        5135.17119781            0.50000000        30560.39453125        46223.19531250         1272.99438477 
        5138.75114318            0.50000000        30318.39453125        46392.19531250         1261.99438477 
        5142.44965885            0.50000000        30267.39453125        46688.19531250         1242.99438477 
        5146.01906322            0.50000000        29744.39453125        46373.19531250         1204.99438477 
        5149.73436592            0.50000000        29623.39453125        46720.19531250         1187.99438477 
        5153.45008912            0.50000000        29608.39453125        47289.19531250         1202.99438477 
        5157.20417034            0.50000000        29362.39453125        47441.19531250         1211.99438477 
        5161.05650932            0.50000000        29303.39453125        47953.19531250         1239.99438477 
        5164.87703085            0.50000000        28832.39453125        47913.19531250         1238.99438477 
        5168.76362530            0.50000000        28771.39453125        48481.19531250         1283.99438477 
        5172.72205807            0.50000000        28421.39453125        48708.19531250         1310.99438477 
        5176.56136360            0.50000000        27965.39453125        48489.19531250         1327.99438477 
        5180.57657696            0.50000000        23586.39453125        41670.19531250         1214.99438477 
        5184.56565149            0.50000000        28367.39453125        50245.19531250         1392.99438477 
        5188.56139792            0.50000000        28027.39453125        50305.19531250         1412.99438477 
        5192.72340887            0.50000000        27453.39453125        49902.19531250         1421.99438477 
        5196.84857090            0.50000000        26931.39453125        49534.19531250         1402.99438477 
        5200.96428284            0.50000000        26491.39453125        49443.19531250         1398.99438477 
        5205.16450998            0.50000000        26119.39453125        49348.19531250         1380.99438477 
        5208.93992880            0.50000000        25489.39453125        48857.19531250         1350.99438477 
