# 1-D Scan File created by LabVIEW Control Panel  12/6/2011  7:23:05 AM; Scan time 0 hrs 4 min 28 sec. 
#
# Beamline 20 BM
#
# Scan config: 
#                 E0: 4966.00 eV   223 points
#        Scan bounds:  -100.00 -30.00 40.00 243.35 (7.99 (k))
#       Scan step(s):  5.00 0.50 0.07
#  Integration times:  0.50 0.50 0.50    kwgt in EXAFS region: 0.0 
#
# User Comment:
# 50oC
#
#
# Amplifier Sensitivities:
# Preslit: 20 nA/V  I0: 20 nA/V  I: 100 pA/V  IREF: 50 pA/V  
#
# Analog Input Voltages at start/end of scan:
# Preslit: 0.033/0.030  I0: 0.293/0.150  Ignore: 0.009/0.003  I: 0.589/0.266  IREF: 0.194/0.129  
#
# Mono Info:
# 
#
# ID Info:
# 
#
# Slit Info:
# Kappa S1:  Center is at -542 (H), 500 (V)   Size is 8000 wide x 2000 high
# Vacuum Slits:  Center is at 850 (H), -25 (V)   Size is 899 wide x 1000 high
#
# Motor Positions:
# SMV (20bm:m29): -37594.243125 SMH (20bm:m30): 4802.187500 
#
# Detector Names/PVs:
# I0/20bm:scaler1_netA.C  I/20bm:scaler1_netA.E  IREF/20bm:scaler1_netA.F  
#
# Positioner names/Drive PVs/Readback PVs:
# Mono Energy */20bm:monoE.VAL/20bm:EnctoE.VAL  Scaler preset time */20bm:scaler1.TP/  
# Here is a readable list of column headings:
#  1) Mono Energy *        
#  2) Scaler preset time * 
#  3) I0                   
#  4) I                    
#  5) IREF                 
#
# Column Headings:
#Mono Energy *        Scaler preset time * I0                   I                    IREF                 
        4865.38658797            0.50000000         9711.39355469        24398.19335937         3440.99438477 
        4870.45719986            0.50000000         9505.39355469        24020.19335937         3363.99438477 
        4875.47230129            0.50000000         9359.39355469        23832.19335937         3238.99438477 
        4880.54682416            0.50000000         9189.39355469        23554.19335937         3188.99438477 
        4885.59924042            0.50000000         9037.39355469        23318.19335937         3067.99438477 
        4890.58590492            0.50000000         8923.39355469        23190.19335937         3045.99438477 
        4895.67085951            0.50000000         8798.39355469        23048.19335937         2975.99438477 
        4900.77228306            0.50000000         8677.39355469        22954.19335937         2918.99438477 
        4905.79788426            0.50000000         8526.39355469        22647.19335937         2804.99438477 
        4910.80070159            0.50000000         8445.39355469        22641.19335937         2793.99438477 
        4915.81960583            0.50000000         8208.39355469        22202.19335937         2669.99438477 
        4920.83998459            0.50000000         8170.39404297        22324.19335937         2651.99438477 
        4925.87161830            0.50000000         8002.39404297        22015.19335937         2608.99438477 
        4930.88013284            0.50000000         7923.39404297        22033.19335937         2560.99438477 
        4935.95401645            0.50000000         7799.39404297        21906.19335937         2500.99438477 
        4936.47139734            0.50000000         7852.39404297        22150.19335937         2531.99438477 
        4936.92974822            0.50000000         7896.39404297        22251.19335937         2532.99438477 
        4937.43256287            0.50000000         7865.39404297        22232.19335937         2549.99438477 
        4937.91083384            0.50000000         7763.39404297        21924.19335937         2521.99438477 
        4938.42373197            0.50000000         7831.39404297        22141.19335937         2542.99438477 
        4938.93181345            0.50000000         7805.39404297        22045.19335937         2527.99438477 
        4939.44000946            0.50000000         7775.39404297        22022.19335937         2517.99438477 
        4939.97793390            0.50000000         7768.39404297        21970.19335937         2515.99438477 
        4940.46168197            0.50000000         7772.39404297        22042.19335937         2496.99438477 
        4940.96528508            0.50000000         7728.39404297        21958.19335937         2515.99438477 
        4941.43936721            0.50000000         7704.39404297        21931.19335937         2500.99438477 
        4941.92836880            0.50000000         7702.39404297        21903.19335937         2486.99438477 
        4942.42735845            0.50000000         7806.39404297        22192.19335937         2528.99438477 
        4942.96105366            0.50000000         7684.39404297        21925.19335937         2515.99438477 
        4943.45038517            0.50000000         7695.39404297        21926.19335937         2484.99438477 
        4944.00904478            0.50000000         7762.39404297        22203.19335937         2511.99438477 
        4944.46398482            0.50000000         7636.39404297        21844.19335937         2455.99438477 
        4944.98826857            0.50000000         7636.39404297        21812.19335937         2453.99438477 
        4945.45824899            0.50000000         7597.39404297        21744.19335937         2439.99438477 
        4945.95307092            0.50000000         7613.39404297        21868.19335937         2449.99438477 
        4946.42820201            0.50000000         7669.39404297        21966.19335937         2477.99438477 
        4946.98264797            0.50000000         7607.39404297        21875.19335937         2461.99438477 
        4947.46294777            0.50000000         7594.39404297        21852.19335937         2457.99438477 
        4948.04241437            0.50000000         7601.39404297        21973.19335937         2470.99438477 
        4948.46348759            0.50000000         7575.39404297        21882.19335937         2460.99438477 
        4949.00852239            0.50000000         7575.39404297        21952.19335937         2456.99438477 
        4949.46942710            0.50000000         7579.39404297        21879.19335937         2471.99438477 
        4949.97504359            0.50000000         7532.39404297        21831.19335937         2428.99438477 
        4950.43118686            0.50000000         7542.39404297        21802.19335937         2457.99438477 
        4951.00645525            0.50000000         7613.39404297        22073.19335937         2485.99438477 
        4951.47272839            0.50000000         7547.39404297        21916.19335937         2451.99438477 
        4952.06314828            0.50000000         7589.39404297        22064.19335937         2458.99438477 
        4952.47008195            0.50000000         7571.39404297        21991.19335937         2461.99438477 
        4953.01608359            0.50000000         7592.39404297        22035.19335937         2481.99438477 
        4953.47284074            0.50000000         7574.39404297        22024.19335937         2445.99438477 
        4953.98928596            0.50000000         7521.39404297        21937.19335937         2443.99438477 
        4954.43630488            0.50000000         7530.39404297        21985.19335937         2448.99438477 
        4955.01259288            0.50000000         7547.39404297        22027.19335937         2459.99438477 
        4955.47472289            0.50000000         7487.39404297        21869.19335937         2440.99438477 
        4956.07115912            0.50000000         7556.39404297        22174.19335937         2490.99438477 
        4956.47384243            0.50000000         7464.39404297        21827.19335937         2419.99438477 
        4957.03075711            0.50000000         7463.39404297        21839.19335937         2424.99438477 
        4957.48335116            0.50000000         7439.39404297        21786.19335937         2390.99438477 
        4958.01563793            0.50000000         7447.39404297        21881.19335937         2389.99438477 
        4958.43857174            0.50000000         7439.39404297        21832.19335937         2391.99438477 
        4959.01587944            0.50000000         7470.39404297        21970.19335937         2385.99438477 
        4959.48380568            0.50000000         7396.39404297        21798.19335937         2361.99438477 
        4960.07133929            0.50000000         7419.39404297        21864.19335937         2372.99438477 
        4960.48469573            0.50000000         7387.39404297        21804.19335937         2355.99438477 
        4961.03263372            0.50000000         7506.39404297        22205.19335937         2390.99438477 
        4961.48104517            0.50000000         7344.39404297        21687.19335937         2338.99438477 
        4962.01427201            0.50000000         7504.39404297        22226.19335937         2388.99438477 
        4962.43795282            0.50000000         7345.39404297        21740.19335937         2346.99438477 
        4963.02126652            0.50000000         7493.39404297        22200.19335937         2359.99438477 
        4963.48503319            0.50000000         7297.39404297        21665.19335937         2277.99438477 
        4964.08857053            0.50000000         7365.39404297        21923.19335937         2294.99438477 
        4964.47771280            0.50000000         7301.39404297        21704.19335937         2248.99438477 
        4965.02661666            0.50000000         7363.39404297        21900.19335937         2238.99438477 
        4965.47581862            0.50000000         7267.39404297        21628.19335937         2074.99438477 
        4966.01497839            0.50000000         7354.39404297        21907.19335937         1851.99438477 
        4966.42941972            0.50000000         7268.39404297        21640.19335937         1475.99438477 
        4967.01376077            0.50000000         7315.39404297        21773.19335937         1291.99438477 
        4967.47334829            0.50000000         7245.39404297        21577.19335937         1324.99438477 
        4968.07295014            0.50000000         7311.39404297        21665.19335937         1512.99438477 
        4968.46277628            0.50000000         7242.39404297        21349.19335937         1543.99438477 
        4969.01764427            0.50000000         7281.39404297        21308.19335937         1530.99438477 
        4969.46763678            0.50000000         7196.39404297        21028.19335937         1467.99438477 
        4970.00774550            0.50000000         7289.39404297        21151.19335937         1401.99438477 
        4970.41791384            0.50000000         7207.39404297        20510.19335937         1337.99438477 
        4971.00828608            0.50000000         7272.39404297        20242.19335937         1245.99438477 
        4971.47368758            0.50000000         7191.39404297        20030.19335937         1212.99438477 
        4972.06934037            0.50000000         7250.39404297        20505.19335937         1230.99438477 
        4972.45985297            0.50000000         7156.39404297        20531.19335937         1226.99438477 
        4973.01569815            0.50000000         7228.39404297        21006.19335937         1198.99438477 
        4973.46648323            0.50000000         7136.39404297        20791.19335937         1133.99438477 
        4974.00253293            0.50000000         7194.39404297        20874.19335937         1074.99438477 
        4974.41342293            0.50000000         7135.39404297        20698.19335937         1028.99438477 
        4975.00483399            0.50000000         7146.39404297        20812.19335937          972.99432373 
        4975.46604086            0.50000000         7097.39404297        20686.19335937          926.99432373 
        4976.06274067            0.50000000         7215.39404297        21007.19335937          904.99432373 
        4976.44892396            0.50000000         7081.39404297        20481.19335937          868.99432373 
        4977.01076217            0.50000000         7182.39404297        20446.19335937          840.99432373 
        4977.45732183            0.50000000         7126.39404297        19933.19335937          792.99432373 
        4977.98929377            0.50000000         7201.39404297        19832.19335937          788.99432373 
        4978.40592465            0.50000000         7092.39404297        19211.19335937          719.99432373 
        4978.98833176            0.50000000         7167.39404297        19193.19335937          715.99432373 
        4979.46039167            0.50000000         7091.39404297        18670.19335937          683.99432373 
        4980.05311609            0.50000000         7205.39404297        18457.19335937          658.99432373 
        4980.45505094            0.50000000         7049.39404297        17627.19335937          639.99432373 
        4981.01285307            0.50000000         7061.39404297        17142.19335937          610.99432373 
        4981.46019853            0.50000000         7072.39404297        16930.19335937          609.99432373 
        4981.98807863            0.50000000         7024.39404297        16483.19335937          585.99432373 
        4982.40544186            0.50000000         7048.39404297        16265.19433594          580.99432373 
        4982.99390305            0.50000000         7066.39404297        15984.19433594          576.99432373 
        4983.45673142            0.50000000         6969.39404297        15537.19433594          572.99432373 
        4984.03036657            0.50000000         7048.39404297        15515.19433594          571.99432373 
        4984.45313750            0.50000000         7001.39404297        15193.19433594          565.99432373 
        4984.99178073            0.50000000         6970.39404297        14914.19433594          543.99432373 
        4985.44997933            0.50000000         6983.39404297        14740.19433594          539.99432373 
        4985.96367406            0.50000000         6956.39404297        14384.19433594          544.99432373 
        4986.40695468            0.50000000         6985.39404297        14201.19433594          553.99432373 
        4986.98133271            0.50000000         6962.39404297        13882.19433594          526.99432373 
        4987.45505149            0.50000000         6939.39404297        13563.19433594          536.99432373 
        4988.03977627            0.50000000         6962.39404297        13354.19433594          519.99432373 
        4988.45320663            0.50000000         6884.39404297        12952.19433594          512.99432373 
        4988.99279551            0.50000000         6911.39404297        12729.19433594          536.99432373 
        4989.45684313            0.50000000         6856.39404297        12384.19433594          512.99432373 
        4989.95125854            0.50000000         6820.39404297        12240.19433594          491.99432373 
        4990.40540786            0.50000000         6854.39404297        12283.19433594          516.99432373 
        4990.97574553            0.50000000         6827.39404297        12411.19433594          497.99432373 
        4991.45029430            0.50000000         6789.39404297        12593.19433594          502.99432373 
        4992.01079275            0.50000000         6817.39404297        13075.19433594          533.99432373 
        4992.44514741            0.50000000         6759.39404297        13198.19433594          511.99432373 
        4992.97557617            0.50000000         6739.39404297        13476.19433594          521.99432373 
        4993.44548739            0.50000000         6822.39404297        13856.19433594          524.99432373 
        4993.92560406            0.50000000         6719.39404297        13796.19433594          526.99432373 
        4994.41593257            0.50000000         6795.39404297        14025.19433594          522.99432373 
        4994.95187582            0.50000000         6792.39404297        14089.19433594          530.99432373 
        4995.43736688            0.50000000         6789.39404297        14159.19433594          519.99432373 
        4995.98872657            0.50000000         6668.39404297        13903.19433594          505.99432373 
        4996.46431790            0.50000000         6745.39404297        14099.19433594          537.99432373 
        4996.96025252            0.50000000         6710.39404297        14002.19433594          522.99432373 
        4997.44617036            0.50000000         6631.39404297        13820.19433594          501.99432373 
        4997.91193854            0.50000000         6668.39404297        13821.19433594          493.99432373 
        4998.43857335            0.50000000         6624.39404297        13684.19433594          486.99432373 
        4998.94000186            0.50000000         6555.39404297        13445.19433594          457.99432373 
        4999.44660692            0.50000000         6678.39404297        13558.19433594          477.99432373 
        4999.98373080            0.50000000         6670.39404297        13414.19433594          474.99432373 
        5000.48042923            0.50000000         6617.39404297        13212.19433594          442.99432373 
        5000.95695558            0.50000000         6584.39404297        12975.19433594          447.99432373 
        5001.46400746            0.50000000         6656.39404297        13013.19433594          469.99432373 
        5001.92045021            0.50000000         6608.39404297        12899.19433594          452.99432373 
        5002.44800855            0.50000000         6622.39404297        12930.19433594          448.99432373 
        5002.91987043            0.50000000         6547.39404297        12776.19433594          418.99432373 
        5003.45781011            0.50000000         6588.39404297        12933.19433594          440.99432373 
        5003.96541625            0.50000000         6450.39404297        12762.19433594          437.99432373 
        5004.50360162            0.50000000         6539.39404297        13062.19433594          442.99432373 
        5004.94541431            0.50000000         6471.39404297        12968.19433594          419.99432373 
        5005.46859010            0.50000000         6569.39404297        13293.19433594          425.99432373 
        5005.91058895            0.50000000         6453.39404297        13216.19433594          421.99432373 
        5007.59299644            0.50000000         6444.39404297        13614.19433594          452.99432373 
        5009.40385331            0.50000000         6404.39404297        13917.19433594          454.99432373 
        5011.20086323            0.50000000         6270.39404297        13911.19433594          438.99432373 
        5013.02476533            0.50000000         6230.39404297        14071.19433594          459.99432373 
        5014.83991647            0.50000000         6178.39404297        14203.19433594          457.99432373 
        5016.80965250            0.50000000         6150.39404297        14279.19433594          450.99432373 
        5018.75042204            0.50000000         6068.39404297        14203.19433594          434.99432373 
        5020.79510940            0.50000000         6052.39404297        14258.19433594          449.99432373 
        5022.78019484            0.50000000         6020.39404297        14267.19433594          445.99432373 
        5024.87457660            0.50000000         5894.39404297        14118.19433594          452.99432373 
        5026.91958908            0.50000000         5871.39404297        14111.19433594          457.99432373 
        5029.06906517            0.50000000         5753.39404297        13847.19433594          437.99432373 
        5031.20513692            0.50000000         5771.39404297        13895.19433594          410.99432373 
        5033.47174186            0.50000000         5724.39404297        13794.19433594          384.99432373 
        5035.74572380            0.50000000         5647.39404297        13648.19433594          379.99432373 
        5038.01679641            0.50000000         5605.39404297        13508.19433594          364.99432373 
        5040.27463287            0.50000000         5513.39404297        13278.19433594          347.99432373 
        5042.66374297            0.50000000         5505.39404297        13260.19433594          344.99432373 
        5045.12767924            0.50000000         5430.39404297        13136.19433594          311.99432373 
        5047.45972967            0.50000000         5360.39404297        13063.19433594          320.99432373 
        5049.98575141            0.50000000         5344.39404297        13179.19433594          329.99432373 
        5052.43676187            0.50000000         5203.39404297        12956.19433594          332.99432373 
        5054.96303029            0.50000000         5183.39404297        12986.19433594          347.99432373 
        5057.59077899            0.50000000         5121.39404297        12892.19433594          343.99432373 
        5060.17469022            0.50000000         5069.39404297        12774.19433594          350.99432373 
        5062.80314330            0.50000000         4980.39404297        12658.19433594          352.99432373 
        5065.57534886            0.50000000         4919.39404297        12552.19433594          338.99432373 
        5068.27256280            0.50000000         4867.39404297        12604.19433594          361.99432373 
        5071.08266027            0.50000000         4693.39404297        12298.19433594          332.99432373 
        5073.96941438            0.50000000         4742.39404297        12447.19433594          337.99432373 
        5076.78640166            0.50000000         4626.39404297        12382.19433594          333.99432373 
        5079.67499175            0.50000000         4469.39404297        12088.19433594          316.99432373 
        5082.72473631            0.50000000         4445.39404297        12163.19433594          301.99432373 
        5085.73113767            0.50000000         4340.39404297        11996.19433594          270.99432373 
        5088.70981837            0.50000000         4326.39404297        11985.19433594          276.99432373 
        5091.84521627            0.50000000         4212.39404297        11863.19433594          263.99432373 
        5094.96898338            0.50000000         4132.39404297        11812.19433594          255.99432373 
        5098.07049004            0.50000000         4100.39404297        11872.19433594          262.99432373 
        5101.24493511            0.50000000         4003.39404297        11763.19433594          280.99432373 
        5104.51381344            0.50000000         3908.39404297        11657.19433594          273.99432373 
        5107.78194517            0.50000000         3848.39404297        11593.19433594          299.99432373 
        5111.07058345            0.50000000         3826.39404297        11601.19433594          282.99432373 
        5114.40642495            0.50000000         3848.39404297        11660.19433594          296.99432373 
        5117.78432897            0.50000000         3696.39404297        11401.19433594          277.99432373 
        5121.18310842            0.50000000         3610.39404297        11334.19433594          289.99432373 
        5124.60819017            0.50000000         3539.39404297        11081.19433594          272.99432373 
        5128.08645346            0.50000000         3563.39404297        11323.19433594          287.99432373 
        5131.61275934            0.50000000         3453.39404297        11014.19433594          261.99432373 
        5135.14434185            0.50000000         3384.39404297        10941.19433594          265.99432373 
        5138.71886720            0.50000000         3301.39404297        10783.19433594          273.99432373 
        5142.42810781            0.50000000         3286.39404297        10833.19433594          270.99432373 
        5145.98668794            0.50000000         3133.39404297        10517.19433594          249.99432373 
        5149.70193983            0.50000000         3081.39404297        10467.19433594          255.99432373 
        5153.42843777            0.50000000         3023.39404297        10324.19433594          249.99432373 
        5157.18248472            0.50000000         2951.39404297        10270.19433594          246.99432373 
        5161.03478849            0.50000000         2883.39404297        10117.19433594          233.99432373 
        5164.84983618            0.50000000         2789.39404297         9974.19433594          233.99432373 
        5168.74728178            0.50000000         2819.39404297        10178.19433594          246.99432373 
        5172.70568737            0.50000000         2706.39404297         9820.19433594          240.99432373 
        5176.55043219            0.50000000         2603.39404297         9637.19433594          241.99432373 
        5180.56015224            0.50000000         2092.39404297         7829.19433594          197.99432373 
        5184.54919932            0.50000000         2527.39404297         9530.19433594          251.99432373 
        5188.54491822            0.50000000         2441.39404297         9371.19433594          238.99432373 
        5192.70690048            0.50000000         2335.39404297         9036.19433594          246.99432373 
        5196.83203404            0.50000000         2241.39404297         8763.19433594          217.99432373 
        5200.94771756            0.50000000         2139.39404297         8475.19433594          210.99432373 
        5205.15344710            0.50000000         2046.39404297         8196.19433594          198.99432373 
        5208.93438865            0.50000000         1911.39404297         7677.19433594          183.99432373 
