# 1-D Scan File created by LabVIEW Control Panel  12/5/2011  10:40:54 PM; Scan time 0 hrs 4 min 28 sec. 
#
# Beamline 20 BM
#
# Scan config: 
#                 E0: 4966.00 eV   223 points
#        Scan bounds:  -100.00 -30.00 40.00 243.35 (7.99 (k))
#       Scan step(s):  5.00 0.50 0.07
#  Integration times:  0.50 0.50 0.50    kwgt in EXAFS region: 0.0 
#
# User Comment:
# 50oC
#
#
# Amplifier Sensitivities:
# Preslit: 20 nA/V  I0: 20 nA/V  I: 100 pA/V  IREF: 50 pA/V  
#
# Analog Input Voltages at start/end of scan:
# Preslit: 0.034/0.032  I0: 0.781/0.531  Ignore: 0.021/0.014  I: 0.940/1.032  IREF: 0.245/0.152  
#
# Mono Info:
# 
#
# ID Info:
# 
#
# Slit Info:
# Kappa S1:  Center is at -542 (H), 500 (V)   Size is 8000 wide x 2000 high
# Vacuum Slits:  Center is at 850 (H), -25 (V)   Size is 899 wide x 1000 high
#
# Motor Positions:
# SMV (20bm:m29): -37594.243125 SMH (20bm:m30): 4802.187500 
#
# Detector Names/PVs:
# I0/20bm:scaler1_netA.C  I/20bm:scaler1_netA.E  IREF/20bm:scaler1_netA.F  
#
# Positioner names/Drive PVs/Readback PVs:
# Mono Energy */20bm:monoE.VAL/20bm:EnctoE.VAL  Scaler preset time */20bm:scaler1.TP/  
# Here is a readable list of column headings:
#  1) Mono Energy *        
#  2) Scaler preset time * 
#  3) I0                   
#  4) I                    
#  5) IREF                 
#
# Column Headings:
#Mono Energy *        Scaler preset time * I0                   I                    IREF                 
        4865.41045621            0.50000000        34118.39453125        41957.19531250         6090.99414062 
        4870.46676900            0.50000000        34106.39453125        42099.19531250         6065.99414062 
        4875.48189209            0.50000000        34157.39453125        42738.19531250         6004.99414062 
        4880.55643691            0.50000000        33979.39453125        42886.19531250         5912.99414062 
        4885.60887503            0.50000000        33806.39453125        43019.19531250         5851.99414062 
        4890.59556114            0.50000000        33870.39453125        43559.19531250         5850.99414062 
        4895.68537692            0.50000000        33785.39453125        43835.19531250         5783.99414062 
        4900.79653417            0.50000000        33725.39453125        44184.19531250         5689.99414062 
        4905.83191233            0.50000000        33689.39453125        44559.19531250         5669.99414062 
        4910.83967791            0.50000000        33636.39453125        44986.19531250         5649.99414062 
        4915.85866957            0.50000000        33254.39453125        44995.19531250         5493.99414062 
        4920.87913585            0.50000000        33423.39453125        45690.19531250         5510.99414062 
        4925.92066726            0.50000000        33388.39453125        46177.19531250         5518.99414062 
        4930.93420707            0.50000000        33378.39453125        46739.19531250         5495.99414062 
        4935.99835873            0.50000000        33254.39453125        47090.19531250         5467.99414062 
        4936.50096555            0.50000000        33476.39453125        47543.19531250         5510.99414062 
        4936.97903881            0.50000000        33480.39453125        47577.19531250         5533.99414062 
        4937.47693425            0.50000000        33459.39453125        47558.19531250         5505.99414062 
        4937.95521464            0.50000000        33265.39453125        47360.19531250         5464.99414062 
        4938.45825816            0.50000000        33399.39453125        47576.19531250         5532.99414062 
        4938.97621436            0.50000000        33396.39453125        47589.19531250         5547.99414062 
        4939.47455121            0.50000000        33314.39453125        47602.19531250         5456.99414062 
        4940.02235542            0.50000000        33336.39453125        47675.19531250         5533.99414062 
        4940.49623937            0.50000000        33391.39453125        47803.19531250         5533.99414062 
        4941.00972605            0.50000000        33394.39453125        47933.19531250         5525.99414062 
        4941.48381752            0.50000000        33171.39453125        47688.19531250         5439.99414062 
        4941.97776879            0.50000000        33274.39453125        47946.19531250         5459.99414062 
        4942.45700487            0.50000000        33463.39453125        48205.19531250         5541.99414062 
        4943.00553395            0.50000000        33293.39453125        47963.19531250         5462.99414062 
        4943.48993175            0.50000000        33300.39453125        48025.19531250         5490.99414062 
        4944.04860114            0.50000000        33489.39453125        48337.19531250         5589.99414062 
        4944.49860358            0.50000000        33244.39453125        48068.19531250         5488.99414062 
        4945.02784210            0.50000000        33281.39453125        48214.19531250         5470.99414062 
        4945.50277852            0.50000000        33114.39453125        47954.19531250         5412.99414062 
        4946.00255908            0.50000000        33168.39453125        48113.19531250         5439.99414062 
        4946.46780078            0.50000000        33262.39453125        48243.19531250         5570.99414062 
        4947.02225646            0.50000000        33247.39453125        48502.19531250         5515.99414062 
        4947.51246903            0.50000000        33292.39453125        48553.19531250         5582.99414062 
        4948.08699488            0.50000000        33250.39453125        48639.19531250         5508.99414062 
        4948.50807641            0.50000000        33150.39453125        48532.19531250         5494.99414062 
        4949.04816641            0.50000000        33142.39453125        48510.19531250         5491.99414062 
        4949.50907921            0.50000000        33202.39453125        48678.19531250         5504.99414062 
        4950.02461992            0.50000000        33130.39453125        48621.19531250         5501.99414062 
        4950.47085585            0.50000000        33217.39453125        48765.19531250         5473.99414062 
        4951.04117440            0.50000000        33310.39453125        49031.19531250         5493.99414062 
        4951.51737660            0.50000000        33168.39453125        48868.19531250         5504.99414062 
        4952.10780815            0.50000000        33284.39453125        49141.19531250         5534.99414062 
        4952.51971302            0.50000000        33312.39453125        49208.19531250         5527.99414062 
        4953.06076229            0.50000000        33219.39453125        49057.19531250         5513.99414062 
        4953.52249381            0.50000000        33352.39453125        49367.19531250         5533.99414062 
        4954.03895037            0.50000000        33225.39453125        49212.19531250         5498.99414062 
        4954.47604417            0.50000000        33258.39453125        49295.19531250         5517.99414062 
        4955.04737358            0.50000000        33366.39453125        49559.19531250         5494.99414062 
        4955.51945015            0.50000000        33151.39453125        49316.19531250         5475.99414062 
        4956.11589817            0.50000000        33354.39453125        49648.19531250         5524.99414062 
        4956.51858944            0.50000000        33082.39453125        49393.19531250         5466.99414062 
        4957.07054197            0.50000000        33218.39453125        49548.19531250         5468.99414062 
        4957.51816984            0.50000000        33198.39453125        49660.19531250         5480.99414062 
        4958.05544010            0.50000000        33181.39453125        49591.19531250         5501.99414062 
        4958.47838134            0.50000000        33189.39453125        49655.19531250         5493.99414062 
        4959.05072168            0.50000000        33221.39453125        49840.19531250         5501.99414062 
        4959.52363366            0.50000000        33127.39453125        49690.19531250         5474.99414062 
        4960.11117759            0.50000000        33227.39453125        49929.19531250         5487.99414062 
        4960.52454130            0.50000000        33141.39453125        49857.19531250         5467.99414062 
        4961.05754314            0.50000000        33343.39453125        50168.19531250         5528.99414062 
        4961.51592534            0.50000000        33011.39453125        49714.19531250         5434.99414062 
        4962.05414447            0.50000000        33325.39453125        50330.19531250         5485.99414062 
        4962.47284771            0.50000000        32986.39453125        49910.19531250         5391.99414062 
        4963.05118409            0.50000000        33368.39453125        50455.19531250         5470.99414062 
        4963.52493153            0.50000000        32959.39453125        49953.19531250         5342.99414062 
        4964.12349083            0.50000000        33107.39453125        50220.19531250         5300.99414062 
        4964.51263909            0.50000000        32985.39453125        50124.19531250         5231.99414062 
        4965.06155141            0.50000000        33174.39453125        50444.19531250         5107.99414062 
        4965.51076028            0.50000000        32946.39453125        50127.19531250         4841.99414062 
        4966.04992835            0.50000000        33158.39453125        50467.19531250         4224.99414062 
        4966.46437607            0.50000000        33025.39453125        50330.19531250         3372.99438477 
        4967.04373103            0.50000000        33074.39453125        50323.19531250         2989.99438477 
        4967.51331682            0.50000000        32960.39453125        50121.19531250         3168.99438477 
        4968.10793180            0.50000000        33088.39453125        50202.19531250         3566.99438477 
        4968.50276223            0.50000000        33014.39453125        49951.19531250         3668.99438477 
        4969.05264049            0.50000000        33132.39453125        49916.19531250         3640.99438477 
        4969.49763945            0.50000000        32970.39453125        49476.19531250         3475.99438477 
        4970.03775531            0.50000000        33012.39453125        49297.19531250         3336.99438477 
        4970.44792907            0.50000000        32925.39453125        49043.19531250         3154.99438477 
        4971.03830911            0.50000000        33014.39453125        49073.19531250         3104.99438477 
        4971.50371675            0.50000000        32967.39453125        49203.19531250         3072.99438477 
        4972.09937742            0.50000000        33025.39453125        49528.19531250         3002.99438477 
        4972.49490225            0.50000000        32888.39453125        49485.19531250         2982.99438477 
        4973.04073942            0.50000000        32985.39453125        49547.19531250         2887.99438477 
        4973.49653875            0.50000000        32927.39453125        49386.19531250         2746.99438477 
        4974.03259554            0.50000000        33016.39453125        49009.19531250         2575.99438477 
        4974.44349097            0.50000000        32847.39453125        48189.19531250         2452.99438477 
        4975.03490985            0.50000000        32925.39453125        47083.19531250         2307.99438477 
        4975.49612282            0.50000000        32912.39453125        46172.19531250         2197.99438477 
        4976.08781551            0.50000000        33108.39453125        45258.19531250         2093.99438477 
        4976.48403479            0.50000000        32771.39453125        44136.19531250         1997.99438477 
        4977.03584747            0.50000000        33083.39453125        44023.19531250         1940.99438477 
        4977.49244822            0.50000000        32790.39453125        43197.19531250         1849.99438477 
        4978.02944764            0.50000000        33051.39453125        43182.19531250         1818.99438477 
        4978.44106569            0.50000000        32776.39453125        42543.19531250         1722.99438477 
        4979.02348178            0.50000000        33024.39453125        42542.19531250         1717.99438477 
        4979.50057150            0.50000000        32832.39453125        42030.19531250         1630.99438477 
        4980.09330639            0.50000000        32997.39453125        41949.19531250         1620.99438477 
        4980.49022362            0.50000000        32930.39453125        41424.19531250         1573.99438477 
        4981.04300843            0.50000000        33038.39453125        41167.19531250         1557.99438477 
        4981.50041366            0.50000000        33027.39453125        40464.19531250         1523.99438477 
        4982.02830308            0.50000000        32950.39453125        39464.19531250         1494.99438477 
        4982.44567369            0.50000000        32958.39453125        38525.19531250         1464.99438477 
        4983.02408464            0.50000000        33055.39453125        37205.19531250         1433.99438477 
        4983.49698181            0.50000000        32846.39453125        35721.19531250         1391.99438477 
        4984.07062709            0.50000000        32986.39453125        34348.19531250         1400.99438477 
        4984.48837195            0.50000000        32960.39453125        33079.19531250         1371.99438477 
        4985.02702350            0.50000000        32963.39453125        31863.19335937         1326.99438477 
        4985.49026494            0.50000000        32968.39453125        30977.19335937         1350.99438477 
        4986.01404252            0.50000000        32858.39453125        30268.19335937         1317.99438477 
        4986.44221934            0.50000000        32938.39453125        29942.19335937         1294.99438477 
        4987.01660625            0.50000000        32910.39453125        29612.19335937         1329.99438477 
        4987.49033236            0.50000000        32856.39453125        29493.19335937         1303.99438477 
        4988.08010764            0.50000000        32927.39453125        29641.19335937         1341.99438477 
        4988.48850294            0.50000000        32740.39453125        29744.19335937         1307.99438477 
        4989.02305661            0.50000000        32878.39453125        30444.19335937         1310.99438477 
        4989.49215497            0.50000000        32710.39453125        30836.19335937         1329.99438477 
        4989.99666940            0.50000000        32709.39453125        31555.19335937         1321.99438477 
        4990.44073437            0.50000000        32731.39453125        32228.19335937         1315.99438477 
        4991.01108087            0.50000000        32729.39453125        32958.19531250         1354.99438477 
        4991.48563699            0.50000000        32598.39453125        33452.19531250         1328.99438477 
        4992.05119435            0.50000000        32647.39453125        34121.19531250         1343.99438477 
        4992.48555669            0.50000000        32594.39453125        34429.19531250         1329.99438477 
        4993.01094247            0.50000000        32562.39453125        34788.19531250         1338.99438477 
        4993.48086097            0.50000000        32647.39453125        35049.19531250         1367.99438477 
        4993.97614852            0.50000000        32555.39453125        35156.19531250         1346.99438477 
        4994.44626562            0.50000000        32485.39453125        35186.19531250         1334.99438477 
        4994.99232947            0.50000000        32741.39453125        35472.19531250         1366.99438477 
        4995.47277130            0.50000000        32615.39453125        35246.19531250         1347.99438477 
        4996.03425762            0.50000000        32437.39453125        34961.19531250         1320.99438477 
        4996.49467815            0.50000000        32668.39453125        35004.19531250         1338.99438477 
        4997.00580294            0.50000000        32636.39453125        34742.19531250         1304.99438477 
        4997.48160591            0.50000000        32443.39453125        34302.19531250         1274.99438477 
        4997.94738131            0.50000000        32565.39453125        34145.19531250         1275.99438477 
        4998.46389539            0.50000000        32440.39453125        33732.19531250         1254.99438477 
        4998.97546057            0.50000000        32410.39453125        33307.19531250         1229.99438477 
        4999.47194012            0.50000000        32550.39453125        33288.19531250         1235.99438477 
        5000.01413781            0.50000000        32554.39453125        33115.19531250         1220.99438477 
        5000.50070493            0.50000000        32449.39453125        32911.19531250         1208.99438477 
        5000.98230551            0.50000000        32349.39453125        32786.19531250         1187.99438477 
        5001.48429187            0.50000000        32617.39453125        33111.19531250         1193.99438477 
        5001.94073867            0.50000000        32487.39453125        33184.19531250         1182.99438477 
        5002.46830168            0.50000000        32466.39453125        33260.19531250         1188.99438477 
        5002.94524210            0.50000000        32336.39453125        33369.19531250         1156.99438477 
        5003.47811220            0.50000000        32466.39453125        33862.19531250         1190.99438477 
        5003.99079951            0.50000000        32234.39453125        33930.19531250         1158.99438477 
        5004.51883513            0.50000000        32320.39453125        34430.19531250         1176.99438477 
        5004.96572959            0.50000000        32232.39453125        34710.19531250         1158.99438477 
        5005.48383002            0.50000000        32458.39453125        35360.19531250         1184.99438477 
        5005.93091279            0.50000000        32249.39453125        35573.19531250         1174.99438477 
        5007.61333520            0.50000000        32324.39453125        37032.19531250         1183.99438477 
        5009.40894200            0.50000000        32319.39453125        38101.19531250         1256.99438477 
        5011.21104860            0.50000000        32074.39453125        38379.19531250         1260.99438477 
        5013.03495880            0.50000000        32021.39453125        38606.19531250         1279.99438477 
        5014.84501723            0.50000000        31876.39453125        38297.19531250         1270.99438477 
        5016.82496795            0.50000000        31935.39453125        38380.19531250         1304.99438477 
        5018.76064096            0.50000000        31787.39453125        38414.19531250         1289.99438477 
        5020.80022340            0.50000000        31797.39453125        38994.19531250         1298.99438477 
        5022.79043168            0.50000000        31775.39453125        39374.19531250         1307.99438477 
        5024.88994585            0.50000000        31587.39453125        39598.19531250         1291.99438477 
        5026.92984435            0.50000000        31506.39453125        39569.19531250         1268.99438477 
        5029.07419758            0.50000000        31344.39453125        39364.19531250         1274.99438477 
        5031.21541128            0.50000000        31473.39453125        39529.19531250         1248.99438477 
        5033.48202632            0.50000000        31475.39453125        39268.19531250         1193.99438477 
        5035.75601840            0.50000000        31296.39453125        38614.19531250         1125.99438477 
        5038.02710115            0.50000000        31271.39453125        38083.19531250         1089.99438477 
        5040.27979028            0.50000000        31067.39453125        37738.19531250         1072.99438477 
        5042.66374297            0.50000000        31115.39453125        38017.19531250         1071.99438477 
        5045.13284748            0.50000000        30999.39453125        38226.19531250         1064.99438477 
        5047.46490313            0.50000000        30866.39453125        38384.19531250         1049.99438477 
        5050.00128876            0.50000000        30883.39453125        38807.19531250         1081.99438477 
        5052.44713106            0.50000000        30478.39453125        38433.19531250         1093.99438477 
        5054.97341079            0.50000000        30492.39453125        38701.19531250         1129.99438477 
        5057.59077899            0.50000000        30390.39453125        38906.19531250         1151.99438477 
        5060.18509407            0.50000000        30302.39453125        39287.19531250         1139.99438477 
        5062.80835111            0.50000000        30153.39453125        39515.19531250         1164.99438477 
        5065.57534886            0.50000000        30197.39453125        39931.19531250         1182.99438477 
        5068.28822308            0.50000000        30083.39453125        40063.19531250         1198.99438477 
        5071.09833948            0.50000000        29663.39453125        39840.19531250         1186.99438477 
        5073.99557888            0.50000000        29863.39453125        40686.19531250         1217.99438477 
        5076.80211933            0.50000000        29596.39453125        40653.19531250         1189.99438477 
        5079.69072890            0.50000000        29273.39453125        40590.19531250         1131.99438477 
        5082.73524146            0.50000000        29302.39453125        41024.19531250         1090.99438477 
        5085.75217509            0.50000000        29122.39453125        41235.19531250         1082.99438477 
        5088.73614873            0.50000000        29165.39453125        41765.19531250         1047.99438477 
        5091.86103566            0.50000000        29004.39453125        41782.19531250         1030.99438477 
        5094.99010411            0.50000000        28738.39453125        41684.19531250         1003.99432373 
        5098.09163877            0.50000000        28673.39453125        41994.19531250         1052.99438477 
        5101.26611252            0.50000000        28555.39453125        42308.19531250         1082.99438477 
        5104.54032216            0.50000000        28339.39453125        42565.19531250         1143.99438477 
        5107.82441840            0.50000000        28257.39453125        42791.19531250         1152.99438477 
        5111.09716633            0.50000000        28257.39453125        43099.19531250         1169.99438477 
        5114.42772144            0.50000000        28171.39453125        43256.19531250         1171.99438477 
        5117.80032428            0.50000000        27743.39453125        42829.19531250         1170.99438477 
        5121.19912685            0.50000000        27440.39453125        42623.19531250         1179.99438477 
        5124.63492646            0.50000000        27261.39453125        42737.19531250         1167.99438477 
        5128.11322923            0.50000000        27569.39453125        43561.19531250         1200.99438477 
        5131.63421198            0.50000000        27289.39453125        43598.19531250         1202.99438477 
        5135.16045539            0.50000000        27111.39453125        43690.19531250         1188.99438477 
        5138.74576382            0.50000000        26940.39453125        43797.19531250         1186.99438477 
        5142.43888330            0.50000000        27047.39453125        44483.19531250         1186.99438477 
        5146.00287552            0.50000000        26387.39453125        43826.19531250         1141.99438477 
        5149.72355718            0.50000000        26272.39453125        44208.19531250         1117.99438477 
        5153.44467626            0.50000000        26287.39453125        44785.19531250         1145.99438477 
        5157.19332751            0.50000000        25908.39453125        44694.19531250         1152.99438477 
        5161.04564888            0.50000000        25836.39453125        45129.19531250         1169.99438477 
        5164.86615295            0.50000000        25497.39453125        45209.19531250         1180.99438477 
        5168.75817745            0.50000000        25358.39453125        45632.19531250         1229.99438477 
        5172.70568737            0.50000000        24995.39453125        45555.19531250         1230.99438477 
        5176.55589789            0.50000000        24608.39453125        45467.19531250         1262.99438477 
        5180.56562714            0.50000000        20672.39453125        38916.19531250         1109.99438477 
        5184.56016742            0.50000000        24823.39453125        46796.19531250         1314.99438477 
        5188.55590467            0.50000000        24394.39453125        46701.19531250         1320.99438477 
        5192.71240326            0.50000000        23906.39453125        46285.19531250         1309.99438477 
        5196.84305860            0.50000000        23422.39453125        45909.19531250         1296.99438477 
        5200.95876107            0.50000000        23066.39453125        45810.19531250         1293.99438477 
        5205.15344710            0.50000000        22683.39453125        45626.19531250         1307.99438477 
        5208.93438865            0.50000000        21969.39453125        44834.19531250         1262.99438477 
