# 1-D Scan File created by LabVIEW Control Panel  12/6/2011  1:16:31 AM; Scan time 0 hrs 4 min 28 sec. 
#
# Beamline 20 BM
#
# Scan config: 
#                 E0: 4966.00 eV   223 points
#        Scan bounds:  -100.00 -30.00 40.00 243.35 (7.99 (k))
#       Scan step(s):  5.00 0.50 0.07
#  Integration times:  0.50 0.50 0.50    kwgt in EXAFS region: 0.0 
#
# User Comment:
# 50oC
#
#
# Amplifier Sensitivities:
# Preslit: 20 nA/V  I0: 20 nA/V  I: 100 pA/V  IREF: 50 pA/V  
#
# Analog Input Voltages at start/end of scan:
# Preslit: 0.034/0.031  I0: 0.548/0.348  Ignore: 0.016/0.009  I: 0.838/0.670  IREF: 0.230/0.141  
#
# Mono Info:
# 
#
# ID Info:
# 
#
# Slit Info:
# Kappa S1:  Center is at -542 (H), 500 (V)   Size is 8000 wide x 2000 high
# Vacuum Slits:  Center is at 850 (H), -25 (V)   Size is 899 wide x 1000 high
#
# Motor Positions:
# SMV (20bm:m29): -37594.243125 SMH (20bm:m30): 4802.187500 
#
# Detector Names/PVs:
# I0/20bm:scaler1_netA.C  I/20bm:scaler1_netA.E  IREF/20bm:scaler1_netA.F  
#
# Positioner names/Drive PVs/Readback PVs:
# Mono Energy */20bm:monoE.VAL/20bm:EnctoE.VAL  Scaler preset time */20bm:scaler1.TP/  
# Here is a readable list of column headings:
#  1) Mono Energy *        
#  2) Scaler preset time * 
#  3) I0                   
#  4) I                    
#  5) IREF                 
#
# Column Headings:
#Mono Energy *        Scaler preset time * I0                   I                    IREF                 
        4865.40568254            0.50000000        22531.39453125        36791.19531250         5261.99414062 
        4870.45719986            0.50000000        22358.39453125        36802.19531250         5199.99414062 
        4875.46750590            0.50000000        22274.39453125        36941.19531250         5117.99414062 
        4880.54201781            0.50000000        22076.39453125        36992.19531250         4992.99414062 
        4885.58960585            0.50000000        21909.39453125        37083.19531250         4905.99414062 
        4890.57142068            0.50000000        21870.39453125        37310.19531250         4847.99414062 
        4895.66118128            0.50000000        21760.39453125        37478.19531250         4774.99414062 
        4900.77713326            0.50000000        21657.39453125        37671.19531250         4696.99414062 
        4905.80760651            0.50000000        21546.39453125        37748.19531250         4688.99414062 
        4910.81531763            0.50000000        21460.39453125        37988.19531250         4684.99414062 
        4915.82937170            0.50000000        21173.39453125        37983.19531250         4544.99414062 
        4920.86445405            0.50000000        21211.39453125        38412.19531250         4530.99414062 
        4925.89614265            0.50000000        21096.39453125        38660.19531250         4525.99414062 
        4930.89979604            0.50000000        21008.39453125        38956.19531250         4518.99414062 
        4935.97372402            0.50000000        20918.39453125        39246.19531250         4481.99414062 
        4936.48125336            0.50000000        21013.39453125        39571.19531250         4511.99414062 
        4936.95439338            0.50000000        21061.39453125        39608.19531250         4533.99414062 
        4937.45228338            0.50000000        21055.39453125        39662.19531250         4506.99414062 
        4937.92562734            0.50000000        20929.39453125        39536.19531250         4489.99414062 
        4938.44346116            0.50000000        20992.39453125        39669.19531250         4535.99414062 
        4938.95154708            0.50000000        21042.39453125        39678.19531250         4505.99414062 
        4939.45481300            0.50000000        21009.39453125        39857.19531250         4503.99414062 
        4939.99767669            0.50000000        21009.39453125        39712.19531250         4534.99414062 
        4940.47649222            0.50000000        21060.39453125        39965.19531250         4501.99414062 
        4940.98503651            0.50000000        21029.39453125        40018.19531250         4516.99414062 
        4941.45418389            0.50000000        20901.39453125        39875.19531250         4519.99414062 
        4941.95306866            0.50000000        20973.39453125        40005.19531250         4475.99414062 
        4942.44218161            0.50000000        21098.39453125        40218.19531250         4534.99414062 
        4942.98082257            0.50000000        20909.39453125        39929.19531250         4479.99414062 
        4943.47015837            0.50000000        20966.39453125        40101.19531250         4485.99414062 
        4944.02882287            0.50000000        21026.39453125        40213.19531250         4508.99414062 
        4944.47882136            0.50000000        20876.39453125        40013.19531250         4483.99414062 
        4944.99816189            0.50000000        20870.39453125        40054.19531250         4474.99414062 
        4945.46814437            0.50000000        20765.39453125        39916.19531250         4446.99414062 
        4945.96791726            0.50000000        20804.39453125        39952.19531250         4452.99414062 
        4946.43810164            0.50000000        20909.39453125        40100.19531250         4460.99414062 
        4946.99750107            0.50000000        20885.39453125        40287.19531250         4471.99414062 
        4947.48275614            0.50000000        20859.39453125        40241.19531250         4497.99414062 
        4948.05727444            0.50000000        20878.39453125        40315.19531250         4508.99414062 
        4948.48330474            0.50000000        20796.39453125        40300.19531250         4472.99414062 
        4949.02338881            0.50000000        20776.39453125        40311.19531250         4456.99414062 
        4949.48925307            0.50000000        20825.39453125        40449.19531250         4506.99414062 
        4949.99983162            0.50000000        20784.39453125        40430.19531250         4497.99414062 
        4950.44606265            0.50000000        20774.39453125        40417.19531250         4437.99414062 
        4951.02133482            0.50000000        20897.39453125        40681.19531250         4521.99414062 
        4951.49257193            0.50000000        20759.39453125        40494.19531250         4453.99414062 
        4952.09292143            0.50000000        20877.39453125        40737.19531250         4488.99414062 
        4952.48993425            0.50000000        20826.39453125        40640.19531250         4505.99414062 
        4953.03594068            0.50000000        20812.39453125        40588.19531250         4463.99414062 
        4953.49270183            0.50000000        20833.39453125        40770.19531250         4483.99414062 
        4954.00915160            0.50000000        20785.39453125        40767.19531250         4461.99414062 
        4954.45120703            0.50000000        20784.39453125        40787.19531250         4466.99414062 
        4955.02749883            0.50000000        20850.39453125        40981.19531250         4506.99414062 
        4955.49957126            0.50000000        20637.39453125        40668.19531250         4434.99414062 
        4956.09104303            0.50000000        20825.39453125        41031.19531250         4553.99414062 
        4956.49870177            0.50000000        20607.39453125        40656.19531250         4421.99414062 
        4957.04567635            0.50000000        20722.39453125        40896.19531250         4449.99414062 
        4957.50324748            0.50000000        20720.39453125        40874.19531250         4464.99414062 
        4958.03553893            0.50000000        20691.39453125        40925.19531250         4457.99414062 
        4958.45847645            0.50000000        20683.39453125        40884.19531250         4478.99414062 
        4959.03081176            0.50000000        20733.39453125        41097.19531250         4477.99414062 
        4959.49874109            0.50000000        20726.39453125        41102.19531250         4443.99414062 
        4960.09125835            0.50000000        20684.39453125        41165.19531250         4440.99414062 
        4960.49963774            0.50000000        20616.39453125        40992.19531250         4441.99414062 
        4961.04259746            0.50000000        20840.39453125        41456.19531250         4486.99414062 
        4961.49599375            0.50000000        20570.39453125        41035.19531250         4392.99414062 
        4962.03420815            0.50000000        20807.39453125        41427.19531250         4436.99414062 
        4962.44792274            0.50000000        20560.39453125        41123.19531250         4379.99414062 
        4963.03123900            0.50000000        20810.39453125        41496.19531250         4435.99414062 
        4963.49999498            0.50000000        20483.39453125        41001.19531250         4346.99414062 
        4964.10353630            0.50000000        20559.39453125        41157.19531250         4307.99414062 
        4964.49268115            0.50000000        20454.39453125        41095.19531250         4262.99414062 
        4965.04158863            0.50000000        20578.39453125        41303.19531250         4121.99414062 
        4965.49079356            0.50000000        20459.39453125        41232.19531250         3901.99438477 
        4966.02995688            0.50000000        20563.39453125        41297.19531250         3424.99438477 
        4966.44440095            0.50000000        20509.39453125        41341.19531250         2724.99438477 
        4967.02874585            0.50000000        20523.39453125        41204.19531250         2369.99438477 
        4967.49832854            0.50000000        20395.39453125        41074.19531250         2521.99438477 
        4968.09293960            0.50000000        20480.39453125        41024.19531250         2814.99438477 
        4968.47777093            0.50000000        20351.39453125        40758.19531250         2896.99438477 
        4969.03264258            0.50000000        20494.39453125        40711.19531250         2893.99438477 
        4969.48263806            0.50000000        20347.39453125        40427.19531250         2753.99438477 
        4970.02275036            0.50000000        20454.39453125        40321.19531250         2641.99438477 
        4970.43792395            0.50000000        20365.39453125        40053.19531250         2519.99438477 
        4971.02329755            0.50000000        20456.39453125        40024.19531250         2448.99438477 
        4971.49370698            0.50000000        20314.39453125        40052.19531250         2403.99438477 
        4972.08936502            0.50000000        20433.39453125        40394.19531250         2373.99438477 
        4972.47487403            0.50000000        20374.39453125        40474.19531250         2357.99438477 
        4973.03072288            0.50000000        20414.39453125        40500.19531250         2283.99438477 
        4973.48151094            0.50000000        20308.39453125        40272.19531250         2147.99438477 
        4974.01255376            0.50000000        20376.39453125        39967.19531250         2019.99438477 
        4974.42845690            0.50000000        20280.39453125        39427.19531250         1923.99438477 
        4975.01987187            0.50000000        20377.39453125        38693.19531250         1804.99438477 
        4975.48108179            0.50000000        20257.39453125        37766.19531250         1731.99438477 
        4976.07277057            0.50000000        20434.39453125        37123.19531250         1641.99438477 
        4976.46898723            0.50000000        20221.39453125        36276.19531250         1545.99438477 
        4977.02079626            0.50000000        20436.39453125        36187.19531250         1514.99438477 
        4977.48241205            0.50000000        20157.39453125        35330.19531250         1406.99438477 
        4978.00937062            0.50000000        20415.39453125        35404.19531250         1367.99438477 
        4978.42600518            0.50000000        20172.39453125        34765.19531250         1319.99438477 
        4979.01343887            0.50000000        20279.39453125        34658.19531250         1303.99438477 
        4979.48550398            0.50000000        20264.39453125        34462.19531250         1272.99438477 
        4980.07823494            0.50000000        20356.39453125        34334.19531250         1238.99438477 
        4980.47514955            0.50000000        20229.39453125        33792.19531250         1191.99438477 
        4981.02793070            0.50000000        20196.39453125        33302.19531250         1146.99438477 
        4981.48030601            0.50000000        20163.39453125        32738.19335937         1158.99438477 
        4982.00819077            0.50000000        20131.39453125        31951.19335937         1119.99438477 
        4982.42555769            0.50000000        20153.39453125        31285.19335937         1088.99438477 
        4983.01402407            0.50000000        20192.39453125        30250.19335937         1097.99438477 
        4983.47182523            0.50000000        20067.39453125        29146.19335937         1065.99438477 
        4984.05552931            0.50000000        20125.39453125        28001.19335937         1054.99438477 
        4984.46823792            0.50000000        20086.39453125        27026.19335937         1027.99438477 
        4985.01191939            0.50000000        20076.39453125        26044.19335937          991.99432373 
        4985.47515775            0.50000000        20070.39453125        25329.19335937         1006.99432373 
        4985.98885815            0.50000000        20009.39453125        24722.19335937          981.99432373 
        4986.43214366            0.50000000        20081.39453125        24443.19335937          971.99432373 
        4986.99644987            0.50000000        19994.39453125        24059.19335937          986.99432373 
        4987.47017180            0.50000000        19932.39453125        23929.19335937          989.99432373 
        4988.05490045            0.50000000        20062.39453125        24131.19335937          985.99432373 
        4988.46833355            0.50000000        19875.39453125        24074.19335937          971.99432373 
        4989.00288250            0.50000000        19974.39453125        24538.19335937         1009.99432373 
        4989.47197671            0.50000000        19814.39453125        24779.19335937          980.99432373 
        4989.97648668            0.50000000        19764.39453125        25206.19335937          949.99432373 
        4990.42054772            0.50000000        19852.39453125        25832.19335937          984.99432373 
        4990.99088918            0.50000000        19796.39453125        26269.19335937          979.99432373 
        4991.46544110            0.50000000        19818.39453125        26786.19335937          972.99432373 
        4992.03099346            0.50000000        19856.39453125        27463.19335937         1002.99432373 
        4992.46535196            0.50000000        19819.39453125        27704.19335937          980.99432373 
        4992.99578542            0.50000000        19748.39453125        27949.19335937         1019.99432373 
        4993.46570080            0.50000000        19843.39453125        28244.19335937         1028.99438477 
        4993.94582171            0.50000000        19728.39453125        28212.19335937          994.99432373 
        4994.43109904            0.50000000        19716.39453125        28312.19335937         1011.99432373 
        4994.97715927            0.50000000        19882.39453125        28530.19335937         1019.99432373 
        4995.45254013            0.50000000        19777.39453125        28361.19335937         1006.99432373 
        4996.00390349            0.50000000        19637.39453125        28044.19335937          994.99432373 
        4996.47949797            0.50000000        19757.39453125        28096.19335937         1005.99432373 
        4996.98049704            0.50000000        19731.39453125        27871.19335937          982.99432373 
        4997.46135696            0.50000000        19618.39453125        27547.19335937          962.99432373 
        4997.93219149            0.50000000        19703.39453125        27409.19335937          945.99432373 
        4998.44870213            0.50000000        19599.39453125        27022.19335937          960.99432373 
        4998.96026391            0.50000000        19500.39453125        26647.19335937          896.99432373 
        4999.45674017            0.50000000        19653.39453125        26731.19335937          915.99432373 
        4999.99386642            0.50000000        19601.39453125        26427.19335937          906.99432373 
        5000.49563599            0.50000000        19541.39453125        26334.19335937          895.99432373 
        5000.97216550            0.50000000        19554.39453125        26303.19335937          896.99432373 
        5001.47414964            0.50000000        19696.39453125        26440.19335937          920.99432373 
        5001.93059442            0.50000000        19532.39453125        26416.19335937          889.99432373 
        5002.45308181            0.50000000        19544.39453125        26487.19335937          889.99432373 
        5002.92494474            0.50000000        19442.39453125        26565.19335937          892.99432373 
        5003.45781011            0.50000000        19537.39453125        26958.19335937          888.99432373 
        5003.97049288            0.50000000        19309.39453125        26855.19335937          856.99432373 
        5004.50360162            0.50000000        19396.39453125        27308.19335937          856.99432373 
        5004.95049312            0.50000000        19318.39453125        27554.19335937          863.99432373 
        5005.47367006            0.50000000        19447.39453125        28018.19335937          895.99432373 
        5005.92075085            0.50000000        19258.39453125        28092.19335937          875.99432373 
        5007.59808111            0.50000000        19235.39453125        29163.19335937          884.99432373 
        5009.39876463            0.50000000        19251.39453125        29928.19335937          920.99432373 
        5011.20086323            0.50000000        19070.39453125        30233.19335937          936.99432373 
        5013.02476533            0.50000000        18976.39453125        30291.19335937          965.99432373 
        5014.83991647            0.50000000        18893.39453125        30049.19335937          941.99432373 
        5016.80965250            0.50000000        18844.39453125        29989.19335937          940.99432373 
        5018.75042204            0.50000000        18715.39453125        29992.19335937          951.99432373 
        5020.78999541            0.50000000        18653.39453125        30277.19335937          938.99432373 
        5022.78019484            0.50000000        18684.39453125        30680.19335937          983.99432373 
        5024.86945353            0.50000000        18477.39453125        30657.19335937          964.99432373 
        5026.90933386            0.50000000        18470.39453125        30785.19335937          955.99432373 
        5029.05880037            0.50000000        18256.39453125        30476.19335937          944.99432373 
        5031.19486261            0.50000000        18297.39453125        30421.19335937          933.99432373 
        5033.46145744            0.50000000        18205.39453125        30138.19335937          887.99432373 
        5035.73028197            0.50000000        18078.39453125        29625.19335937          853.99432373 
        5038.00649172            0.50000000        18007.39453125        29212.19335937          818.99432373 
        5040.25916073            0.50000000        17787.39453125        28730.19335937          770.99432373 
        5042.64309213            0.50000000        17829.39453125        28864.19335937          742.99432373 
        5045.10183820            0.50000000        17680.39453125        28930.19335937          765.99432373 
        5047.43903596            0.50000000        17549.39453125        29051.19335937          771.99432373 
        5049.97539323            0.50000000        17529.39453125        29268.19335937          754.99432373 
        5052.42120817            0.50000000        17264.39453125        28951.19335937          775.99432373 
        5054.93707924            0.50000000        17230.39453125        29117.19335937          808.99432373 
        5057.56999460            0.50000000        17107.39453125        29220.19335937          815.99432373 
        5060.15908454            0.50000000        16992.39453125        29301.19335937          823.99432373 
        5062.78751994            0.50000000        16864.39453125        29454.19335937          844.99432373 
        5065.55449286            0.50000000        16829.39453125        29608.19335937          865.99432373 
        5068.26212267            0.50000000        16670.39453125        29576.19335937          872.99432373 
        5071.07220752            0.50000000        16305.39355469        29283.19335937          841.99432373 
        5073.96418151            0.50000000        16437.39453125        29792.19335937          844.99432373 
        5076.78116247            0.50000000        16234.39355469        29763.19335937          827.99432373 
        5079.66974605            0.50000000        15873.39355469        29356.19335937          807.99432373 
        5082.71423121            0.50000000        15868.39355469        29744.19335937          781.99432373 
        5085.72061903            0.50000000        15648.39355469        29655.19335937          754.99432373 
        5088.70455233            0.50000000        15650.39355469        29837.19335937          744.99432373 
        5091.83467007            0.50000000        15523.39355469        29895.19335937          713.99432373 
        5094.96370323            0.50000000        15293.39355469        29670.19335937          726.99432373 
        5098.06520289            0.50000000        15254.39355469        29938.19335937          741.99432373 
        5101.23964079            0.50000000        15088.39355469        30020.19335937          762.99432373 
        5104.51381344            0.50000000        14972.39355469        30117.19335937          788.99432373 
        5107.78725428            0.50000000        14867.39355469        30205.19335937          802.99432373 
        5111.07058345            0.50000000        14857.39355469        30423.19335937          805.99432373 
        5114.40110086            0.50000000        14766.39355469        30421.19335937          814.99432373 
        5117.78432897            0.50000000        14473.39355469        30132.19335937          821.99432373 
        5121.18310842            0.50000000        14197.39355469        29816.19335937          798.99432373 
        5124.61353740            0.50000000        14041.39355469        29583.19335937          838.99432373 
        5128.09180859            0.50000000        14184.39355469        30121.19335937          829.99432373 
        5131.61812249            0.50000000        13893.39355469        29893.19335937          811.99432373 
        5135.14434185            0.50000000        13730.39355469        29891.19335937          802.99432373 
        5138.72424650            0.50000000        13585.39355469        29880.19335937          793.99432373 
        5142.42272008            0.50000000        13562.39355469        30131.19335937          814.99432373 
        5145.99208379            0.50000000        13083.39355469        29537.19335937          766.99432373 
        5149.70734415            0.50000000        12977.39355469        29590.19335937          763.99432373 
        5153.43926342            0.50000000        12904.39355469        29674.19335937          756.99432373 
        5157.18248472            0.50000000        12645.39355469        29477.19335937          740.99432373 
        5161.05650932            0.50000000        12515.39355469        29655.19335937          752.99432373 
        5164.86071401            0.50000000        12225.39355469        29374.19335937          752.99432373 
        5168.75272961            0.50000000        12163.39355469        29671.19335937          768.99432373 
        5172.70568737            0.50000000        11905.39355469        29346.19335937          793.99432373 
        5176.55043219            0.50000000        11640.39355469        29130.19335937          807.99432373 
        5180.56015224            0.50000000         9489.39355469        24170.19335937          702.99432373 
        5184.55468336            0.50000000        11440.39355469        29277.19335937          803.99432373 
        5188.55041144            0.50000000        11199.39355469        29179.19335937          817.99432373 
        5192.71240326            0.50000000        10898.39355469        28719.19335937          796.99432373 
        5196.84305860            0.50000000        10665.39355469        28395.19335937          789.99432373 
        5200.95876107            0.50000000        10370.39355469        28038.19335937          765.99432373 
        5205.15897853            0.50000000        10138.39355469        27553.19335937          778.99432373 
        5208.93438865            0.50000000         9620.39355469        26560.19335937          734.99432373 
