# 1-D Scan File created by LabVIEW Control Panel  12/6/2011  3:07:00 AM; Scan time 0 hrs 4 min 28 sec. 
#
# Beamline 20 BM
#
# Scan config: 
#                 E0: 4966.00 eV   223 points
#        Scan bounds:  -100.00 -30.00 40.00 243.35 (7.99 (k))
#       Scan step(s):  5.00 0.50 0.07
#  Integration times:  0.50 0.50 0.50    kwgt in EXAFS region: 0.0 
#
# User Comment:
# 50oC
#
#
# Amplifier Sensitivities:
# Preslit: 20 nA/V  I0: 20 nA/V  I: 100 pA/V  IREF: 50 pA/V  
#
# Analog Input Voltages at start/end of scan:
# Preslit: 0.031/0.030  I0: 0.446/0.255  Ignore: 0.013/0.006  I: 0.766/0.510  IREF: 0.219/0.137  
#
# Mono Info:
# 
#
# ID Info:
# 
#
# Slit Info:
# Kappa S1:  Center is at -542 (H), 500 (V)   Size is 8000 wide x 2000 high
# Vacuum Slits:  Center is at 850 (H), -25 (V)   Size is 899 wide x 1000 high
#
# Motor Positions:
# SMV (20bm:m29): -37594.243125 SMH (20bm:m30): 4802.187500 
#
# Detector Names/PVs:
# I0/20bm:scaler1_netA.C  I/20bm:scaler1_netA.E  IREF/20bm:scaler1_netA.F  
#
# Positioner names/Drive PVs/Readback PVs:
# Mono Energy */20bm:monoE.VAL/20bm:EnctoE.VAL  Scaler preset time */20bm:scaler1.TP/  
# Here is a readable list of column headings:
#  1) Mono Energy *        
#  2) Scaler preset time * 
#  3) I0                   
#  4) I                    
#  5) IREF                 
#
# Column Headings:
#Mono Energy *        Scaler preset time * I0                   I                    IREF                 
        4865.39136160            0.50000000        17280.39453125        33424.19531250         4609.99414062 
        4870.45241530            0.50000000        17069.39453125        33277.19531250         4589.99414062 
        4875.46750590            0.50000000        16946.39453125        33350.19531250         4493.99414062 
        4880.54201781            0.50000000        16764.39453125        33338.19531250         4397.99414062 
        4885.59442313            0.50000000        16602.39453125        33293.19531250         4287.99414062 
        4890.58107683            0.50000000        16514.39453125        33385.19531250         4269.99414062 
        4895.66602039            0.50000000        16401.39453125        33450.19531250         4213.99414062 
        4900.77713326            0.50000000        16274.39355469        33621.19531250         4124.99414062 
        4905.80760651            0.50000000        16147.39355469        33552.19531250         4100.99414062 
        4910.81531763            0.50000000        16061.39355469        33770.19531250         4080.99438477 
        4915.82448876            0.50000000        15785.39355469        33628.19531250         3967.99438477 
        4920.84977234            0.50000000        15783.39355469        34026.19531250         3951.99438477 
        4925.88633288            0.50000000        15647.39355469        34023.19531250         3922.99438477 
        4930.88996442            0.50000000        15584.39355469        34286.19531250         3912.99438477 
        4935.96879711            0.50000000        15437.39355469        34284.19531250         3880.99438477 
        4936.47632534            0.50000000        15551.39355469        34754.19531250         3899.99438477 
        4936.94946433            0.50000000        15535.39355469        34748.19531250         3900.99438477 
        4937.44242310            0.50000000        15518.39355469        34697.19531250         3896.99438477 
        4937.92562734            0.50000000        15410.39355469        34560.19531250         3849.99438477 
        4938.43359654            0.50000000        15432.39355469        34525.19531250         3871.99438477 
        4938.94661366            0.50000000        15458.39355469        34570.19531250         3881.99438477 
        4939.44494397            0.50000000        15411.39355469        34737.19531250         3878.99438477 
        4939.98780527            0.50000000        15386.39355469        34530.19531250         3851.99438477 
        4940.47155546            0.50000000        15409.39355469        34664.19531250         3895.99438477 
        4940.98009864            0.50000000        15356.39355469        34689.19531250         3853.99438477 
        4941.44430609            0.50000000        15265.39355469        34553.19531250         3853.99438477 
        4941.94318868            0.50000000        15305.39355469        34688.19531250         3835.99438477 
        4942.43229949            0.50000000        15437.39355469        34945.19531250         3888.99438477 
        4942.97093809            0.50000000        15312.39355469        34750.19531250         3853.99438477 
        4943.46027175            0.50000000        15279.39355469        34611.19531250         3843.99438477 
        4944.01893380            0.50000000        15312.39355469        34756.19531250         3851.99438477 
        4944.46893032            0.50000000        15234.39355469        34675.19531250         3826.99438477 
        4944.99816189            0.50000000        15243.39355469        34707.19531250         3868.99438477 
        4945.46319667            0.50000000        15162.39355469        34614.19531250         3793.99438477 
        4945.96296847            0.50000000        15172.39355469        34654.19531250         3817.99438477 
        4946.43315182            0.50000000        15239.39355469        34680.19531250         3836.99438477 
        4946.98759899            0.50000000        15184.39355469        34787.19531250         3834.99438477 
        4947.47285194            0.50000000        15204.39355469        34807.19531250         3870.99438477 
        4948.05232107            0.50000000        15176.39355469        34819.19531250         3855.99438477 
        4948.47339614            0.50000000        15131.39355469        34797.19531250         3847.99438477 
        4949.01843333            0.50000000        15116.39355469        34778.19531250         3852.99438477 
        4949.47934006            0.50000000        15158.39355469        34957.19531250         3863.99438477 
        4949.98991638            0.50000000        15104.39355469        34848.19531250         3837.99438477 
        4950.44110404            0.50000000        15140.39355469        34924.19531250         3840.99438477 
        4951.01637495            0.50000000        15244.39355469        35166.19531250         3874.99438477 
        4951.48265014            0.50000000        15147.39355469        35018.19531250         3846.99438477 
        4952.07803480            0.50000000        15204.39355469        35064.19531250         3872.99438477 
        4952.48000808            0.50000000        15218.39355469        35146.19531250         3852.99438477 
        4953.02601211            0.50000000        15201.39355469        35148.19531250         3876.99438477 
        4953.48277126            0.50000000        15179.39355469        35214.19531250         3876.99438477 
        4953.99425236            0.50000000        15098.39355469        35128.19531250         3853.99438477 
        4954.44127225            0.50000000        15131.39355469        35184.19531250         3866.99438477 
        4955.01756152            0.50000000        15165.39355469        35415.19531250         3884.99438477 
        4955.48466220            0.50000000        15086.39355469        35279.19531250         3874.99438477 
        4956.07613008            0.50000000        15164.39355469        35477.19531250         3867.99438477 
        4956.48875800            0.50000000        15016.39355469        35186.19531250         3798.99438477 
        4957.04070326            0.50000000        15071.39355469        35322.19531250         3830.99438477 
        4957.49329930            0.50000000        15035.39355469        35200.19531250         3807.99438477 
        4958.02558841            0.50000000        15015.39355469        35266.19531250         3809.99438477 
        4958.44852407            0.50000000        14974.39355469        35063.19531250         3803.99438477 
        4959.02085687            0.50000000        15086.39355469        35508.19531250         3811.99438477 
        4959.49376261            0.50000000        14966.39355469        35222.19531250         3806.99438477 
        4960.07631904            0.50000000        15049.39355469        35532.19531250         3804.99438477 
        4960.48469573            0.50000000        14956.39355469        35305.19531250         3797.99438477 
        4961.03263372            0.50000000        15109.39355469        35679.19531250         3830.99438477 
        4961.48104517            0.50000000        14914.39355469        35297.19531250         3770.99438477 
        4962.01427201            0.50000000        15112.39355469        35794.19531250         3798.99438477 
        4962.43795282            0.50000000        14856.39355469        35239.19531250         3732.99438477 
        4963.02126652            0.50000000        15112.39355469        35803.19531250         3800.99438477 
        4963.49002044            0.50000000        14861.39355469        35299.19531250         3693.99438477 
        4964.09355911            0.50000000        14965.39355469        35597.19531250         3701.99438477 
        4964.48270224            0.50000000        14888.39355469        35509.19531250         3623.99438477 
        4965.03160731            0.50000000        14947.39355469        35588.19531250         3562.99438477 
        4965.47581862            0.50000000        14837.39355469        35464.19531250         3317.99438477 
        4966.01997121            0.50000000        14929.39355469        35552.19531250         2922.99438477 
        4966.42941972            0.50000000        14819.39355469        35493.19531250         2302.99438477 
        4967.01376077            0.50000000        14896.39355469        35458.19531250         1968.99438477 
        4967.48334036            0.50000000        14790.39355469        35359.19531250         2119.99438477 
        4968.08294485            0.50000000        14886.39355469        35346.19531250         2420.99438477 
        4968.46777448            0.50000000        14797.39355469        35155.19531250         2504.99438477 
        4969.02264369            0.50000000        14847.39355469        35036.19531250         2482.99438477 
        4969.47263719            0.50000000        14772.39355469        34850.19531250         2377.99438477 
        4970.01274711            0.50000000        14890.39355469        34843.19531250         2254.99438477 
        4970.42791887            0.50000000        14804.39355469        34561.19531250         2172.99438477 
        4971.01328989            0.50000000        14815.39355469        34341.19531250         2094.99438477 
        4971.47368758            0.50000000        14758.39355469        34478.19531250         2037.99438477 
        4972.07434652            0.50000000        14793.39355469        34604.19531250         2025.99438477 
        4972.46485998            0.50000000        14773.39355469        34815.19531250         1997.99438477 
        4973.01569815            0.50000000        14758.39355469        34722.19531250         1920.99438477 
        4973.46648323            0.50000000        14705.39355469        34609.19531250         1839.99438477 
        4974.00253293            0.50000000        14783.39355469        34384.19531250         1729.99438477 
        4974.41843424            0.50000000        14704.39355469        33943.19531250         1626.99438477 
        4975.01485923            0.50000000        14724.39355469        33144.19531250         1534.99438477 
        4975.46604086            0.50000000        14673.39355469        32588.19335937         1465.99438477 
        4976.06775561            0.50000000        14827.39355469        32039.19335937         1407.99438477 
        4976.45895557            0.50000000        14638.39355469        31295.19335937         1304.99438477 
        4977.01076217            0.50000000        14808.39355469        31168.19335937         1274.99438477 
        4977.46233985            0.50000000        14627.39355469        30503.19335937         1187.99438477 
        4977.99431297            0.50000000        14769.39355469        30465.19335937         1183.99438477 
        4978.41094477            0.50000000        14586.39355469        29850.19335937         1123.99438477 
        4978.99837457            0.50000000        14658.39355469        29829.19335937         1092.99438477 
        4979.47043656            0.50000000        14681.39355469        29631.19335937         1066.99438477 
        4980.06316360            0.50000000        14808.39355469        29614.19335937         1063.99438477 
        4980.46510022            0.50000000        14661.39355469        29057.19335937         1010.99432373 
        4981.01787894            0.50000000        14623.39355469        28534.19335937         1001.99432373 
        4981.47025225            0.50000000        14632.39355469        28139.19335937          967.99432373 
        4981.99813468            0.50000000        14610.39355469        27511.19335937          952.99432373 
        4982.42052871            0.50000000        14605.39355469        26886.19335937          933.99432373 
        4982.99893329            0.50000000        14609.39355469        25973.19335937          917.99432373 
        4983.46176268            0.50000000        14511.39355469        25066.19335937          884.99432373 
        4984.04043163            0.50000000        14604.39355469        24117.19335937          891.99432373 
        4984.45313750            0.50000000        14593.39355469        23338.19335937          874.99432373 
        4984.99681538            0.50000000        14570.39355469        22513.19335937          857.99432373 
        4985.46005067            0.50000000        14544.39355469        21889.19335937          847.99432373 
        4985.97878448            0.50000000        14437.39355469        21214.19335937          827.99432373 
        4986.41703024            0.50000000        14580.39355469        21098.19335937          850.99432373 
        4986.99141081            0.50000000        14521.39355469        20717.19335937          834.99432373 
        4987.46009158            0.50000000        14458.39355469        20582.19335937          835.99432373 
        4988.04985905            0.50000000        14524.39355469        20696.19335937          834.99432373 
        4988.45824893            0.50000000        14384.39355469        20638.19335937          811.99432373 
        4988.99783900            0.50000000        14483.39355469        21010.19335937          814.99432373 
        4989.46188765            0.50000000        14322.39355469        21083.19335937          832.99432373 
        4989.96134976            0.50000000        14344.39355469        21548.19335937          821.99432373 
        4990.41045447            0.50000000        14352.39355469        22011.19335937          847.99432373 
        4990.98079340            0.50000000        14345.39355469        22464.19335937          850.99432373 
        4991.45534322            0.50000000        14285.39355469        22809.19335937          867.99432373 
        4992.01584291            0.50000000        14306.39355469        23360.19335937          855.99432373 
        4992.45019853            0.50000000        14269.39355469        23525.19335937          866.99432373 
        4992.98568077            0.50000000        14216.39355469        23792.19335937          833.99432373 
        4993.45054073            0.50000000        14279.39355469        24053.19335937          867.99432373 
        4993.93571286            0.50000000        14152.39355469        24005.19335937          849.99432373 
        4994.42098805            0.50000000        14242.39355469        24162.19335937          853.99432373 
        4994.96198916            0.50000000        14280.39355469        24203.19335937          868.99432373 
        4995.44242462            0.50000000        14216.39355469        24076.19335937          837.99432373 
        4995.99884450            0.50000000        14123.39355469        23910.19335937          817.99432373 
        4996.46937791            0.50000000        14241.39355469        23936.19335937          846.99432373 
        4996.97037476            0.50000000        14194.39355469        23750.19335937          813.99432373 
        4997.45123255            0.50000000        14044.39355469        23338.19335937          797.99432373 
        4997.92206499            0.50000000        14140.39355469        23320.19335937          795.99432373 
        4998.43857335            0.50000000        14073.39355469        22981.19335937          778.99432373 
        4998.95013286            0.50000000        13988.39355469        22654.19335937          753.99432373 
        4999.44154032            0.50000000        14121.39355469        22670.19335937          773.99432373 
        4999.98373080            0.50000000        14128.39355469        22526.19335937          746.99432373 
        5000.48549814            0.50000000        14075.39355469        22356.19335937          734.99432373 
        5000.96202554            0.50000000        13986.39355469        22222.19335937          729.99432373 
        5001.46907854            0.50000000        14128.39355469        22460.19335937          762.99432373 
        5001.92045021            0.50000000        14034.39355469        22400.19335937          726.99432373 
        5002.44293529            0.50000000        14002.39355469        22424.19335937          729.99432373 
        5002.91479613            0.50000000        13965.39355469        22527.19335937          712.99432373 
        5003.45273462            0.50000000        14045.39355469        22895.19335937          722.99432373 
        5003.96541625            0.50000000        13794.39355469        22661.19335937          717.99432373 
        5004.49852381            0.50000000        13917.39355469        23164.19335937          741.99432373 
        5004.93525674            0.50000000        13814.39355469        23201.19335937          719.99432373 
        5005.45843021            0.50000000        13941.39355469        23632.19335937          749.99432373 
        5005.90550802            0.50000000        13778.39355469        23669.19335937          747.99432373 
        5007.58282713            0.50000000        13795.39355469        24650.19335937          732.99432373 
        5009.38858730            0.50000000        13747.39355469        25210.19335937          772.99432373 
        5011.18558526            0.50000000        13573.39355469        25390.19335937          785.99432373 
        5013.00947521            0.50000000        13485.39355469        25385.19335937          773.99432373 
        5014.81951354            0.50000000        13429.39355469        25307.19335937          798.99432373 
        5016.79944226            0.50000000        13409.39355469        25289.19335937          795.99432373 
        5018.74531260            0.50000000        13251.39355469        25165.19335937          791.99432373 
        5020.78999541            0.50000000        13232.39355469        25422.19335937          804.99432373 
        5022.77507644            0.50000000        13167.39355469        25619.19335937          811.99432373 
        5024.86945353            0.50000000        13002.39355469        25533.19335937          787.99432373 
        5026.90933386            0.50000000        12910.39355469        25452.19335937          766.99432373 
        5029.04853562            0.50000000        12796.39355469        25247.19335937          770.99432373 
        5031.18972547            0.50000000        12851.39355469        25274.19335937          757.99432373 
        5033.46145744            0.50000000        12803.39355469        25127.19335937          731.99432373 
        5035.73028197            0.50000000        12683.39355469        24631.19335937          682.99432373 
        5038.00649172            0.50000000        12600.39355469        24248.19335937          666.99432373 
        5040.25400337            0.50000000        12376.39355469        23729.19335937          610.99432373 
        5042.64825482            0.50000000        12402.39355469        23770.19335937          627.99432373 
        5045.10700638            0.50000000        12286.39355469        23878.19335937          634.99432373 
        5047.44420937            0.50000000        12194.39355469        23968.19335937          620.99432373 
        5049.97539323            0.50000000        12158.39355469        24081.19335937          642.99432373 
        5052.42639273            0.50000000        11861.39355469        23709.19335937          638.99432373 
        5054.94226943            0.50000000        11891.39355469        23954.19335937          670.99432373 
        5057.56999460            0.50000000        11706.39355469        23814.19335937          672.99432373 
        5060.16428642            0.50000000        11633.39355469        23970.19335937          652.99432373 
        5062.79272772            0.50000000        11519.39355469        23958.19335937          663.99432373 
        5065.55970684            0.50000000        11436.39355469        23935.19335937          659.99432373 
        5068.25690262            0.50000000        11303.39355469        23939.19335937          672.99432373 
        5071.06698117            0.50000000        10978.39355469        23514.19335937          667.99432373 
        5073.95894866            0.50000000        11117.39355469        23964.19335937          663.99432373 
        5076.78116247            0.50000000        10926.39355469        23956.19335937          673.99432373 
        5079.66974605            0.50000000        10629.39355469        23477.19335937          633.99432373 
        5082.70897868            0.50000000        10619.39355469        23811.19335937          596.99432373 
        5085.72061903            0.50000000        10435.39355469        23647.19335937          583.99432373 
        5088.70455233            0.50000000        10439.39355469        23744.19335937          577.99432373 
        5091.83467007            0.50000000        10226.39355469        23517.19335937          549.99432373 
        5094.95842309            0.50000000        10085.39355469        23465.19335937          535.99432373 
        5098.05462862            0.50000000         9953.39355469        23332.19335937          557.99432373 
        5101.23434648            0.50000000         9784.39355469        23368.19335937          576.99432373 
        5104.50321003            0.50000000         9695.39355469        23475.19335937          610.99432373 
        5107.77663607            0.50000000         9513.39355469        23205.19335937          587.99432373 
        5111.05995038            0.50000000         9531.39355469        23409.19335937          617.99432373 
        5114.39045271            0.50000000         9473.39355469        23382.19335937          622.99432373 
        5117.76833377            0.50000000         9240.39355469        23088.19335937          636.99432373 
        5121.17776897            0.50000000         9051.39355469        22863.19335937          601.99432373 
        5124.59749574            0.50000000         8978.39355469        22576.19335937          611.99432373 
        5128.07574324            0.50000000         9073.39355469        23237.19335937          632.99432373 
        5131.60203310            0.50000000         8817.39355469        22778.19335937          624.99432373 
        5135.12822842            0.50000000         8699.39355469        22811.19335937          623.99432373 
        5138.70810864            0.50000000         8598.39355469        22774.19335937          611.99432373 
        5142.41194465            0.50000000         8509.39355469        22763.19335937          592.99432373 
        5145.97589628            0.50000000         8128.39404297        22081.19335937          567.99432373 
        5149.68572695            0.50000000         8050.39404297        22141.19335937          564.99432373 
        5153.42302496            0.50000000         8016.39404297        22162.19335937          562.99432373 
        5157.17164198            0.50000000         7851.39404297        22079.19335937          566.99432373 
        5161.03478849            0.50000000         7733.39404297        22094.19335937          560.99432373 
        5164.84439729            0.50000000         7488.39404297        21695.19335937          567.99432373 
        5168.74183397            0.50000000         7417.39404297        21809.19335937          561.99432373 
        5172.68931678            0.50000000         7233.39404297        21439.19335937          583.99432373 
        5176.53403517            0.50000000         7020.39404297        21113.19335937          576.99432373 
        5180.54920250            0.50000000         5668.39404297        17331.19335937          512.99432373 
        5184.53823127            0.50000000         6888.39404297        21201.19335937          610.99432373 
        5188.53393181            0.50000000         6673.39404297        20902.19335937          597.99432373 
        5192.69589494            0.50000000         6447.39404297        20417.19335937          570.99432373 
        5196.82100953            0.50000000         6238.39404297        19899.19335937          565.99432373 
        5200.92563070            0.50000000         6076.39404297        19619.19335937          561.99432373 
        5205.13685287            0.50000000         5809.39404297        18979.19335937          521.99432373 
        5208.91776827            0.50000000         5505.39404297        18069.19335937          506.99432373 
