# 1-D Scan File created by LabVIEW Control Panel  12/5/2011  11:26:05 PM; Scan time 0 hrs 4 min 28 sec. 
#
# Beamline 20 BM
#
# Scan config: 
#                 E0: 4966.00 eV   223 points
#        Scan bounds:  -100.00 -30.00 40.00 243.35 (7.99 (k))
#       Scan step(s):  5.00 0.50 0.07
#  Integration times:  0.50 0.50 0.50    kwgt in EXAFS region: 0.0 
#
# User Comment:
# 50oC
#
#
# Amplifier Sensitivities:
# Preslit: 20 nA/V  I0: 20 nA/V  I: 100 pA/V  IREF: 50 pA/V  
#
# Analog Input Voltages at start/end of scan:
# Preslit: 0.034/0.033  I0: 0.704/0.452  Ignore: 0.018/0.012  I: 0.923/0.887  IREF: 0.249/0.147  
#
# Mono Info:
# 
#
# ID Info:
# 
#
# Slit Info:
# Kappa S1:  Center is at -542 (H), 500 (V)   Size is 8000 wide x 2000 high
# Vacuum Slits:  Center is at 850 (H), -25 (V)   Size is 899 wide x 1000 high
#
# Motor Positions:
# SMV (20bm:m29): -37594.243125 SMH (20bm:m30): 4802.187500 
#
# Detector Names/PVs:
# I0/20bm:scaler1_netA.C  I/20bm:scaler1_netA.E  IREF/20bm:scaler1_netA.F  
#
# Positioner names/Drive PVs/Readback PVs:
# Mono Energy */20bm:monoE.VAL/20bm:EnctoE.VAL  Scaler preset time */20bm:scaler1.TP/  
# Here is a readable list of column headings:
#  1) Mono Energy *        
#  2) Scaler preset time * 
#  3) I0                   
#  4) I                    
#  5) IREF                 
#
# Column Headings:
#Mono Energy *        Scaler preset time * I0                   I                    IREF                 
        4865.41522989            0.50000000        30341.39453125        41174.19531250         6041.99414062 
        4870.46676900            0.50000000        30160.39453125        41238.19531250         5989.99414062 
        4875.47709668            0.50000000        30097.39453125        41421.19531250         5939.99414062 
        4880.55163053            0.50000000        29993.39453125        41621.19531250         5783.99414062 
        4885.60405772            0.50000000        29837.39453125        41678.19531250         5746.99414062 
        4890.59073303            0.50000000        29815.39453125        42104.19531250         5697.99414062 
        4895.68053777            0.50000000        29719.39453125        42378.19531250         5624.99414062 
        4900.80138442            0.50000000        29670.39453125        42724.19531250         5558.99414062 
        4905.82218997            0.50000000        29539.39453125        42899.19531250         5504.99414062 
        4910.83480583            0.50000000        29499.39453125        43264.19531250         5454.99414062 
        4915.85378656            0.50000000        29216.39453125        43297.19531250         5305.99414062 
        4920.87913585            0.50000000        29275.39453125        43817.19531250         5336.99414062 
        4925.91085739            0.50000000        29223.39453125        44289.19531250         5290.99414062 
        4930.91945942            0.50000000        29162.39453125        44710.19531250         5291.99414062 
        4935.98850481            0.50000000        29067.39453125        45008.19531250         5258.99414062 
        4936.49110943            0.50000000        29191.39453125        45333.19531250         5263.99414062 
        4936.96425152            0.50000000        29271.39453125        45503.19531250         5287.99414062 
        4937.46214370            0.50000000        29238.39453125        45483.19531250         5302.99414062 
        4937.94535217            0.50000000        29059.39453125        45295.19531250         5229.99414062 
        4938.45332581            0.50000000        29193.39453125        45499.19531250         5286.99414062 
        4938.96634742            0.50000000        29246.39453125        45604.19531250         5288.99414062 
        4939.46468209            0.50000000        29144.39453125        45598.19531250         5252.99414062 
        4940.01248389            0.50000000        29119.39453125        45532.19531250         5265.99414062 
        4940.48636577            0.50000000        29180.39453125        45728.19531250         5306.99414062 
        4940.99491229            0.50000000        29221.39453125        45863.19531250         5263.99414062 
        4941.47393960            0.50000000        28954.39453125        45542.19531250         5201.99414062 
        4941.97282874            0.50000000        29046.39453125        45750.19531250         5257.99414062 
        4942.45206377            0.50000000        29189.39453125        45983.19531250         5294.99414062 
        4942.99564937            0.50000000        29032.39453125        45803.19531250         5238.99414062 
        4943.48498839            0.50000000        29027.39453125        45770.19531250         5226.99414062 
        4944.04365656            0.50000000        29155.39453125        46020.19531250         5265.99414062 
        4944.49365801            0.50000000        28981.39453125        45885.19531250         5220.99414062 
        4945.02289537            0.50000000        28968.39453125        45912.19531250         5230.99414062 
        4945.48793525            0.50000000        28884.39453125        45869.19531250         5212.99414062 
        4945.99266136            0.50000000        28891.39453125        45857.19531250         5189.99414062 
        4946.45295116            0.50000000        29077.39453125        46197.19531250         5277.99414062 
        4947.01235427            0.50000000        29006.39453125        46170.19531250         5270.99414062 
        4947.49761254            0.50000000        28995.39453125        46223.19531250         5293.99414062 
        4948.07213461            0.50000000        28951.39453125        46335.19531250         5238.99414062 
        4948.49816771            0.50000000        28840.39453125        46123.19531250         5240.99414062 
        4949.03825534            0.50000000        28905.39453125        46265.19531250         5234.99414062 
        4949.49916612            0.50000000        28987.39453125        46512.19531250         5253.99414062 
        4950.01470457            0.50000000        29074.39453125        46678.19531250         5274.99414062 
        4950.46093854            0.50000000        29059.39453125        46688.19531250         5275.99414062 
        4951.03125459            0.50000000        29221.39453125        47027.19531250         5319.99414062 
        4951.50745470            0.50000000        29062.39453125        46784.19531250         5258.99414062 
        4952.10780815            0.50000000        29167.39453125        46973.19531250         5322.99414062 
        4952.50482358            0.50000000        29166.39453125        47021.19531250         5291.99414062 
        4953.05083361            0.50000000        29138.39453125        47007.19531250         5286.99414062 
        4953.51256311            0.50000000        29211.39453125        47161.19531250         5315.99414062 
        4954.02405094            0.50000000        29145.39453125        47212.19531250         5259.99414062 
        4954.46114186            0.50000000        29127.39453125        47146.19531250         5266.99414062 
        4955.03743618            0.50000000        29209.39453125        47359.19531250         5315.99414062 
        4955.50951068            0.50000000        28999.39453125        47128.19531250         5259.99414062 
        4956.10098505            0.50000000        29182.39453125        47497.19531250         5286.99414062 
        4956.50864558            0.50000000        28894.39453125        47102.19531250         5221.99414062 
        4957.06059569            0.50000000        29058.39453125        47365.19531250         5251.99414062 
        4957.51319571            0.50000000        29045.39453125        47371.19531250         5249.99414062 
        4958.05046479            0.50000000        29016.39453125        47413.19531250         5249.99414062 
        4958.46842887            0.50000000        29027.39453125        47466.19531250         5225.99414062 
        4959.03578922            0.50000000        29046.39453125        47605.19531250         5234.99414062 
        4959.51367660            0.50000000        28998.39453125        47555.19531250         5227.99414062 
        4960.10121795            0.50000000        29018.39453125        47644.19531250         5200.99414062 
        4960.51457984            0.50000000        28904.39453125        47518.19531250         5200.99414062 
        4961.05754314            0.50000000        29147.39453125        47883.19531250         5249.99414062 
        4961.51094242            0.50000000        28827.39453125        47469.19531250         5154.99414062 
        4962.04417629            0.50000000        29141.39453125        48011.19531250         5234.99414062 
        4962.46287769            0.50000000        28771.39453125        47539.19531250         5149.99414062 
        4963.03622526            0.50000000        29146.39453125        48113.19531250         5202.99414062 
        4963.51994420            0.50000000        28783.39453125        47612.19531250         5085.99414062 
        4964.11351354            0.50000000        28963.39453125        47985.19531250         5081.99414062 
        4964.50266010            0.50000000        28795.39453125        47813.19531250         4981.99414062 
        4965.05157000            0.50000000        28972.39453125        48109.19531250         4874.99414062 
        4965.50077690            0.50000000        28775.39453125        47808.19531250         4625.99414062 
        4966.03994259            0.50000000        28937.39453125        48080.19531250         4035.99438477 
        4966.45438849            0.50000000        28810.39453125        47948.19531250         3197.99438477 
        4967.03873596            0.50000000        28920.39453125        48007.19531250         2813.99438477 
        4967.50832072            0.50000000        28709.39453125        47638.19531250         2978.99438477 
        4968.10293439            0.50000000        28865.39453125        47755.19531250         3362.99438477 
        4968.49276568            0.50000000        28733.39453125        47447.19531250         3457.99438477 
        4969.03764204            0.50000000        28881.39453125        47462.19531250         3480.99438477 
        4969.48763851            0.50000000        28725.39453125        47056.19531250         3273.99438477 
        4970.02775200            0.50000000        28770.39453125        46946.19531250         3161.99438477 
        4970.44292650            0.50000000        28735.39453125        46706.19531250         3029.99438477 
        4971.03330524            0.50000000        28834.39453125        46731.19531250         2928.99438477 
        4971.49871186            0.50000000        28721.39453125        46836.19531250         2860.99438477 
        4972.09437122            0.50000000        28804.39453125        47118.19531250         2886.99438477 
        4972.47988107            0.50000000        28678.39453125        47109.19531250         2813.99438477 
        4973.03573114            0.50000000        28829.39453125        47239.19531250         2734.99438477 
        4973.48652020            0.50000000        28712.39453125        46979.19531250         2599.99438477 
        4974.02257462            0.50000000        28765.39453125        46596.19531250         2461.99438477 
        4974.43847960            0.50000000        28692.39453125        45907.19531250         2334.99438477 
        4975.02989718            0.50000000        28724.39453125        44916.19531250         2186.99438477 
        4975.48609545            0.50000000        28664.39453125        43944.19531250         2077.99438477 
        4976.08280052            0.50000000        28883.39453125        43253.19531250         1990.99438477 
        4976.47901892            0.50000000        28638.39453125        42290.19531250         1880.99438477 
        4977.02581332            0.50000000        28876.39453125        42033.19531250         1840.99438477 
        4977.48743013            0.50000000        28586.39453125        41205.19531250         1741.99438477 
        4978.01940911            0.50000000        28833.39453125        41099.19531250         1691.99438477 
        4978.43102534            0.50000000        28545.39453125        40484.19531250         1630.99438477 
        4979.01343887            0.50000000        28751.39453125        40483.19531250         1591.99438477 
        4979.49052647            0.50000000        28589.39453125        40021.19531250         1557.99438477 
        4980.08325875            0.50000000        28728.39453125        39867.19531250         1500.99438477 
        4980.48017423            0.50000000        28579.39453125        39379.19531250         1487.99438477 
        4981.03295660            0.50000000        28577.39453125        38837.19531250         1466.99438477 
        4981.49035981            0.50000000        28640.39453125        38352.19531250         1412.99438477 
        4982.01824690            0.50000000        28587.39453125        37345.19531250         1393.99438477 
        4982.44064467            0.50000000        28625.39453125        36567.19531250         1359.99438477 
        4983.01905435            0.50000000        28659.39453125        35360.19531250         1356.99438477 
        4983.48691914            0.50000000        28435.39453125        33875.19531250         1306.99438477 
        4984.06559448            0.50000000        28553.39453125        32553.19335937         1305.99438477 
        4984.47830491            0.50000000        28539.39453125        31375.19335937         1260.99438477 
        4985.02198879            0.50000000        28541.39453125        30207.19335937         1275.99438477 
        4985.48019347            0.50000000        28517.39453125        29402.19335937         1244.99438477 
        4985.99893187            0.50000000        28388.39453125        28605.19335937         1241.99438477 
        4986.43214366            0.50000000        28544.39453125        28429.19335937         1231.99438477 
        4987.00652804            0.50000000        28456.39453125        28010.19335937         1241.99438477 
        4987.48025205            0.50000000        28420.39453125        27914.19335937         1232.99438477 
        4988.06498329            0.50000000        28514.39453125        28108.19335937         1245.99438477 
        4988.48346058            0.50000000        28273.39453125        28111.19335937         1211.99438477 
        4989.01296954            0.50000000        28453.39453125        28706.19335937         1234.99438477 
        4989.48206582            0.50000000        28326.39453125        29123.19335937         1235.99438477 
        4989.98657802            0.50000000        28279.39453125        29703.19335937         1230.99438477 
        4990.43064102            0.50000000        28254.39453125        30300.19335937         1220.99438477 
        4991.00098500            0.50000000        28325.39453125        31098.19335937         1251.99438477 
        4991.48058800            0.50000000        28221.39453125        31530.19335937         1244.99438477 
        4992.04109388            0.50000000        28287.39453125        32222.19335937         1245.99438477 
        4992.47545431            0.50000000        28139.39453125        32436.19335937         1254.99438477 
        4993.00589011            0.50000000        28183.39453125        32859.19531250         1284.99438477 
        4993.47580757            0.50000000        28238.39453125        33083.19531250         1271.99438477 
        4993.95593060            0.50000000        28080.39453125        33062.19531250         1280.99438477 
        4994.43615456            0.50000000        28163.39453125        33265.19531250         1266.99438477 
        4994.98727272            0.50000000        28269.39453125        33429.19531250         1281.99438477 
        4995.46771349            0.50000000        28162.39453125        33249.19531250         1277.99438477 
        4996.02413953            0.50000000        28005.39453125        32875.19531250         1242.99438477 
        4996.49467815            0.50000000        28209.39453125        32992.19531250         1244.99438477 
        4996.99568054            0.50000000        28179.39453125        32752.19335937         1232.99438477 
        4997.47654366            0.50000000        27995.39453125        32320.19335937         1209.99438477 
        4997.94738131            0.50000000        28149.39453125        32096.19335937         1193.99438477 
        4998.45883096            0.50000000        28006.39453125        31729.19335937         1174.99438477 
        4998.97546057            0.50000000        27920.39453125        31408.19335937         1152.99438477 
        4999.46687346            0.50000000        28135.39453125        31366.19335937         1164.99438477 
        5000.00906995            0.50000000        28135.39453125        31227.19335937         1129.99438477 
        5000.50070493            0.50000000        27999.39453125        30977.19335937         1108.99438477 
        5000.98737553            0.50000000        27944.39453125        30903.19335937         1108.99438477 
        5001.48429187            0.50000000        28176.39453125        31171.19335937         1124.99438477 
        5001.94073867            0.50000000        28105.39453125        31216.19335937         1111.99438477 
        5002.46322838            0.50000000        28158.39453125        31495.19335937         1112.99438477 
        5002.94524210            0.50000000        27976.39453125        31435.19335937         1106.99438477 
        5003.47303666            0.50000000        28138.39453125        31991.19335937         1102.99438477 
        5003.99079951            0.50000000        27894.39453125        31995.19335937         1081.99438477 
        5004.51375728            0.50000000        27959.39453125        32409.19335937         1090.99438477 
        5004.96065075            0.50000000        27870.39453125        32673.19335937         1080.99438477 
        5005.48383002            0.50000000        28098.39453125        33316.19531250         1113.99438477 
        5005.93091279            0.50000000        27880.39453125        33446.19531250         1108.99438477 
        5007.60825050            0.50000000        27893.39453125        34774.19531250         1137.99438477 
        5009.40894200            0.50000000        27865.39453125        35726.19531250         1136.99438477 
        5011.20595591            0.50000000        27669.39453125        36091.19531250         1172.99438477 
        5013.02476533            0.50000000        27610.39453125        36211.19531250         1180.99438477 
        5014.83991647            0.50000000        27528.39453125        36004.19531250         1184.99438477 
        5016.81475764            0.50000000        27498.39453125        35935.19531250         1179.99438477 
        5018.75553150            0.50000000        27310.39453125        35905.19531250         1196.99438477 
        5020.80022340            0.50000000        27325.39453125        36377.19531250         1204.99438477 
        5022.78531325            0.50000000        27232.39453125        36658.19531250         1174.99438477 
        5024.87457660            0.50000000        27146.39453125        36981.19531250         1212.99438477 
        5026.91958908            0.50000000        27000.39453125        36944.19531250         1178.99438477 
        5029.06393276            0.50000000        26853.39453125        36706.19531250         1186.99438477 
        5031.20513692            0.50000000        26923.39453125        36746.19531250         1160.99438477 
        5033.47174186            0.50000000        26930.39453125        36578.19531250         1105.99438477 
        5035.74572380            0.50000000        26839.39453125        35968.19531250         1073.99438477 
        5038.01679641            0.50000000        26824.39453125        35652.19531250         1008.99432373 
        5040.26947548            0.50000000        26555.39453125        35093.19531250          972.99432373 
        5042.65341753            0.50000000        26593.39453125        35261.19531250          999.99432373 
        5045.11734279            0.50000000        26461.39453125        35493.19531250          965.99432373 
        5047.45972967            0.50000000        26298.39453125        35578.19531250          985.99432373 
        5049.99093051            0.50000000        26297.39453125        35908.19531250         1003.99432373 
        5052.43676187            0.50000000        25933.39453125        35537.19531250          994.99432373 
        5054.96822053            0.50000000        25986.39453125        35897.19531250         1035.99438477 
        5057.58558288            0.50000000        25850.39453125        36022.19531250         1040.99438477 
        5060.17989214            0.50000000        25728.39453125        36355.19531250         1053.99438477 
        5062.80314330            0.50000000        25622.39453125        36567.19531250         1079.99438477 
        5065.57534886            0.50000000        25559.39453125        36800.19531250         1095.99438477 
        5068.28300297            0.50000000        25377.39453125        36797.19531250         1081.99438477 
        5071.08788666            0.50000000        24963.39453125        36509.19531250         1056.99438477 
        5073.97988014            0.50000000        25165.39453125        37287.19531250         1078.99438477 
        5076.80211933            0.50000000        24945.39453125        37352.19531250         1080.99438477 
        5079.68548317            0.50000000        24543.39453125        37090.19531250         1025.99438477 
        5082.72998888            0.50000000        24607.39453125        37570.19531250          988.99432373 
        5085.74165636            0.50000000        24339.39453125        37593.19531250          971.99432373 
        5088.73088264            0.50000000        24416.39453125        38016.19531250          916.99432373 
        5091.86630881            0.50000000        24248.39453125        38097.19531250          910.99432373 
        5094.99010411            0.50000000        24000.39453125        37969.19531250          913.99432373 
        5098.09163877            0.50000000        23968.39453125        38274.19531250          936.99432373 
        5101.26081815            0.50000000        23783.39453125        38432.19531250          963.99432373 
        5104.53502039            0.50000000        23597.39453125        38622.19531250         1008.99432373 
        5107.81380002            0.50000000        23423.39453125        38707.19531250         1051.99438477 
        5111.09184973            0.50000000        23441.39453125        39017.19531250         1075.99438477 
        5114.42239730            0.50000000        23291.39453125        39075.19531250         1046.99438477 
        5117.79499250            0.50000000        22941.39453125        38776.19531250         1050.99438477 
        5121.19378736            0.50000000        22615.39453125        38407.19531250         1033.99438477 
        5124.62957918            0.50000000        22490.39453125        38579.19531250         1037.99438477 
        5128.10787405            0.50000000        22710.39453125        39248.19531250         1081.99438477 
        5131.62884880            0.50000000        22328.39453125        39055.19531250         1081.99438477 
        5135.14971302            0.50000000        22177.39453125        39130.19531250         1048.99438477 
        5138.73500514            0.50000000        21996.39453125        39195.19531250         1048.99438477 
        5142.43888330            0.50000000        21913.39453125        39449.19531250         1032.99438477 
        5145.99747965            0.50000000        21444.39453125        39031.19531250          989.99432373 
        5149.71815282            0.50000000        21418.39453125        39421.19531250          994.99432373 
        5153.43926342            0.50000000        21196.39453125        39548.19531250          989.99432373 
        5157.18790611            0.50000000        21022.39453125        39770.19531250          999.99432373 
        5161.04021868            0.50000000        20870.39453125        39947.19531250         1006.99432373 
        5164.86615295            0.50000000        20485.39453125        39823.19531250         1031.99438477 
        5168.75272961            0.50000000        20359.39453125        40156.19531250         1049.99438477 
        5172.71114426            0.50000000        20090.39453125        40205.19531250         1087.99438477 
        5176.55589789            0.50000000        19694.39453125        39967.19531250         1089.99438477 
        5180.56562714            0.50000000        16377.39355469        33832.19531250          970.99432373 
        5184.56565149            0.50000000        19799.39453125        41008.19531250         1155.99438477 
        5188.56139792            0.50000000        19396.39453125        40814.19531250         1157.99438477 
        5192.71240326            0.50000000        18955.39453125        40450.19531250         1128.99438477 
        5196.84305860            0.50000000        18500.39453125        39872.19531250         1097.99438477 
        5200.95876107            0.50000000        18212.39453125        39789.19531250         1136.99438477 
        5205.15897853            0.50000000        17828.39453125        39505.19531250         1099.99438477 
        5208.93438865            0.50000000        17185.39453125        38528.19531250         1074.99438477 
