# 1-D Scan File created by LabVIEW Control Panel  12/6/2011  1:31:35 AM; Scan time 0 hrs 4 min 28 sec. 
#
# Beamline 20 BM
#
# Scan config: 
#                 E0: 4966.00 eV   223 points
#        Scan bounds:  -100.00 -30.00 40.00 243.35 (7.99 (k))
#       Scan step(s):  5.00 0.50 0.07
#  Integration times:  0.50 0.50 0.50    kwgt in EXAFS region: 0.0 
#
# User Comment:
# 50oC
#
#
# Amplifier Sensitivities:
# Preslit: 20 nA/V  I0: 20 nA/V  I: 100 pA/V  IREF: 50 pA/V  
#
# Analog Input Voltages at start/end of scan:
# Preslit: 0.034/0.032  I0: 0.531/0.311  Ignore: 0.014/0.008  I: 0.825/0.643  IREF: 0.226/0.141  
#
# Mono Info:
# 
#
# ID Info:
# 
#
# Slit Info:
# Kappa S1:  Center is at -542 (H), 500 (V)   Size is 8000 wide x 2000 high
# Vacuum Slits:  Center is at 850 (H), -25 (V)   Size is 899 wide x 1000 high
#
# Motor Positions:
# SMV (20bm:m29): -37594.243125 SMH (20bm:m30): 4802.187500 
#
# Detector Names/PVs:
# I0/20bm:scaler1_netA.C  I/20bm:scaler1_netA.E  IREF/20bm:scaler1_netA.F  
#
# Positioner names/Drive PVs/Readback PVs:
# Mono Energy */20bm:monoE.VAL/20bm:EnctoE.VAL  Scaler preset time */20bm:scaler1.TP/  
# Here is a readable list of column headings:
#  1) Mono Energy *        
#  2) Scaler preset time * 
#  3) I0                   
#  4) I                    
#  5) IREF                 
#
# Column Headings:
#Mono Energy *        Scaler preset time * I0                   I                    IREF                 
        4865.40090888            0.50000000        21784.39453125        36190.19531250         5033.99414062 
        4870.45241530            0.50000000        21605.39453125        36270.19531250         4960.99414062 
        4875.45791516            0.50000000        21488.39453125        36335.19531250         4905.99414062 
        4880.54201781            0.50000000        21330.39453125        36459.19531250         4787.99414062 
        4885.58960585            0.50000000        21193.39453125        36504.19531250         4778.99414062 
        4890.57624875            0.50000000        21112.39453125        36722.19531250         4680.99414062 
        4895.66118128            0.50000000        21016.39453125        36851.19531250         4684.99414062 
        4900.77713326            0.50000000        20897.39453125        37117.19531250         4551.99414062 
        4905.80760651            0.50000000        20791.39453125        37241.19531250         4536.99414062 
        4910.81531763            0.50000000        20659.39453125        37418.19531250         4527.99414062 
        4915.82937170            0.50000000        20398.39453125        37401.19531250         4435.99414062 
        4920.85956013            0.50000000        20493.39453125        37977.19531250         4411.99414062 
        4925.89614265            0.50000000        20340.39453125        38106.19531250         4410.99414062 
        4930.90471187            0.50000000        20268.39453125        38432.19531250         4388.99414062 
        4935.96879711            0.50000000        20130.39453125        38590.19531250         4383.99414062 
        4936.48125336            0.50000000        20262.39453125        38992.19531250         4409.99414062 
        4936.95439338            0.50000000        20262.39453125        39004.19531250         4421.99414062 
        4937.44735323            0.50000000        20263.39453125        39036.19531250         4431.99414062 
        4937.92562734            0.50000000        20115.39453125        38838.19531250         4367.99414062 
        4938.44346116            0.50000000        20179.39453125        38896.19531250         4401.99414062 
        4938.95648052            0.50000000        20190.39453125        38973.19531250         4403.99414062 
        4939.44987848            0.50000000        20140.39453125        38995.19531250         4368.99414062 
        4940.00261241            0.50000000        20128.39453125        38934.19531250         4402.99414062 
        4940.47649222            0.50000000        20163.39453125        39070.19531250         4379.99414062 
        4940.98503651            0.50000000        20128.39453125        39131.19531250         4384.99414062 
        4941.45418389            0.50000000        20030.39453125        39020.19531250         4370.99414062 
        4941.95306866            0.50000000        20102.39453125        39209.19531250         4416.99414062 
        4942.43724054            0.50000000        20170.39453125        39319.19531250         4400.99414062 
        4942.98082257            0.50000000        20051.39453125        39182.19531250         4349.99414062 
        4943.46521506            0.50000000        20027.39453125        39101.19531250         4338.99414062 
        4944.02882287            0.50000000        20073.39453125        39281.19531250         4387.99414062 
        4944.47882136            0.50000000        20006.39453125        39201.19531250         4355.99414062 
        4945.00310856            0.50000000        19965.39453125        39152.19531250         4337.99414062 
        4945.47309207            0.50000000        19910.39453125        39099.19531250         4326.99414062 
        4945.96791726            0.50000000        19933.39453125        39290.19531250         4324.99414062 
        4946.43810164            0.50000000        20018.39453125        39297.19531250         4376.99414062 
        4946.99750107            0.50000000        19983.39453125        39399.19531250         4395.99414062 
        4947.48275614            0.50000000        19977.39453125        39461.19531250         4396.99414062 
        4948.06222782            0.50000000        19947.39453125        39484.19531250         4406.99414062 
        4948.48330474            0.50000000        19914.39453125        39438.19531250         4353.99414062 
        4949.02834431            0.50000000        19874.39453125        39420.19531250         4364.99414062 
        4949.48429656            0.50000000        19924.39453125        39631.19531250         4382.99414062 
        4949.99983162            0.50000000        19865.39453125        39557.19531250         4365.99414062 
        4950.44606265            0.50000000        19868.39453125        39539.19531250         4350.99414062 
        4951.02133482            0.50000000        19995.39453125        39830.19531250         4383.99414062 
        4951.49257193            0.50000000        19875.39453125        39661.19531250         4393.99414062 
        4952.09292143            0.50000000        19964.39453125        39829.19531250         4411.99414062 
        4952.49489735            0.50000000        19981.39453125        39885.19531250         4401.99414062 
        4953.04090498            0.50000000        19975.39453125        39910.19531250         4410.99414062 
        4953.49270183            0.50000000        19951.39453125        39916.19531250         4378.99414062 
        4954.01411803            0.50000000        19860.39453125        39886.19531250         4364.99414062 
        4954.45617444            0.50000000        19908.39453125        39970.19531250         4373.99414062 
        4955.02749883            0.50000000        19958.39453125        40128.19531250         4374.99414062 
        4955.49957126            0.50000000        19801.39453125        39927.19531250         4339.99414062 
        4956.09104303            0.50000000        19900.39453125        40152.19531250         4383.99414062 
        4956.49870177            0.50000000        19720.39453125        39890.19531250         4330.99414062 
        4957.04567635            0.50000000        19850.39453125        40053.19531250         4355.99414062 
        4957.49827339            0.50000000        19813.39453125        40002.19531250         4343.99414062 
        4958.03553893            0.50000000        19813.39453125        40119.19531250         4333.99414062 
        4958.45847645            0.50000000        19771.39453125        40010.19531250         4317.99414062 
        4959.03081176            0.50000000        19833.39453125        40274.19531250         4381.99414062 
        4959.50371958            0.50000000        19775.39453125        40122.19531250         4317.99414062 
        4960.09125835            0.50000000        19783.39453125        40281.19531250         4316.99414062 
        4960.49963774            0.50000000        19692.39453125        40115.19531250         4296.99414062 
        4961.04259746            0.50000000        19906.39453125        40593.19531250         4359.99414062 
        4961.49599375            0.50000000        19651.39453125        40173.19531250         4277.99414062 
        4962.03420815            0.50000000        19926.39453125        40710.19531250         4338.99414062 
        4962.44792274            0.50000000        19688.39453125        40338.19531250         4293.99414062 
        4963.02625276            0.50000000        19917.39453125        40739.19531250         4328.99414062 
        4963.49999498            0.50000000        19639.39453125        40350.19531250         4234.99414062 
        4964.09854770            0.50000000        19697.39453125        40444.19531250         4187.99414062 
        4964.49268115            0.50000000        19575.39453125        40285.19531250         4133.99414062 
        4965.04158863            0.50000000        19677.39453125        40394.19531250         4043.99438477 
        4965.49079356            0.50000000        19557.39453125        40375.19531250         3814.99438477 
        4966.02995688            0.50000000        19675.39453125        40520.19531250         3350.99438477 
        4966.44440095            0.50000000        19585.39453125        40470.19531250         2681.99438477 
        4967.02874585            0.50000000        19628.39453125        40411.19531250         2298.99438477 
        4967.49333247            0.50000000        19492.39453125        40165.19531250         2417.99438477 
        4968.09293960            0.50000000        19632.39453125        40313.19531250         2772.99438477 
        4968.48276917            0.50000000        19490.39453125        39982.19531250         2827.99438477 
        4969.02764313            0.50000000        19566.39453125        39760.19531250         2823.99438477 
        4969.47763762            0.50000000        19506.39453125        39639.19531250         2715.99438477 
        4970.01774873            0.50000000        19580.39453125        39512.19531250         2587.99438477 
        4970.42791887            0.50000000        19473.39453125        39200.19531250         2477.99438477 
        4971.02329755            0.50000000        19549.39453125        39156.19531250         2391.99438477 
        4971.48870211            0.50000000        19410.39453125        39205.19531250         2338.99438477 
        4972.08936502            0.50000000        19517.39453125        39493.19531250         2330.99438477 
        4972.46986700            0.50000000        19417.39453125        39500.19531250         2281.99438477 
        4973.02571462            0.50000000        19472.39453125        39556.19531250         2189.99438477 
        4973.47149245            0.50000000        19338.39453125        39354.19531250         2074.99438477 
        4974.01255376            0.50000000        19376.39453125        38946.19531250         1939.99438477 
        4974.42845690            0.50000000        19321.39453125        38486.19531250         1848.99438477 
        4975.01987187            0.50000000        19415.39453125        37694.19531250         1744.99438477 
        4975.48108179            0.50000000        19323.39453125        36895.19531250         1659.99438477 
        4976.07277057            0.50000000        19513.39453125        36381.19531250         1584.99438477 
        4976.46898723            0.50000000        19225.39453125        35364.19531250         1471.99438477 
        4977.02079626            0.50000000        19459.39453125        35309.19531250         1462.99438477 
        4977.47739399            0.50000000        19195.39453125        34460.19531250         1358.99438477 
        4978.00937062            0.50000000        19434.39453125        34559.19531250         1340.99438477 
        4978.42600518            0.50000000        19204.39453125        33906.19531250         1278.99438477 
        4979.01343887            0.50000000        19348.39453125        33957.19531250         1253.99438477 
        4979.48550398            0.50000000        19281.39453125        33576.19531250         1209.99438477 
        4980.07823494            0.50000000        19338.39453125        33417.19531250         1196.99438477 
        4980.47012488            0.50000000        19151.39453125        32776.19531250         1144.99438477 
        4981.02793070            0.50000000        19201.39453125        32423.19335937         1127.99438477 
        4981.48030601            0.50000000        19210.39453125        31957.19335937         1104.99438477 
        4982.00819077            0.50000000        19166.39453125        31217.19335937         1084.99438477 
        4982.42052871            0.50000000        19148.39453125        30448.19335937         1055.99438477 
        4983.00396353            0.50000000        19224.39453125        29484.19335937         1042.99438477 
        4983.47182523            0.50000000        19112.39453125        28429.19335937         1035.99438477 
        4984.04546418            0.50000000        19176.39453125        27359.19335937         1025.99438477 
        4984.46823792            0.50000000        19129.39453125        26397.19335937         1003.99432373 
        4985.00688471            0.50000000        19076.39453125        25418.19335937          981.99432373 
        4985.47012205            0.50000000        19102.39453125        24692.19335937          951.99432373 
        4985.98885815            0.50000000        18982.39453125        24042.19335937          933.99432373 
        4986.42710584            0.50000000        19082.39453125        23812.19335937          978.99432373 
        4986.99644987            0.50000000        18971.39453125        23412.19335937          938.99432373 
        4987.47017180            0.50000000        18947.39453125        23285.19335937          947.99432373 
        4988.05490045            0.50000000        19091.39453125        23470.19335937          960.99432373 
        4988.46833355            0.50000000        18922.39453125        23501.19335937          953.99432373 
        4989.00288250            0.50000000        18974.39453125        23889.19335937          968.99432373 
        4989.47197671            0.50000000        18840.39453125        24130.19335937          929.99432373 
        4989.98153235            0.50000000        18826.39453125        24585.19335937          952.99432373 
        4990.42559437            0.50000000        18835.39453125        25097.19335937          953.99432373 
        4990.99088918            0.50000000        18830.39453125        25583.19335937          965.99432373 
        4991.46544110            0.50000000        18772.39453125        25962.19335937          973.99432373 
        4992.02594326            0.50000000        18783.39453125        26558.19335937          969.99432373 
        4992.46535196            0.50000000        18745.39453125        26867.19335937          980.99432373 
        4992.99578542            0.50000000        18690.39453125        27099.19335937          973.99432373 
        4993.46570080            0.50000000        18731.39453125        27403.19335937          974.99432373 
        4993.94582171            0.50000000        18619.39453125        27290.19335937          999.99432373 
        4994.43109904            0.50000000        18645.39453125        27425.19335937          992.99432373 
        4994.96704585            0.50000000        18733.39453125        27552.19335937          988.99432373 
        4995.45254013            0.50000000        18668.39453125        27429.19335937          976.99432373 
        4996.00896248            0.50000000        18564.39453125        27188.19335937          944.99432373 
        4996.47949797            0.50000000        18685.39453125        27242.19335937          957.99432373 
        4996.98049704            0.50000000        18601.39453125        26961.19335937          934.99432373 
        4997.46135696            0.50000000        18496.39453125        26675.19335937          938.99432373 
        4997.92712823            0.50000000        18608.39453125        26612.19335937          903.99432373 
        4998.44870213            0.50000000        18472.39453125        26126.19335937          902.99432373 
        4998.95519838            0.50000000        18385.39453125        25771.19335937          886.99432373 
        4999.45674017            0.50000000        18541.39453125        25838.19335937          869.99432373 
        4999.99893425            0.50000000        18550.39453125        25698.19335937          875.99432373 
        5000.49056706            0.50000000        18477.39453125        25522.19335937          867.99432373 
        5000.97216550            0.50000000        18423.39453125        25406.19335937          840.99432373 
        5001.46907854            0.50000000        18591.39453125        25628.19335937          868.99432373 
        5001.93059442            0.50000000        18440.39453125        25578.19335937          839.99432373 
        5002.45308181            0.50000000        18459.39453125        25710.19335937          861.99432373 
        5002.92494474            0.50000000        18308.39453125        25597.19335937          843.99432373 
        5003.46288562            0.50000000        18450.39453125        26083.19335937          843.99432373 
        5003.97049288            0.50000000        18218.39453125        25950.19335937          834.99432373 
        5004.50867945            0.50000000        18299.39453125        26411.19335937          838.99432373 
        5004.95049312            0.50000000        18239.39453125        26618.19335937          837.99432373 
        5005.46859010            0.50000000        18347.39453125        27014.19335937          863.99432373 
        5005.91566990            0.50000000        18213.39453125        27217.19335937          838.99432373 
        5007.59299644            0.50000000        18193.39453125        28243.19335937          871.99432373 
        5009.39876463            0.50000000        18220.39453125        29024.19335937          899.99432373 
        5011.20086323            0.50000000        18021.39453125        29297.19335937          891.99432373 
        5013.01966861            0.50000000        17959.39453125        29335.19335937          942.99432373 
        5014.83481572            0.50000000        17858.39453125        29164.19335937          912.99432373 
        5016.80965250            0.50000000        17782.39453125        29046.19335937          921.99432373 
        5018.75042204            0.50000000        17671.39453125        29047.19335937          915.99432373 
        5020.78999541            0.50000000        17688.39453125        29437.19335937          929.99432373 
        5022.78019484            0.50000000        17668.39453125        29750.19335937          914.99432373 
        5024.86945353            0.50000000        17478.39453125        29786.19335937          931.99432373 
        5026.90933386            0.50000000        17422.39453125        29782.19335937          911.99432373 
        5029.05366799            0.50000000        17221.39453125        29440.19335937          899.99432373 
        5031.18972547            0.50000000        17251.39453125        29424.19335937          875.99432373 
        5033.46145744            0.50000000        17192.39453125        29193.19335937          856.99432373 
        5035.73028197            0.50000000        17085.39453125        28745.19335937          829.99432373 
        5038.00133939            0.50000000        16999.39453125        28317.19335937          764.99432373 
        5040.25400337            0.50000000        16829.39453125        27869.19335937          753.99432373 
        5042.63792945            0.50000000        16876.39453125        28035.19335937          765.99432373 
        5045.10183820            0.50000000        16804.39453125        28240.19335937          749.99432373 
        5047.43386256            0.50000000        16608.39453125        28205.19335937          759.99432373 
        5049.97021416            0.50000000        16590.39453125        28404.19335937          758.99432373 
        5052.42639273            0.50000000        16325.39355469        28098.19335937          763.99432373 
        5054.93188907            0.50000000        16243.39355469        28199.19335937          803.99432373 
        5057.56999460            0.50000000        16187.39355469        28381.19335937          801.99432373 
        5060.15908454            0.50000000        16071.39355469        28458.19335937          804.99432373 
        5062.78751994            0.50000000        16010.39355469        28655.19335937          787.99432373 
        5065.55449286            0.50000000        15913.39355469        28761.19335937          831.99432373 
        5068.25690262            0.50000000        15764.39355469        28717.19335937          811.99432373 
        5071.07220752            0.50000000        15396.39355469        28330.19335937          793.99432373 
        5073.95894866            0.50000000        15528.39355469        28884.19335937          810.99432373 
        5076.78116247            0.50000000        15297.39355469        28797.19335937          785.99432373 
        5079.66974605            0.50000000        14969.39355469        28435.19335937          758.99432373 
        5082.71423121            0.50000000        14950.39355469        28754.19335937          735.99432373 
        5085.72587834            0.50000000        14725.39355469        28651.19335937          707.99432373 
        5088.70455233            0.50000000        14792.39355469        28966.19335937          699.99432373 
        5091.83467007            0.50000000        14618.39355469        28870.19335937          685.99432373 
        5094.95842309            0.50000000        14402.39355469        28692.19335937          686.99432373 
        5098.05991575            0.50000000        14362.39355469        28892.19335937          699.99432373 
        5101.24493511            0.50000000        14222.39355469        29055.19335937          714.99432373 
        5104.50851173            0.50000000        14038.39355469        29017.19335937          743.99432373 
        5107.78725428            0.50000000        13959.39355469        29127.19335937          766.99432373 
        5111.06526691            0.50000000        13957.39355469        29312.19335937          784.99432373 
        5114.39577678            0.50000000        13849.39355469        29253.19335937          782.99432373 
        5117.77899722            0.50000000        13626.39355469        29033.19335937          769.99432373 
        5121.18310842            0.50000000        13351.39355469        28768.19335937          764.99432373 
        5124.60819017            0.50000000        13276.39355469        28722.19335937          765.99432373 
        5128.08645346            0.50000000        13375.39355469        29226.19335937          774.99432373 
        5131.61275934            0.50000000        13043.39355469        28842.19335937          781.99432373 
        5135.13897069            0.50000000        12873.39355469        28822.19335937          769.99432373 
        5138.71886720            0.50000000        12718.39355469        28751.19335937          751.99432373 
        5142.42272008            0.50000000        12704.39355469        28929.19335937          734.99432373 
        5145.98668794            0.50000000        12237.39355469        28306.19335937          720.99432373 
        5149.70193983            0.50000000        12181.39355469        28442.19335937          688.99432373 
        5153.43385059            0.50000000        12055.39355469        28478.19335937          702.99432373 
        5157.18248472            0.50000000        11842.39355469        28378.19335937          697.99432373 
        5161.04021868            0.50000000        11716.39355469        28459.19335937          707.99432373 
        5164.85527509            0.50000000        11402.39355469        28204.19335937          706.99432373 
        5168.74728178            0.50000000        11318.39355469        28309.19335937          729.99432373 
        5172.70023049            0.50000000        11080.39355469        28077.19335937          728.99432373 
        5176.55043219            0.50000000        10803.39355469        27793.19335937          733.99432373 
        5180.56015224            0.50000000         8828.39355469        23113.19335937          646.99432373 
        5184.54919932            0.50000000        10664.39355469        28056.19335937          774.99432373 
        5188.53942501            0.50000000        10416.39355469        27865.19335937          761.99432373 
        5192.70690048            0.50000000        10127.39355469        27425.19335937          754.99432373 
        5196.83203404            0.50000000         9840.39355469        26896.19335937          748.99432373 
        5200.94771756            0.50000000         9615.39355469        26668.19335937          740.99432373 
        5205.15344710            0.50000000         9278.39355469        26066.19335937          711.99432373 
        5208.92330839            0.50000000         8846.39355469        25066.19335937          699.99432373 
