# 1-D Scan File created by LabVIEW Control Panel  12/6/2011  6:22:50 AM; Scan time 0 hrs 4 min 28 sec. 
#
# Beamline 20 BM
#
# Scan config: 
#                 E0: 4966.00 eV   223 points
#        Scan bounds:  -100.00 -30.00 40.00 243.35 (7.99 (k))
#       Scan step(s):  5.00 0.50 0.07
#  Integration times:  0.50 0.50 0.50    kwgt in EXAFS region: 0.0 
#
# User Comment:
# 50oC
#
#
# Amplifier Sensitivities:
# Preslit: 20 nA/V  I0: 20 nA/V  I: 100 pA/V  IREF: 50 pA/V  
#
# Analog Input Voltages at start/end of scan:
# Preslit: 0.032/0.031  I0: 0.322/0.162  Ignore: 0.008/0.004  I: 0.614/0.294  IREF: 0.196/0.129  
#
# Mono Info:
# 
#
# ID Info:
# 
#
# Slit Info:
# Kappa S1:  Center is at -542 (H), 500 (V)   Size is 8000 wide x 2000 high
# Vacuum Slits:  Center is at 850 (H), -25 (V)   Size is 899 wide x 1000 high
#
# Motor Positions:
# SMV (20bm:m29): -37594.243125 SMH (20bm:m30): 4802.187500 
#
# Detector Names/PVs:
# I0/20bm:scaler1_netA.C  I/20bm:scaler1_netA.E  IREF/20bm:scaler1_netA.F  
#
# Positioner names/Drive PVs/Readback PVs:
# Mono Energy */20bm:monoE.VAL/20bm:EnctoE.VAL  Scaler preset time */20bm:scaler1.TP/  
# Here is a readable list of column headings:
#  1) Mono Energy *        
#  2) Scaler preset time * 
#  3) I0                   
#  4) I                    
#  5) IREF                 
#
# Column Headings:
#Mono Energy *        Scaler preset time * I0                   I                    IREF                 
        4865.38658797            0.50000000        10998.39355469        25693.19335937         3589.99438477 
        4870.45719986            0.50000000        10824.39355469        25404.19335937         3469.99438477 
        4875.46271053            0.50000000        10714.39355469        25398.19335937         3414.99438477 
        4880.54201781            0.50000000        10523.39355469        25161.19335937         3347.99438477 
        4885.59442313            0.50000000        10325.39355469        24847.19335937         3200.99438477 
        4890.58107683            0.50000000        10233.39355469        24859.19335937         3158.99438477 
        4895.66602039            0.50000000        10104.39355469        24726.19335937         3088.99438477 
        4900.77713326            0.50000000         9974.39355469        24674.19335937         3067.99438477 
        4905.80274538            0.50000000         9841.39355469        24476.19335937         3013.99438477 
        4910.80557360            0.50000000         9777.39355469        24616.19335937         2958.99438477 
        4915.82448876            0.50000000         9546.39355469        24342.19335937         2860.99438477 
        4920.85466623            0.50000000         9542.39355469        24636.19335937         2898.99438477 
        4925.88142801            0.50000000         9364.39355469        24324.19335937         2819.99438477 
        4930.88996442            0.50000000         9230.39355469        24198.19335937         2780.99438477 
        4935.96387021            0.50000000         9113.39355469        24156.19335937         2736.99438477 
        4936.47632534            0.50000000         9179.39355469        24475.19335937         2791.99438477 
        4936.94453528            0.50000000         9211.39355469        24546.19335937         2799.99438477 
        4937.43749298            0.50000000         9191.39355469        24503.19335937         2792.99438477 
        4937.92069616            0.50000000         9116.39355469        24393.19335937         2765.99438477 
        4938.43359654            0.50000000         9158.39355469        24426.19335937         2780.99438477 
        4938.93674684            0.50000000         9136.39355469        24414.19335937         2732.99438477 
        4939.44494397            0.50000000         9091.39355469        24390.19335937         2735.99438477 
        4939.98780527            0.50000000         9076.39355469        24282.19335937         2734.99438477 
        4940.46661871            0.50000000         9121.39355469        24487.19335937         2720.99438477 
        4940.97022292            0.50000000         9085.39355469        24477.19335937         2728.99438477 
        4941.44430609            0.50000000         8973.39355469        24204.19335937         2701.99438477 
        4941.93824871            0.50000000         8988.39355469        24236.19335937         2690.99438477 
        4942.43229949            0.50000000         9098.39355469        24574.19335937         2737.99438477 
        4942.96599587            0.50000000         9031.39355469        24424.19335937         2720.99438477 
        4943.46027175            0.50000000         8997.39355469        24298.19335937         2692.99438477 
        4944.01398928            0.50000000         9063.39355469        24477.19335937         2716.99438477 
        4944.46893032            0.50000000         8939.39355469        24255.19335937         2678.99438477 
        4944.99321522            0.50000000         8953.39355469        24271.19335937         2692.99438477 
        4945.46319667            0.50000000         8874.39355469        24182.19335937         2677.99438477 
        4945.95801969            0.50000000         8887.39355469        24149.19335937         2686.99438477 
        4946.43315182            0.50000000         8968.39355469        24302.19335937         2702.99438477 
        4946.98264797            0.50000000         8898.39355469        24228.19335937         2673.99438477 
        4947.46789985            0.50000000         8920.39355469        24277.19335937         2688.99438477 
        4948.04736771            0.50000000         8897.39355469        24260.19335937         2702.99438477 
        4948.46844186            0.50000000         8844.39355469        24242.19335937         2722.99438477 
        4949.00852239            0.50000000         8822.39355469        24157.19335937         2707.99438477 
        4949.47438357            0.50000000         8872.39355469        24407.19335937         2702.99438477 
        4949.98000117            0.50000000         8803.39355469        24167.19335937         2671.99438477 
        4950.43614545            0.50000000         8849.39355469        24285.19335937         2680.99438477 
        4951.01141509            0.50000000         8900.39355469        24447.19335937         2700.99438477 
        4951.47768926            0.50000000         8828.39355469        24273.19335937         2688.99438477 
        4952.07307262            0.50000000         8895.39355469        24457.19335937         2697.99438477 
        4952.47504501            0.50000000         8847.39355469        24392.19335937         2693.99438477 
        4953.02104785            0.50000000         8837.39355469        24290.19335937         2691.99438477 
        4953.47780599            0.50000000         8864.39355469        24467.19335937         2707.99438477 
        4953.98928596            0.50000000         8775.39355469        24351.19335937         2687.99438477 
        4954.44127225            0.50000000         8797.39355469        24301.19335937         2674.99438477 
        4955.01756152            0.50000000         8839.39355469        24515.19335937         2716.99438477 
        4955.47969254            0.50000000         8731.39355469        24255.19335937         2652.99438477 
        4956.07115912            0.50000000         8836.39355469        24518.19335937         2686.99438477 
        4956.48378613            0.50000000         8706.39355469        24255.19335937         2674.99438477 
        4957.03573018            0.50000000         8749.39355469        24388.19335937         2659.99438477 
        4957.49329930            0.50000000         8716.39355469        24244.19335937         2661.99438477 
        4958.02558841            0.50000000         8708.39355469        24380.19335937         2660.99438477 
        4958.44852407            0.50000000         8674.39355469        24220.19335937         2646.99438477 
        4959.02085687            0.50000000         8735.39355469        24490.19335937         2684.99438477 
        4959.48878414            0.50000000         8655.39355469        24227.19335937         2622.99438477 
        4960.08129880            0.50000000         8698.39355469        24395.19335937         2647.99438477 
        4960.48469573            0.50000000         8672.39355469        24350.19335937         2651.99438477 
        4961.03263372            0.50000000         8801.39355469        24739.19335937         2648.99438477 
        4961.48602802            0.50000000         8586.39355469        24215.19335937         2597.99438477 
        4962.02424006            0.50000000         8747.39355469        24631.19335937         2639.99438477 
        4962.43795282            0.50000000         8568.39355469        24156.19335937         2577.99438477 
        4963.01628030            0.50000000         8729.39355469        24624.19335937         2625.99438477 
        4963.49002044            0.50000000         8513.39355469        24049.19335937         2538.99438477 
        4964.09355911            0.50000000         8580.39355469        24215.19335937         2522.99438477 
        4964.48270224            0.50000000         8503.39355469        24124.19335937         2477.99438477 
        4965.03160731            0.50000000         8576.39355469        24242.19335937         2444.99438477 
        4965.48081026            0.50000000         8478.39355469        24064.19335937         2314.99438477 
        4966.01997121            0.50000000         8561.39355469        24261.19335937         2038.99438477 
        4966.43441345            0.50000000         8490.39355469        24173.19335937         1618.99438477 
        4967.01875579            0.50000000         8538.39355469        24164.19335937         1389.99438477 
        4967.47834432            0.50000000         8425.39355469        23929.19335937         1466.99438477 
        4968.07794749            0.50000000         8538.39355469        24125.19335937         1670.99438477 
        4968.46777448            0.50000000         8469.39355469        23812.19335937         1711.99438477 
        4969.02264369            0.50000000         8505.39355469        23697.19335937         1714.99438477 
        4969.46763678            0.50000000         8398.39355469        23544.19335937         1632.99438477 
        4970.00774550            0.50000000         8458.39355469        23371.19335937         1542.99438477 
        4970.42291635            0.50000000         8420.39355469        22848.19335937         1461.99438477 
        4971.01328989            0.50000000         8451.39355469        22427.19335937         1402.99438477 
        4971.47368758            0.50000000         8384.39355469        22376.19335937         1359.99438477 
        4972.07935267            0.50000000         8450.39355469        22781.19335937         1363.99438477 
        4972.46485998            0.50000000         8385.39355469        22997.19335937         1369.99438477 
        4973.02070638            0.50000000         8415.39355469        23366.19335937         1329.99438477 
        4973.47149245            0.50000000         8317.39355469        23196.19335937         1253.99438477 
        4974.00754334            0.50000000         8373.39355469        23153.19335937         1179.99438477 
        4974.41843424            0.50000000         8313.39355469        23052.19335937         1152.99438477 
        4975.01485923            0.50000000         8348.39355469        23095.19335937         1078.99438477 
        4975.47105449            0.50000000         8285.39355469        23069.19335937         1028.99438477 
        4976.06274067            0.50000000         8412.39355469        23314.19335937         1006.99432373 
        4976.45393976            0.50000000         8252.39355469        22749.19335937          942.99432373 
        4977.01076217            0.50000000         8382.39355469        22749.19335937          928.99432373 
        4977.45732183            0.50000000         8261.39355469        22076.19335937          856.99432373 
        4977.98929377            0.50000000         8346.39355469        21850.19335937          843.99432373 
        4978.40592465            0.50000000         8244.39355469        21304.19335937          796.99432373 
        4978.99335316            0.50000000         8317.39355469        21208.19335937          781.99432373 
        4979.46039167            0.50000000         8254.39355469        20715.19335937          760.99432373 
        4980.05813984            0.50000000         8331.39355469        20388.19335937          730.99432373 
        4980.45505094            0.50000000         8232.39355469        19639.19335937          690.99432373 
        4981.01285307            0.50000000         8167.39404297        18909.19335937          684.99432373 
        4981.46522538            0.50000000         8211.39355469        18658.19335937          668.99432373 
        4981.99310665            0.50000000         8147.39404297        18210.19335937          640.99432373 
        4982.41549975            0.50000000         8175.39404297        17955.19335937          650.99432373 
        4982.99390305            0.50000000         8201.39355469        17666.19335937          642.99432373 
        4983.46176268            0.50000000         8115.39404297        17314.19335937          611.99432373 
        4984.03539909            0.50000000         8167.39404297        17152.19335937          631.99432373 
        4984.45817096            0.50000000         8160.39404297        16930.19335937          616.99432373 
        4984.99681538            0.50000000         8146.39404297        16643.19335937          607.99432373 
        4985.45501500            0.50000000         8146.39404297        16410.19335937          601.99432373 
        4985.97374767            0.50000000         8091.39404297        15991.19433594          591.99432373 
        4986.41703024            0.50000000         8130.39404297        15789.19433594          595.99432373 
        4986.98637175            0.50000000         8091.39404297        15356.19433594          590.99432373 
        4987.46009158            0.50000000         8058.39404297        15066.19433594          558.99432373 
        4988.04481765            0.50000000         8106.39404297        14787.19433594          588.99432373 
        4988.45824893            0.50000000         8027.39404297        14390.19433594          585.99432373 
        4988.99279551            0.50000000         8084.39404297        14173.19433594          583.99432373 
        4989.46188765            0.50000000         7992.39404297        13796.19433594          587.99432373 
        4989.96134976            0.50000000         7986.39404297        13662.19433594          565.99432373 
        4990.41045447            0.50000000         8006.39404297        13733.19433594          568.99432373 
        4990.98584129            0.50000000         7979.39404297        13862.19433594          578.99432373 
        4991.45534322            0.50000000         7945.39404297        14097.19433594          567.99432373 
        4992.01079275            0.50000000         7912.39404297        14526.19433594          570.99432373 
        4992.45019853            0.50000000         7919.39404297        14802.19433594          573.99432373 
        4992.98062847            0.50000000         7868.39404297        15089.19433594          588.99432373 
        4993.45054073            0.50000000         7957.39404297        15470.19433594          595.99432373 
        4993.93065845            0.50000000         7832.39404297        15400.19433594          576.99432373 
        4994.42098805            0.50000000         7886.39404297        15662.19433594          584.99432373 
        4994.95693249            0.50000000         7926.39404297        15783.19433594          565.99432373 
        4995.44242462            0.50000000         7873.39404297        15722.19433594          582.99432373 
        4995.99378553            0.50000000         7777.39404297        15552.19433594          565.99432373 
        4996.46937791            0.50000000         7878.39404297        15782.19433594          564.99432373 
        4996.96531364            0.50000000         7825.39404297        15687.19433594          570.99432373 
        4997.45123255            0.50000000         7721.39404297        15443.19433594          532.99432373 
        4997.91700176            0.50000000         7792.39404297        15484.19433594          552.99432373 
        4998.44363774            0.50000000         7757.39404297        15308.19433594          513.99432373 
        4998.95519838            0.50000000         7648.39404297        15007.19433594          513.99432373 
        4999.45167354            0.50000000         7770.39404297        15097.19433594          536.99432373 
        4999.98879861            0.50000000         7766.39404297        14941.19433594          516.99432373 
        5000.48549814            0.50000000         7707.39404297        14739.19433594          492.99432373 
        5000.96202554            0.50000000         7659.39404297        14464.19433594          492.99432373 
        5001.47414964            0.50000000         7767.39404297        14544.19433594          523.99432373 
        5001.92552231            0.50000000         7720.39404297        14437.19433594          497.99432373 
        5002.45308181            0.50000000         7692.39404297        14330.19433594          487.99432373 
        5002.92494474            0.50000000         7636.39404297        14262.19433594          478.99432373 
        5003.46288562            0.50000000         7705.39404297        14478.19433594          511.99432373 
        5003.97049288            0.50000000         7553.39404297        14268.19433594          475.99432373 
        5004.50360162            0.50000000         7646.39404297        14586.19433594          488.99432373 
        5004.94541431            0.50000000         7575.39404297        14621.19433594          480.99432373 
        5005.46859010            0.50000000         7672.39404297        14853.19433594          501.99432373 
        5005.91566990            0.50000000         7536.39404297        14772.19433594          481.99432373 
        5007.59808111            0.50000000         7527.39404297        15220.19433594          487.99432373 
        5009.40385331            0.50000000         7488.39404297        15570.19433594          500.99432373 
        5011.20086323            0.50000000         7357.39404297        15658.19433594          506.99432373 
        5013.02476533            0.50000000         7293.39404297        15807.19433594          485.99432373 
        5014.83991647            0.50000000         7233.39404297        15947.19433594          494.99432373 
        5016.81475764            0.50000000         7188.39404297        16029.19433594          513.99432373 
        5018.75553150            0.50000000         7107.39404297        15981.19433594          515.99432373 
        5020.79510940            0.50000000         7076.39404297        15986.19433594          508.99432373 
        5022.78019484            0.50000000         7059.39404297        16072.19433594          497.99432373 
        5024.87969967            0.50000000         6940.39404297        15879.19433594          496.99432373 
        5026.92471671            0.50000000         6875.39404297        15833.19433594          494.99432373 
        5029.06393276            0.50000000         6758.39404297        15570.19433594          468.99432373 
        5031.21027410            0.50000000         6781.39404297        15645.19433594          464.99432373 
        5033.47688409            0.50000000         6760.39404297        15581.19433594          447.99432373 
        5035.74572380            0.50000000         6662.39404297        15377.19433594          419.99432373 
        5038.02710115            0.50000000         6629.39404297        15282.19433594          402.99432373 
        5040.27979028            0.50000000         6494.39404297        14946.19433594          394.99432373 
        5042.65858025            0.50000000         6488.39404297        14861.19433594          379.99432373 
        5045.13284748            0.50000000         6411.39404297        14795.19433594          396.99432373 
        5047.46490313            0.50000000         6346.39404297        14771.19433594          390.99432373 
        5049.99610963            0.50000000         6311.39404297        14860.19433594          408.99432373 
        5052.44194646            0.50000000         6111.39404297        14545.19433594          406.99432373 
        5054.96303029            0.50000000         6117.39404297        14633.19433594          415.99432373 
        5057.59077899            0.50000000         6054.39404297        14509.19433594          419.99432373 
        5060.17989214            0.50000000         5986.39404297        14390.19433594          407.99432373 
        5062.80314330            0.50000000         5883.39404297        14266.19433594          403.99432373 
        5065.57013484            0.50000000         5846.39404297        14224.19433594          406.99432373 
        5068.27256280            0.50000000         5780.39404297        14241.19433594          417.99432373 
        5071.08266027            0.50000000         5592.39404297        13964.19433594          405.99432373 
        5073.96941438            0.50000000         5641.39404297        14124.19433594          402.99432373 
        5076.79164087            0.50000000         5521.39404297        14052.19433594          402.99432373 
        5079.67499175            0.50000000         5313.39404297        13637.19433594          379.99432373 
        5082.72473631            0.50000000         5279.39404297        13764.19433594          359.99432373 
        5085.73113767            0.50000000         5150.39404297        13540.19433594          341.99432373 
        5088.70981837            0.50000000         5127.39404297        13531.19433594          333.99432373 
        5091.84521627            0.50000000         5032.39404297        13479.19433594          327.99432373 
        5094.96898338            0.50000000         4891.39404297        13354.19433594          315.99432373 
        5098.07049004            0.50000000         4835.39404297        13301.19433594          333.99432373 
        5101.24493511            0.50000000         4744.39404297        13249.19433594          329.99432373 
        5104.51381344            0.50000000         4653.39404297        13137.19433594          342.99432373 
        5107.79256341            0.50000000         4578.39404297        13107.19433594          343.99432373 
        5111.07058345            0.50000000         4557.39404297        13111.19433594          364.99432373 
        5114.40642495            0.50000000         4485.39404297        12988.19433594          348.99432373 
        5117.77899722            0.50000000         4370.39404297        12887.19433594          340.99432373 
        5121.18310842            0.50000000         4253.39404297        12724.19433594          339.99432373 
        5124.60819017            0.50000000         4154.39404297        12422.19433594          326.99432373 
        5128.08109834            0.50000000         4237.39404297        12785.19433594          348.99432373 
        5131.61812249            0.50000000         4094.39404297        12412.19433594          337.99432373 
        5135.14434185            0.50000000         4060.39404297        12512.19433594          313.99432373 
        5138.71886720            0.50000000         3976.39404297        12331.19433594          317.99432373 
        5142.42810781            0.50000000         3950.39404297        12356.19433594          320.99432373 
        5145.98668794            0.50000000         3746.39404297        11932.19433594          310.99432373 
        5149.70193983            0.50000000         3758.39404297        12090.19433594          315.99432373 
        5153.43385059            0.50000000         3701.39404297        11966.19433594          293.99432373 
        5157.17706334            0.50000000         3588.39404297        11858.19433594          305.99432373 
        5161.04021868            0.50000000         3540.39404297        11822.19433594          298.99432373 
        5164.85527509            0.50000000         3415.39404297        11577.19433594          289.99432373 
        5168.75272961            0.50000000         3371.39404297        11576.19433594          301.99432373 
        5172.70568737            0.50000000         3246.39404297        11212.19433594          306.99432373 
        5176.55043219            0.50000000         3126.39404297        11047.19433594          287.99432373 
        5180.56562714            0.50000000         2503.39404297         8931.19433594          262.99432373 
        5184.55468336            0.50000000         3015.39404297        10769.19433594          308.99432373 
        5188.54491822            0.50000000         2919.39404297        10709.19433594          290.99432373 
        5192.71240326            0.50000000         2800.39404297        10387.19433594          300.99432373 
        5196.84305860            0.50000000         2682.39404297        10020.19433594          285.99432373 
        5200.95323931            0.50000000         2573.39404297         9770.19433594          270.99432373 
        5205.15897853            0.50000000         2472.39404297         9495.19433594          259.99432373 
        5208.93438865            0.50000000         2293.39404297         8805.19433594          243.99432373 
