# 1-D Scan File created by LabVIEW Control Panel  12/6/2011  3:12:01 AM; Scan time 0 hrs 4 min 28 sec. 
#
# Beamline 20 BM
#
# Scan config: 
#                 E0: 4966.00 eV   223 points
#        Scan bounds:  -100.00 -30.00 40.00 243.35 (7.99 (k))
#       Scan step(s):  5.00 0.50 0.07
#  Integration times:  0.50 0.50 0.50    kwgt in EXAFS region: 0.0 
#
# User Comment:
# 50oC
#
#
# Amplifier Sensitivities:
# Preslit: 20 nA/V  I0: 20 nA/V  I: 100 pA/V  IREF: 50 pA/V  
#
# Analog Input Voltages at start/end of scan:
# Preslit: 0.032/0.030  I0: 0.435/0.245  Ignore: 0.012/0.006  I: 0.760/0.487  IREF: 0.217/0.135  
#
# Mono Info:
# 
#
# ID Info:
# 
#
# Slit Info:
# Kappa S1:  Center is at -542 (H), 500 (V)   Size is 8000 wide x 2000 high
# Vacuum Slits:  Center is at 850 (H), -25 (V)   Size is 899 wide x 1000 high
#
# Motor Positions:
# SMV (20bm:m29): -37594.243125 SMH (20bm:m30): 4802.187500 
#
# Detector Names/PVs:
# I0/20bm:scaler1_netA.C  I/20bm:scaler1_netA.E  IREF/20bm:scaler1_netA.F  
#
# Positioner names/Drive PVs/Readback PVs:
# Mono Energy */20bm:monoE.VAL/20bm:EnctoE.VAL  Scaler preset time */20bm:scaler1.TP/  
# Here is a readable list of column headings:
#  1) Mono Energy *        
#  2) Scaler preset time * 
#  3) I0                   
#  4) I                    
#  5) IREF                 
#
# Column Headings:
#Mono Energy *        Scaler preset time * I0                   I                    IREF                 
        4865.39136160            0.50000000        17016.39453125        32973.19531250         4495.99414062 
        4870.45241530            0.50000000        16812.39453125        32845.19531250         4427.99414062 
        4875.46750590            0.50000000        16707.39453125        32942.19531250         4356.99414062 
        4880.54201781            0.50000000        16529.39453125        32926.19531250         4278.99414062 
        4885.58960585            0.50000000        16392.39453125        32899.19531250         4182.99414062 
        4890.58107683            0.50000000        16318.39355469        33109.19531250         4147.99414062 
        4895.66602039            0.50000000        16195.39355469        33090.19531250         4109.99414062 
        4900.77713326            0.50000000        16080.39355469        33293.19531250         4039.99438477 
        4905.80760651            0.50000000        15920.39355469        33174.19531250         3998.99438477 
        4910.81044561            0.50000000        15853.39355469        33566.19531250         3954.99438477 
        4915.82937170            0.50000000        15601.39355469        33409.19531250         3895.99438477 
        4920.85466623            0.50000000        15588.39355469        33622.19531250         3900.99438477 
        4925.88633288            0.50000000        15441.39355469        33776.19531250         3859.99438477 
        4930.89488023            0.50000000        15356.39355469        33902.19531250         3798.99438477 
        4935.96879711            0.50000000        15248.39355469        34064.19531250         3814.99438477 
        4936.47632534            0.50000000        15303.39355469        34395.19531250         3831.99438477 
        4936.94453528            0.50000000        15305.39355469        34414.19531250         3856.99438477 
        4937.44242310            0.50000000        15303.39355469        34377.19531250         3819.99438477 
        4937.92069616            0.50000000        15164.39355469        34193.19531250         3799.99438477 
        4938.43359654            0.50000000        15256.39355469        34255.19531250         3812.99438477 
        4938.94661366            0.50000000        15240.39355469        34310.19531250         3834.99438477 
        4939.44494397            0.50000000        15165.39355469        34269.19531250         3782.99438477 
        4939.99274098            0.50000000        15143.39355469        34103.19531250         3783.99438477 
        4940.47155546            0.50000000        15197.39355469        34381.19531250         3815.99438477 
        4940.98009864            0.50000000        15156.39355469        34412.19531250         3808.99438477 
        4941.44924499            0.50000000        15074.39355469        34247.19531250         3787.99438477 
        4941.94318868            0.50000000        15075.39355469        34321.19531250         3791.99438477 
        4942.43229949            0.50000000        15183.39355469        34529.19531250         3848.99438477 
        4942.97588032            0.50000000        15104.39355469        34457.19531250         3800.99438477 
        4943.46027175            0.50000000        15060.39355469        34314.19531250         3797.99438477 
        4944.02387833            0.50000000        15169.39355469        34560.19531250         3846.99438477 
        4944.46893032            0.50000000        15064.39355469        34438.19531250         3783.99438477 
        4944.99816189            0.50000000        15020.39355469        34313.19531250         3797.99438477 
        4945.46319667            0.50000000        14953.39355469        34294.19531250         3766.99438477 
        4945.96296847            0.50000000        15001.39355469        34408.19531250         3769.99438477 
        4946.43315182            0.50000000        15036.39355469        34375.19531250         3756.99438477 
        4946.99255003            0.50000000        14986.39355469        34458.19531250         3762.99438477 
        4947.47780404            0.50000000        14955.39355469        34365.19531250         3783.99438477 
        4948.05232107            0.50000000        15014.39355469        34584.19531250         3820.99438477 
        4948.47835043            0.50000000        14929.39355469        34475.19531250         3798.99438477 
        4949.01843333            0.50000000        14904.39355469        34513.19531250         3792.99438477 
        4949.48429656            0.50000000        14934.39355469        34680.19531250         3826.99438477 
        4949.98991638            0.50000000        14882.39355469        34518.19531250         3786.99438477 
        4950.44110404            0.50000000        14924.39355469        34646.19531250         3789.99438477 
        4951.01141509            0.50000000        15020.39355469        34785.19531250         3809.99438477 
        4951.48761103            0.50000000        14935.39355469        34724.19531250         3810.99438477 
        4952.08299700            0.50000000        14971.39355469        34730.19531250         3809.99438477 
        4952.48497116            0.50000000        14960.39355469        34821.19531250         3809.99438477 
        4953.03097639            0.50000000        15005.39355469        34929.19531250         3791.99438477 
        4953.48277126            0.50000000        15037.39355469        35144.19531250         3816.99438477 
        4954.00418517            0.50000000        14968.39355469        35057.19531250         3811.99438477 
        4954.44623964            0.50000000        14969.39355469        35006.19531250         3803.99438477 
        4955.01756152            0.50000000        15019.39355469        35243.19531250         3838.99438477 
        4955.48466220            0.50000000        14895.39355469        35091.19531250         3814.99438477 
        4956.08110105            0.50000000        15013.39355469        35295.19531250         3817.99438477 
        4956.48875800            0.50000000        14852.39355469        34982.19531250         3774.99438477 
        4957.03573018            0.50000000        14879.39355469        34987.19531250         3779.99438477 
        4957.49329930            0.50000000        14887.39355469        35070.19531250         3785.99438477 
        4958.02558841            0.50000000        14894.39355469        35172.19531250         3782.99438477 
        4958.44852407            0.50000000        14876.39355469        35155.19531250         3776.99438477 
        4959.02085687            0.50000000        14919.39355469        35275.19531250         3758.99438477 
        4959.49376261            0.50000000        14851.39355469        35152.19531250         3739.99438477 
        4960.07631904            0.50000000        14924.39355469        35435.19531250         3800.99438477 
        4960.48469573            0.50000000        14807.39355469        35074.19531250         3752.99438477 
        4961.03263372            0.50000000        14975.39355469        35557.19531250         3777.99438477 
        4961.48602802            0.50000000        14762.39355469        35146.19531250         3706.99438477 
        4962.01925603            0.50000000        14969.39355469        35584.19531250         3781.99438477 
        4962.43795282            0.50000000        14717.39355469        35128.19531250         3683.99438477 
        4963.02126652            0.50000000        14947.39355469        35624.19531250         3758.99438477 
        4963.49002044            0.50000000        14665.39355469        35006.19531250         3655.99438477 
        4964.09355911            0.50000000        14777.39355469        35347.19531250         3627.99438477 
        4964.48270224            0.50000000        14701.39355469        35313.19531250         3592.99438477 
        4965.03160731            0.50000000        14795.39355469        35400.19531250         3512.99438477 
        4965.48081026            0.50000000        14669.39355469        35246.19531250         3304.99438477 
        4966.01497839            0.50000000        14806.39355469        35485.19531250         2871.99438477 
        4966.42941972            0.50000000        14677.39355469        35323.19531250         2286.99438477 
        4967.01376077            0.50000000        14713.39355469        35233.19531250         1959.99438477 
        4967.47834432            0.50000000        14617.39355469        35079.19531250         2083.99438477 
        4968.07794749            0.50000000        14687.39355469        35080.19531250         2359.99438477 
        4968.46777448            0.50000000        14607.39355469        34918.19531250         2430.99438477 
        4969.02264369            0.50000000        14705.39355469        34900.19531250         2433.99438477 
        4969.46763678            0.50000000        14668.39355469        34791.19531250         2357.99438477 
        4970.01274711            0.50000000        14687.39355469        34560.19531250         2240.99438477 
        4970.42291635            0.50000000        14653.39355469        34478.19531250         2132.99438477 
        4971.01328989            0.50000000        14649.39355469        34150.19531250         2036.99438477 
        4971.47368758            0.50000000        14571.39355469        34239.19531250         2007.99438477 
        4972.07434652            0.50000000        14645.39355469        34539.19531250         2005.99438477 
        4972.45985297            0.50000000        14553.39355469        34518.19531250         1969.99438477 
        4973.01569815            0.50000000        14557.39355469        34445.19531250         1880.99438477 
        4973.46648323            0.50000000        14530.39355469        34429.19531250         1775.99438477 
        4974.00253293            0.50000000        14571.39355469        34152.19531250         1703.99438477 
        4974.41843424            0.50000000        14531.39355469        33774.19531250         1619.99438477 
        4975.00984661            0.50000000        14528.39355469        32949.19531250         1516.99438477 
        4975.46604086            0.50000000        14454.39355469        32267.19335937         1413.99438477 
        4976.05772573            0.50000000        14618.39355469        31835.19335937         1371.99438477 
        4976.45393976            0.50000000        14428.39355469        31027.19335937         1287.99438477 
        4977.01076217            0.50000000        14551.39355469        30814.19335937         1257.99438477 
        4977.45732183            0.50000000        14417.39355469        30240.19335937         1180.99438477 
        4977.99431297            0.50000000        14562.39355469        30264.19335937         1151.99438477 
        4978.40592465            0.50000000        14382.39355469        29612.19335937         1074.99438477 
        4978.99335316            0.50000000        14473.39355469        29641.19335937         1065.99438477 
        4979.46541411            0.50000000        14376.39355469        29204.19335937         1016.99432373 
        4980.05813984            0.50000000        14548.39355469        29285.19335937         1023.99432373 
        4980.45505094            0.50000000        14330.39355469        28607.19335937          974.99432373 
        4981.01285307            0.50000000        14301.39355469        28138.19335937          969.99432373 
        4981.46522538            0.50000000        14366.39355469        27765.19335937          961.99432373 
        4981.99310665            0.50000000        14314.39355469        27124.19335937          906.99432373 
        4982.41549975            0.50000000        14331.39355469        26553.19335937          885.99432373 
        4982.99893329            0.50000000        14335.39355469        25652.19335937          881.99432373 
        4983.46176268            0.50000000        14242.39355469        24726.19335937          864.99432373 
        4984.03539909            0.50000000        14339.39355469        23891.19335937          849.99432373 
        4984.45313750            0.50000000        14294.39355469        23026.19335937          847.99432373 
        4985.00185004            0.50000000        14283.39355469        22282.19335937          824.99432373 
        4985.45501500            0.50000000        14263.39355469        21604.19335937          809.99432373 
        4985.97374767            0.50000000        14189.39355469        21008.19335937          797.99432373 
        4986.41703024            0.50000000        14275.39355469        20833.19335937          810.99432373 
        4986.99141081            0.50000000        14198.39355469        20424.19335937          791.99432373 
        4987.45505149            0.50000000        14169.39355469        20328.19335937          818.99432373 
        4988.03977627            0.50000000        14194.39355469        20387.19335937          795.99432373 
        4988.45824893            0.50000000        14099.39355469        20359.19335937          789.99432373 
        4988.99279551            0.50000000        14177.39355469        20726.19335937          824.99432373 
        4989.45684313            0.50000000        14050.39355469        20839.19335937          785.99432373 
        4989.95630414            0.50000000        14068.39355469        21311.19335937          819.99432373 
        4990.41045447            0.50000000        14082.39355469        21713.19335937          808.99432373 
        4990.97574553            0.50000000        14050.39355469        22179.19335937          794.99432373 
        4991.45029430            0.50000000        13969.39355469        22420.19335937          814.99432373 
        4992.01079275            0.50000000        14005.39355469        23025.19335937          807.99432373 
        4992.45019853            0.50000000        13945.39355469        23199.19335937          840.99432373 
        4992.97557617            0.50000000        13939.39355469        23504.19335937          825.99432373 
        4993.44548739            0.50000000        13967.39355469        23690.19335937          845.99432373 
        4993.92054967            0.50000000        13855.39355469        23604.19335937          807.99432373 
        4994.42098805            0.50000000        13897.39355469        23799.19335937          836.99432373 
        4994.95693249            0.50000000        13973.39355469        23903.19335937          836.99432373 
        4995.43736688            0.50000000        13905.39355469        23808.19335937          832.99432373 
        4995.98872657            0.50000000        13792.39355469        23496.19335937          798.99432373 
        4996.46431790            0.50000000        13931.39355469        23608.19335937          807.99432373 
        4996.96531364            0.50000000        13834.39355469        23301.19335937          800.99432373 
        4997.44110819            0.50000000        13793.39355469        23125.19335937          780.99432373 
        4997.91193854            0.50000000        13837.39355469        23021.19335937          778.99432373 
        4998.43350898            0.50000000        13754.39355469        22714.19335937          767.99432373 
        4998.94000186            0.50000000        13646.39355469        22273.19335937          754.99432373 
        4999.44154032            0.50000000        13804.39355469        22354.19335937          757.99432373 
        4999.97866300            0.50000000        13781.39355469        22135.19335937          741.99432373 
        5000.48042923            0.50000000        13715.39355469        22027.19335937          745.99432373 
        5000.95695558            0.50000000        13652.39355469        21854.19335937          703.99432373 
        5001.46400746            0.50000000        13806.39355469        22109.19335937          725.99432373 
        5001.92045021            0.50000000        13710.39355469        22059.19335937          709.99432373 
        5002.44293529            0.50000000        13682.39355469        22140.19335937          717.99432373 
        5002.91479613            0.50000000        13578.39355469        22102.19335937          720.99432373 
        5003.44765914            0.50000000        13678.39355469        22504.19335937          719.99432373 
        5003.96033963            0.50000000        13466.39355469        22284.19335937          692.99432373 
        5004.49852381            0.50000000        13564.39355469        22736.19335937          699.99432373 
        5004.94033552            0.50000000        13514.39355469        22904.19335937          703.99432373 
        5005.45843021            0.50000000        13661.39355469        23361.19335937          713.99432373 
        5005.90550802            0.50000000        13524.39355469        23464.19335937          714.99432373 
        5007.58282713            0.50000000        13496.39355469        24361.19335937          741.99432373 
        5009.38858730            0.50000000        13469.39355469        24910.19335937          760.99432373 
        5011.18558526            0.50000000        13304.39355469        25098.19335937          772.99432373 
        5013.00947521            0.50000000        13214.39355469        25072.19335937          776.99432373 
        5014.81951354            0.50000000        13094.39355469        24876.19335937          782.99432373 
        5016.80454738            0.50000000        13072.39355469        24875.19335937          792.99432373 
        5018.74531260            0.50000000        12977.39355469        24864.19335937          784.99432373 
        5020.78488144            0.50000000        12962.39355469        25142.19335937          778.99432373 
        5022.78019484            0.50000000        12855.39355469        25203.19335937          756.99432373 
        5024.86945353            0.50000000        12734.39355469        25201.19335937          774.99432373 
        5026.90933386            0.50000000        12651.39355469        25215.19335937          764.99432373 
        5029.04853562            0.50000000        12507.39355469        24889.19335937          743.99432373 
        5031.18972547            0.50000000        12584.39355469        25025.19335937          752.99432373 
        5033.45631525            0.50000000        12542.39355469        24791.19335937          708.99432373 
        5035.73542923            0.50000000        12372.39355469        24177.19335937          659.99432373 
        5038.00649172            0.50000000        12324.39355469        23921.19335937          666.99432373 
        5040.25400337            0.50000000        12121.39355469        23431.19335937          616.99432373 
        5042.64309213            0.50000000        12113.39355469        23438.19335937          624.99432373 
        5045.10700638            0.50000000        12003.39355469        23480.19335937          601.99432373 
        5047.44938279            0.50000000        11946.39355469        23682.19335937          610.99432373 
        5049.97539323            0.50000000        11892.39355469        23759.19335937          620.99432373 
        5052.42639273            0.50000000        11635.39355469        23428.19335937          617.99432373 
        5054.94226943            0.50000000        11591.39355469        23572.19335937          639.99432373 
        5057.56999460            0.50000000        11455.39355469        23468.19335937          637.99432373 
        5060.16428642            0.50000000        11379.39355469        23534.19335937          652.99432373 
        5062.78751994            0.50000000        11179.39355469        23434.19335937          645.99432373 
        5065.55970684            0.50000000        11131.39355469        23454.19335937          664.99432373 
        5068.25168259            0.50000000        11016.39355469        23514.19335937          663.99432373 
        5071.06698117            0.50000000        10740.39355469        23180.19335937          638.99432373 
        5073.95894866            0.50000000        10792.39355469        23452.19335937          665.99432373 
        5076.78116247            0.50000000        10627.39355469        23417.19335937          657.99432373 
        5079.66974605            0.50000000        10327.39355469        23024.19335937          622.99432373 
        5082.70372616            0.50000000        10258.39355469        23152.19335937          613.99432373 
        5085.71535973            0.50000000        10111.39355469        23123.19335937          587.99432373 
        5088.69928631            0.50000000        10143.39355469        23189.19335937          547.99432373 
        5091.83467007            0.50000000         9913.39355469        22951.19335937          559.99432373 
        5094.95842309            0.50000000         9769.39355469        22883.19335937          551.99432373 
        5098.05462862            0.50000000         9701.39355469        22907.19335937          554.99432373 
        5101.22905218            0.50000000         9596.39355469        23065.19335937          584.99432373 
        5104.49790835            0.50000000         9433.39355469        22967.19335937          614.99432373 
        5107.77132699            0.50000000         9337.39355469        22888.19335937          627.99432373 
        5111.05995038            0.50000000         9310.39355469        22969.19335937          614.99432373 
        5114.39045271            0.50000000         9230.39355469        22839.19335937          606.99432373 
        5117.76833377            0.50000000         9052.39355469        22732.19335937          592.99432373 
        5121.17242953            0.50000000         8865.39355469        22507.19335937          592.99432373 
        5124.59749574            0.50000000         8724.39355469        22209.19335937          593.99432373 
        5128.07574324            0.50000000         8833.39355469        22735.19335937          616.99432373 
        5131.60739622            0.50000000         8608.39355469        22279.19335937          601.99432373 
        5135.13359955            0.50000000         8445.39355469        22256.19335937          607.99432373 
        5138.70810864            0.50000000         8298.39355469        22029.19335937          579.99432373 
        5142.41733236            0.50000000         8339.39355469        22365.19335937          574.99432373 
        5145.98129210            0.50000000         7951.39404297        21756.19335937          572.99432373 
        5149.69653553            0.50000000         7886.39404297        21738.19335937          532.99432373 
        5153.42843777            0.50000000         7812.39404297        21703.19335937          557.99432373 
        5157.17164198            0.50000000         7662.39404297        21626.19335937          548.99432373 
        5161.04021868            0.50000000         7538.39404297        21634.19335937          551.99432373 
        5164.84439729            0.50000000         7284.39404297        21203.19335937          538.99432373 
        5168.74728178            0.50000000         7230.39404297        21340.19335937          552.99432373 
        5172.69477363            0.50000000         7017.39404297        20932.19335937          543.99432373 
        5176.53950083            0.50000000         6796.39404297        20589.19335937          544.99432373 
        5180.56015224            0.50000000         5509.39404297        16902.19335937          477.99432373 
        5184.54919932            0.50000000         6707.39404297        20781.19335937          583.99432373 
        5188.53942501            0.50000000         6529.39404297        20562.19335937          578.99432373 
        5192.70690048            0.50000000         6272.39404297        19931.19335937          546.99432373 
        5196.83203404            0.50000000         6079.39404297        19588.19335937          538.99432373 
        5200.94219583            0.50000000         5893.39404297        19230.19335937          543.99432373 
        5205.14791567            0.50000000         5629.39404297        18540.19335937          520.99432373 
        5208.92884851            0.50000000         5321.39404297        17672.19335937          498.99432373 
