# 1-D Scan File created by LabVIEW Control Panel  12/6/2011  4:32:21 AM; Scan time 0 hrs 4 min 28 sec. 
#
# Beamline 20 BM
#
# Scan config: 
#                 E0: 4966.00 eV   223 points
#        Scan bounds:  -100.00 -30.00 40.00 243.35 (7.99 (k))
#       Scan step(s):  5.00 0.50 0.07
#  Integration times:  0.50 0.50 0.50    kwgt in EXAFS region: 0.0 
#
# User Comment:
# 50oC
#
#
# Amplifier Sensitivities:
# Preslit: 20 nA/V  I0: 20 nA/V  I: 100 pA/V  IREF: 50 pA/V  
#
# Analog Input Voltages at start/end of scan:
# Preslit: 0.034/0.031  I0: 0.378/0.173  Ignore: 0.010/0.004  I: 0.711/0.390  IREF: 0.209/0.132  
#
# Mono Info:
# 
#
# ID Info:
# 
#
# Slit Info:
# Kappa S1:  Center is at -542 (H), 500 (V)   Size is 8000 wide x 2000 high
# Vacuum Slits:  Center is at 850 (H), -25 (V)   Size is 899 wide x 1000 high
#
# Motor Positions:
# SMV (20bm:m29): -37594.243125 SMH (20bm:m30): 4802.187500 
#
# Detector Names/PVs:
# I0/20bm:scaler1_netA.C  I/20bm:scaler1_netA.E  IREF/20bm:scaler1_netA.F  
#
# Positioner names/Drive PVs/Readback PVs:
# Mono Energy */20bm:monoE.VAL/20bm:EnctoE.VAL  Scaler preset time */20bm:scaler1.TP/  
# Here is a readable list of column headings:
#  1) Mono Energy *        
#  2) Scaler preset time * 
#  3) I0                   
#  4) I                    
#  5) IREF                 
#
# Column Headings:
#Mono Energy *        Scaler preset time * I0                   I                    IREF                 
        4865.37704075            0.50000000        14159.39355469        30617.19335937         4166.99414062 
        4870.45241530            0.50000000        13927.39355469        30290.19335937         4027.99438477 
        4875.45791516            0.50000000        13789.39355469        30320.19335937         3990.99438477 
        4880.53240513            0.50000000        13637.39355469        30256.19335937         3914.99438477 
        4885.57997133            0.50000000        13426.39355469        30040.19335937         3811.99438477 
        4890.56659262            0.50000000        13347.39355469        30133.19335937         3792.99438477 
        4895.65150310            0.50000000        13246.39355469        30194.19335937         3715.99438477 
        4900.76743286            0.50000000        13120.39355469        30286.19335937         3669.99438477 
        4905.79788426            0.50000000        12935.39355469        30042.19335937         3603.99438477 
        4910.80557360            0.50000000        12852.39355469        30186.19335937         3561.99438477 
        4915.81960583            0.50000000        12612.39355469        29951.19335937         3483.99438477 
        4920.84977234            0.50000000        12622.39355469        30360.19335937         3496.99438477 
        4925.88633288            0.50000000        12471.39355469        30332.19335937         3437.99438477 
        4930.89488023            0.50000000        12357.39355469        30390.19335937         3430.99438477 
        4935.97372402            0.50000000        12236.39355469        30317.19335937         3395.99438477 
        4936.48125336            0.50000000        12294.39355469        30670.19335937         3413.99438477 
        4936.94946433            0.50000000        12334.39355469        30726.19335937         3422.99438477 
        4937.44735323            0.50000000        12292.39355469        30664.19335937         3415.99438477 
        4937.92069616            0.50000000        12232.39355469        30626.19335937         3377.99438477 
        4938.43359654            0.50000000        12237.39355469        30541.19335937         3389.99438477 
        4938.95154708            0.50000000        12224.39355469        30485.19335937         3402.99438477 
        4939.44987848            0.50000000        12188.39355469        30629.19335937         3392.99438477 
        4939.99274098            0.50000000        12180.39355469        30489.19335937         3375.99438477 
        4940.47155546            0.50000000        12190.39355469        30609.19335937         3402.99438477 
        4940.98009864            0.50000000        12163.39355469        30710.19335937         3413.99438477 
        4941.44924499            0.50000000        12062.39355469        30473.19335937         3345.99438477 
        4941.94318868            0.50000000        12135.39355469        30655.19335937         3357.99438477 
        4942.43229949            0.50000000        12188.39355469        30754.19335937         3396.99438477 
        4942.97093809            0.50000000        12126.39355469        30667.19335937         3392.99438477 
        4943.46027175            0.50000000        12104.39355469        30667.19335937         3357.99438477 
        4944.02387833            0.50000000        12093.39355469        30646.19335937         3390.99438477 
        4944.47387584            0.50000000        12112.39355469        30736.19335937         3384.99438477 
        4945.00310856            0.50000000        12074.39355469        30630.19335937         3350.99438477 
        4945.46814437            0.50000000        12009.39355469        30552.19335937         3356.99438477 
        4945.95801969            0.50000000        12020.39355469        30644.19335937         3379.99438477 
        4946.43315182            0.50000000        12052.39355469        30550.19335937         3326.99438477 
        4946.99255003            0.50000000        12033.39355469        30748.19335937         3361.99438477 
        4947.47285194            0.50000000        12008.39355469        30622.19335937         3373.99438477 
        4948.05232107            0.50000000        12020.39355469        30794.19335937         3398.99438477 
        4948.47835043            0.50000000        11961.39355469        30729.19335937         3385.99438477 
        4949.01347785            0.50000000        11936.39355469        30686.19335937         3365.99438477 
        4949.47934006            0.50000000        11953.39355469        30762.19335937         3355.99438477 
        4949.98991638            0.50000000        11935.39355469        30752.19335937         3348.99438477 
        4950.44110404            0.50000000        11930.39355469        30744.19335937         3353.99438477 
        4951.01637495            0.50000000        11995.39355469        30922.19335937         3360.99438477 
        4951.48265014            0.50000000        11905.39355469        30724.19335937         3344.99438477 
        4952.07803480            0.50000000        12003.39355469        30974.19335937         3383.99438477 
        4952.48000808            0.50000000        11988.39355469        30927.19335937         3373.99438477 
        4953.02601211            0.50000000        11946.39355469        30858.19335937         3365.99438477 
        4953.48773654            0.50000000        11955.39355469        30971.19335937         3381.99438477 
        4953.99921876            0.50000000        11927.39355469        30963.19335937         3366.99438477 
        4954.44127225            0.50000000        11898.39355469        30861.19335937         3366.99438477 
        4955.02253017            0.50000000        11949.39355469        31085.19335937         3388.99438477 
        4955.48466220            0.50000000        11807.39355469        30766.19335937         3323.99438477 
        4956.07613008            0.50000000        11933.39355469        31136.19335937         3354.99438477 
        4956.48875800            0.50000000        11762.39355469        30752.19335937         3317.99438477 
        4957.03573018            0.50000000        11833.39355469        30933.19335937         3321.99438477 
        4957.49329930            0.50000000        11833.39355469        30943.19335937         3319.99438477 
        4958.02558841            0.50000000        11802.39355469        30873.19335937         3302.99438477 
        4958.44852407            0.50000000        11777.39355469        30842.19335937         3320.99438477 
        4959.02583431            0.50000000        11818.39355469        31070.19335937         3334.99438477 
        4959.49376261            0.50000000        11721.39355469        30824.19335937         3293.99438477 
        4960.08129880            0.50000000        11789.39355469        31121.19335937         3314.99438477 
        4960.48469573            0.50000000        11721.39355469        30874.19335937         3309.99438477 
        4961.02765187            0.50000000        11919.39355469        31380.19335937         3318.99438477 
        4961.48602802            0.50000000        11662.39355469        30787.19335937         3244.99438477 
        4962.01925603            0.50000000        11856.39355469        31280.19335937         3322.99438477 
        4962.43795282            0.50000000        11632.39355469        30775.19335937         3261.99438477 
        4963.02126652            0.50000000        11849.39355469        31327.19335937         3284.99438477 
        4963.49002044            0.50000000        11594.39355469        30757.19335937         3218.99438477 
        4964.08857053            0.50000000        11664.39355469        30941.19335937         3170.99438477 
        4964.47771280            0.50000000        11594.39355469        30915.19335937         3144.99438477 
        4965.03160731            0.50000000        11699.39355469        31042.19335937         3059.99438477 
        4965.47581862            0.50000000        11590.39355469        30933.19335937         2895.99438477 
        4966.01497839            0.50000000        11649.39355469        30984.19335937         2519.99438477 
        4966.43441345            0.50000000        11563.39355469        30852.19335937         1989.99438477 
        4967.01376077            0.50000000        11610.39355469        30862.19335937         1727.99438477 
        4967.47834432            0.50000000        11506.39355469        30650.19335937         1810.99438477 
        4968.07794749            0.50000000        11561.39355469        30659.19335937         2064.99438477 
        4968.46277628            0.50000000        11538.39355469        30584.19335937         2116.99438477 
        4969.01764427            0.50000000        11591.39355469        30510.19335937         2142.99438477 
        4969.47263719            0.50000000        11521.39355469        30360.19335937         2054.99438477 
        4970.00774550            0.50000000        11558.39355469        30207.19335937         1942.99438477 
        4970.42291635            0.50000000        11516.39355469        29880.19335937         1858.99438477 
        4971.01328989            0.50000000        11553.39355469        29611.19335937         1787.99438477 
        4971.47368758            0.50000000        11454.39355469        29548.19335937         1732.99438477 
        4972.07434652            0.50000000        11498.39355469        29779.19335937         1721.99438477 
        4972.45484597            0.50000000        11429.39355469        29964.19335937         1710.99438477 
        4973.01569815            0.50000000        11467.39355469        30095.19335937         1648.99438477 
        4973.46147401            0.50000000        11424.39355469        30007.19335937         1580.99438477 
        4974.00253293            0.50000000        11458.39355469        29834.19335937         1481.99438477 
        4974.41342293            0.50000000        11381.39355469        29413.19335937         1396.99438477 
        4975.00984661            0.50000000        11422.39355469        29070.19335937         1316.99438477 
        4975.46102724            0.50000000        11367.39355469        28712.19335937         1246.99438477 
        4976.06274067            0.50000000        11484.39355469        28426.19335937         1191.99438477 
        4976.45393976            0.50000000        11324.39355469        27704.19335937         1114.99438477 
        4977.00574514            0.50000000        11485.39355469        27693.19335937         1083.99438477 
        4977.45732183            0.50000000        11293.39355469        26874.19335937         1020.99432373 
        4977.98929377            0.50000000        11418.39355469        26806.19335937         1004.99432373 
        4978.40592465            0.50000000        11246.39355469        26115.19335937          952.99432373 
        4978.99335316            0.50000000        11359.39355469        26076.19335937          933.99432373 
        4979.46541411            0.50000000        11292.39355469        25634.19335937          899.99432373 
        4980.05813984            0.50000000        11343.39355469        25326.19335937          879.99432373 
        4980.45505094            0.50000000        11189.39355469        24644.19335937          862.99432373 
        4981.01285307            0.50000000        11194.39355469        24135.19335937          838.99432373 
        4981.47025225            0.50000000        11223.39355469        23851.19335937          818.99432373 
        4981.99813468            0.50000000        11217.39355469        23420.19335937          793.99432373 
        4982.41549975            0.50000000        11201.39355469        22933.19335937          769.99432373 
        4982.99390305            0.50000000        11201.39355469        22362.19335937          763.99432373 
        4983.46679395            0.50000000        11111.39355469        21746.19335937          735.99432373 
        4984.04043163            0.50000000        11178.39355469        21200.19335937          749.99432373 
        4984.45817096            0.50000000        11135.39355469        20630.19335937          749.99432373 
        4984.99681538            0.50000000        11140.39355469        20083.19335937          726.99432373 
        4985.46005067            0.50000000        11143.39355469        19562.19335937          726.99432373 
        4985.97878448            0.50000000        11052.39355469        18964.19335937          713.99432373 
        4986.41703024            0.50000000        11137.39355469        18715.19335937          730.99432373 
        4986.99141081            0.50000000        11083.39355469        18218.19335937          709.99432373 
        4987.46009158            0.50000000        11064.39355469        18034.19335937          711.99432373 
        4988.04985905            0.50000000        11106.39355469        17856.19335937          707.99432373 
        4988.46329124            0.50000000        10988.39355469        17656.19335937          693.99432373 
        4988.99783900            0.50000000        11077.39355469        17830.19335937          703.99432373 
        4989.46693217            0.50000000        10938.39355469        17697.19335937          680.99432373 
        4989.96134976            0.50000000        10925.39355469        17901.19335937          695.99432373 
        4990.41550109            0.50000000        10954.39355469        18232.19335937          683.99432373 
        4990.98584129            0.50000000        10957.39355469        18649.19335937          688.99432373 
        4991.46039215            0.50000000        10876.39355469        18960.19335937          703.99432373 
        4992.01584291            0.50000000        10915.39355469        19518.19335937          724.99432373 
        4992.45524966            0.50000000        10845.39355469        19792.19335937          709.99432373 
        4992.98568077            0.50000000        10822.39355469        20040.19335937          697.99432373 
        4993.45559407            0.50000000        10868.39355469        20305.19335937          714.99432373 
        4993.93571286            0.50000000        10795.39355469        20311.19335937          725.99432373 
        4994.42604354            0.50000000        10812.39355469        20424.19335937          709.99432373 
        4994.96198916            0.50000000        10848.39355469        20529.19335937          723.99432373 
        4995.44242462            0.50000000        10835.39355469        20456.19335937          679.99432373 
        4995.99884450            0.50000000        10727.39355469        20224.19335937          667.99432373 
        4996.47443794            0.50000000        10843.39355469        20329.19335937          682.99432373 
        4996.97037476            0.50000000        10792.39355469        20149.19335937          687.99432373 
        4997.45123255            0.50000000        10747.39355469        19953.19335937          649.99432373 
        4997.91700176            0.50000000        10773.39355469        19893.19335937          685.99432373 
        4998.43857335            0.50000000        10724.39355469        19627.19335937          639.99432373 
        4998.95519838            0.50000000        10619.39355469        19247.19335937          622.99432373 
        4999.44660692            0.50000000        10766.39355469        19296.19335937          634.99432373 
        4999.98879861            0.50000000        10774.39355469        19153.19335937          622.99432373 
        5000.48549814            0.50000000        10711.39355469        18929.19335937          611.99432373 
        5000.96709552            0.50000000        10638.39355469        18714.19335937          602.99432373 
        5001.47414964            0.50000000        10759.39355469        18883.19335937          603.99432373 
        5001.92552231            0.50000000        10689.39355469        18851.19335937          620.99432373 
        5002.45308181            0.50000000        10644.39355469        18754.19335937          607.99432373 
        5002.91987043            0.50000000        10562.39355469        18770.19335937          590.99432373 
        5003.45781011            0.50000000        10658.39355469        19128.19335937          606.99432373 
        5003.96541625            0.50000000        10486.39355469        18989.19335937          575.99432373 
        5004.50360162            0.50000000        10581.39355469        19428.19335937          600.99432373 
        5004.94033552            0.50000000        10474.39355469        19391.19335937          574.99432373 
        5005.46351015            0.50000000        10598.39355469        19781.19335937          612.99432373 
        5005.91058895            0.50000000        10433.39355469        19745.19335937          575.99432373 
        5007.59299644            0.50000000        10413.39355469        20462.19335937          623.99432373 
        5009.39876463            0.50000000        10392.39355469        20954.19335937          628.99432373 
        5011.19577056            0.50000000        10213.39355469        21012.19335937          644.99432373 
        5013.02476533            0.50000000        10176.39355469        21159.19335937          641.99432373 
        5014.83481572            0.50000000        10042.39355469        21067.19335937          636.99432373 
        5016.80965250            0.50000000        10018.39355469        21167.19335937          647.99432373 
        5018.75042204            0.50000000         9898.39355469        21040.19335937          654.99432373 
        5020.79510940            0.50000000         9900.39355469        21198.19335937          627.99432373 
        5022.78019484            0.50000000         9872.39355469        21410.19335937          659.99432373 
        5024.87457660            0.50000000         9699.39355469        21193.19335937          642.99432373 
        5026.91446147            0.50000000         9657.39355469        21123.19335937          644.99432373 
        5029.06393276            0.50000000         9503.39355469        20872.19335937          604.99432373 
        5031.19999976            0.50000000         9523.39355469        20846.19335937          599.99432373 
        5033.47688409            0.50000000         9480.39355469        20756.19335937          583.99432373 
        5035.74057651            0.50000000         9356.39355469        20357.19335937          550.99432373 
        5038.01164406            0.50000000         9316.39355469        20147.19335937          518.99432373 
        5040.26947548            0.50000000         9151.39355469        19690.19335937          493.99432373 
        5042.65341753            0.50000000         9133.39355469        19626.19335937          497.99432373 
        5045.11734279            0.50000000         9046.39355469        19618.19335937          511.99432373 
        5047.44938279            0.50000000         8928.39355469        19671.19335937          488.99432373 
        5049.98057231            0.50000000         8902.39355469        19765.19335937          497.99432373 
        5052.43157729            0.50000000         8662.39355469        19442.19335937          503.99432373 
        5054.94745963            0.50000000         8671.39355469        19583.19335937          510.99432373 
        5057.57519068            0.50000000         8564.39355469        19497.19335937          516.99432373 
        5060.16948832            0.50000000         8490.39355469        19413.19335937          507.99432373 
        5062.79272772            0.50000000         8361.39355469        19350.19335937          530.99432373 
        5065.55970684            0.50000000         8328.39355469        19374.19335937          533.99432373 
        5068.25690262            0.50000000         8219.39355469        19332.19335937          521.99432373 
        5071.07220752            0.50000000         7969.39404297        19006.19335937          539.99432373 
        5073.96418151            0.50000000         8014.39404297        19289.19335937          525.99432373 
        5076.78116247            0.50000000         7880.39404297        19217.19335937          511.99432373 
        5079.66974605            0.50000000         7629.39404297        18777.19335937          486.99432373 
        5082.71423121            0.50000000         7618.39404297        19004.19335937          460.99432373 
        5085.72587834            0.50000000         7474.39404297        18853.19335937          437.99432373 
        5088.70455233            0.50000000         7486.39404297        18898.19335937          421.99432373 
        5091.83994316            0.50000000         7356.39404297        18827.19335937          431.99432373 
        5094.95842309            0.50000000         7229.39404297        18815.19335937          412.99432373 
        5098.05991575            0.50000000         7187.39404297        18824.19335937          446.99432373 
        5101.23964079            0.50000000         7054.39404297        18827.19335937          463.99432373 
        5104.50851173            0.50000000         6925.39404297        18717.19335937          463.99432373 
        5107.78725428            0.50000000         6835.39404297        18608.19335937          486.99432373 
        5111.07058345            0.50000000         6829.39404297        18731.19335937          505.99432373 
        5114.40642495            0.50000000         6786.39404297        18620.19335937          474.99432373 
        5117.78432897            0.50000000         6624.39404297        18487.19335937          481.99432373 
        5121.18310842            0.50000000         6452.39404297        18264.19335937          456.99432373 
        5124.60819017            0.50000000         6339.39404297        17863.19335937          468.99432373 
        5128.09180859            0.50000000         6430.39404297        18455.19335937          477.99432373 
        5131.62348564            0.50000000         6247.39404297        17913.19335937          476.99432373 
        5135.14434185            0.50000000         6104.39404297        17869.19335937          458.99432373 
        5138.72424650            0.50000000         5984.39404297        17600.19335937          446.99432373 
        5142.42810781            0.50000000         5962.39404297        17738.19335937          426.99432373 
        5145.99208379            0.50000000         5644.39404297        17123.19335937          420.99432373 
        5149.70193983            0.50000000         5624.39404297        17248.19335937          413.99432373 
        5153.43385059            0.50000000         5505.39404297        16910.19335937          394.99432373 
        5157.18248472            0.50000000         5404.39404297        17040.19335937          426.99432373 
        5161.05107909            0.50000000         5308.39404297        16895.19335937          394.99432373 
        5164.86071401            0.50000000         5106.39404297        16534.19335937          408.99432373 
        5168.75272961            0.50000000         5085.39404297        16703.19335937          408.99432373 
        5172.70568737            0.50000000         4909.39404297        16226.19433594          397.99432373 
        5176.55043219            0.50000000         4735.39404297        15930.19433594          403.99432373 
        5180.56015224            0.50000000         3812.39404297        12982.19433594          351.99432373 
        5184.54371529            0.50000000         4637.39404297        15905.19433594          428.99432373 
        5188.53942501            0.50000000         4469.39404297        15605.19433594          416.99432373 
        5192.70690048            0.50000000         4306.39404297        15207.19433594          402.99432373 
        5196.83203404            0.50000000         4122.39404297        14653.19433594          385.99432373 
        5200.94219583            0.50000000         3975.39404297        14348.19433594          377.99432373 
        5205.15344710            0.50000000         3796.39404297        13826.19433594          365.99432373 
        5208.93438865            0.50000000         3579.39404297        13081.19433594          347.99432373 
