# 1-D Scan File created by LabVIEW Control Panel  12/6/2011  2:26:49 AM; Scan time 0 hrs 4 min 29 sec. 
#
# Beamline 20 BM
#
# Scan config: 
#                 E0: 4966.00 eV   223 points
#        Scan bounds:  -100.00 -30.00 40.00 243.35 (7.99 (k))
#       Scan step(s):  5.00 0.50 0.07
#  Integration times:  0.50 0.50 0.50    kwgt in EXAFS region: 0.0 
#
# User Comment:
# 50oC
#
#
# Amplifier Sensitivities:
# Preslit: 20 nA/V  I0: 20 nA/V  I: 100 pA/V  IREF: 50 pA/V  
#
# Analog Input Voltages at start/end of scan:
# Preslit: 0.033/0.032  I0: 0.476/0.248  Ignore: 0.013/0.007  I: 0.788/0.533  IREF: 0.222/0.136  
#
# Mono Info:
# 
#
# ID Info:
# 
#
# Slit Info:
# Kappa S1:  Center is at -542 (H), 500 (V)   Size is 8000 wide x 2000 high
# Vacuum Slits:  Center is at 850 (H), -25 (V)   Size is 899 wide x 1000 high
#
# Motor Positions:
# SMV (20bm:m29): -37594.243125 SMH (20bm:m30): 4802.187500 
#
# Detector Names/PVs:
# I0/20bm:scaler1_netA.C  I/20bm:scaler1_netA.E  IREF/20bm:scaler1_netA.F  
#
# Positioner names/Drive PVs/Readback PVs:
# Mono Energy */20bm:monoE.VAL/20bm:EnctoE.VAL  Scaler preset time */20bm:scaler1.TP/  
# Here is a readable list of column headings:
#  1) Mono Energy *        
#  2) Scaler preset time * 
#  3) I0                   
#  4) I                    
#  5) IREF                 
#
# Column Headings:
#Mono Energy *        Scaler preset time * I0                   I                    IREF                 
        4865.39613524            0.50000000        18826.39453125        34295.19531250         4735.99414062 
        4870.45241530            0.50000000        18656.39453125        34231.19531250         4719.99414062 
        4875.46271053            0.50000000        18538.39453125        34377.19531250         4608.99414062 
        4880.54201781            0.50000000        18360.39453125        34329.19531250         4500.99414062 
        4885.58960585            0.50000000        18191.39453125        34322.19531250         4425.99414062 
        4890.57624875            0.50000000        18097.39453125        34431.19531250         4417.99414062 
        4895.65634219            0.50000000        18002.39453125        34580.19531250         4315.99414062 
        4900.77713326            0.50000000        17938.39453125        34823.19531250         4256.99414062 
        4905.80760651            0.50000000        17852.39453125        34955.19531250         4305.99414062 
        4910.81531763            0.50000000        17741.39453125        35134.19531250         4235.99414062 
        4915.82448876            0.50000000        17474.39453125        35033.19531250         4122.99414062 
        4920.85466623            0.50000000        17491.39453125        35445.19531250         4147.99414062 
        4925.88633288            0.50000000        17317.39453125        35565.19531250         4097.99414062 
        4930.89488023            0.50000000        17265.39453125        35784.19531250         4059.99438477 
        4935.96387021            0.50000000        17149.39453125        35949.19531250         4042.99438477 
        4936.47632534            0.50000000        17237.39453125        36308.19531250         4056.99438477 
        4936.94946433            0.50000000        17242.39453125        36270.19531250         4086.99438477 
        4937.44242310            0.50000000        17243.39453125        36328.19531250         4068.99438477 
        4937.92069616            0.50000000        17121.39453125        36216.19531250         4056.99438477 
        4938.43359654            0.50000000        17162.39453125        36222.19531250         4055.99438477 
        4938.95154708            0.50000000        17170.39453125        36202.19531250         4055.99438477 
        4939.44494397            0.50000000        17142.39453125        36351.19531250         4077.99438477 
        4939.98780527            0.50000000        17113.39453125        36258.19531250         4022.99438477 
        4940.47155546            0.50000000        17157.39453125        36422.19531250         4080.99438477 
        4940.97516077            0.50000000        17144.39453125        36396.19531250         4074.99438477 
        4941.44924499            0.50000000        17014.39453125        36257.19531250         4034.99438477 
        4941.94318868            0.50000000        17053.39453125        36369.19531250         4048.99438477 
        4942.43229949            0.50000000        17135.39453125        36528.19531250         4079.99438477 
        4942.97093809            0.50000000        17051.39453125        36480.19531250         4033.99438477 
        4943.46521506            0.50000000        17052.39453125        36496.19531250         4036.99438477 
        4944.01893380            0.50000000        17111.39453125        36592.19531250         4063.99438477 
        4944.46893032            0.50000000        17004.39453125        36428.19531250         4055.99438477 
        4944.99816189            0.50000000        16976.39453125        36412.19531250         4045.99438477 
        4945.46319667            0.50000000        16876.39453125        36279.19531250         3984.99438477 
        4945.96296847            0.50000000        16953.39453125        36503.19531250         4022.99438477 
        4946.43315182            0.50000000        16996.39453125        36503.19531250         4009.99438477 
        4946.99255003            0.50000000        16920.39453125        36500.19531250         4031.99438477 
        4947.47780404            0.50000000        16923.39453125        36529.19531250         4035.99438477 
        4948.05232107            0.50000000        16934.39453125        36625.19531250         4082.99438477 
        4948.47339614            0.50000000        16881.39453125        36625.19531250         4038.99438477 
        4949.01843333            0.50000000        16836.39453125        36557.19531250         4045.99438477 
        4949.47934006            0.50000000        16921.39453125        36771.19531250         4039.99438477 
        4949.98991638            0.50000000        16889.39453125        36759.19531250         4027.99438477 
        4950.44110404            0.50000000        16830.39453125        36677.19531250         4035.99438477 
        4951.01141509            0.50000000        16999.39453125        36985.19531250         4061.99438477 
        4951.48761103            0.50000000        16869.39453125        36816.19531250         4020.99438477 
        4952.07803480            0.50000000        16916.39453125        36864.19531250         4071.99438477 
        4952.48000808            0.50000000        16912.39453125        36910.19531250         4057.99438477 
        4953.02601211            0.50000000        16860.39453125        36782.19531250         4024.99438477 
        4953.48773654            0.50000000        16924.39453125        37117.19531250         4037.99438477 
        4953.99921876            0.50000000        16831.39453125        36996.19531250         4034.99438477 
        4954.44623964            0.50000000        16830.39453125        36906.19531250         4046.99438477 
        4955.02253017            0.50000000        16930.39453125        37215.19531250         4052.99438477 
        4955.48963188            0.50000000        16727.39453125        36882.19531250         4011.99438477 
        4956.08110105            0.50000000        16882.39453125        37290.19531250         4036.99438477 
        4956.48875800            0.50000000        16737.39453125        37011.19531250         4007.99438477 
        4957.04070326            0.50000000        16788.39453125        37057.19531250         3995.99438477 
        4957.49329930            0.50000000        16804.39453125        37103.19531250         3994.99438477 
        4958.02558841            0.50000000        16785.39453125        37155.19531250         4023.99438477 
        4958.45350026            0.50000000        16767.39453125        37103.19531250         3991.99438477 
        4959.02583431            0.50000000        16799.39453125        37385.19531250         4014.99438477 
        4959.49376261            0.50000000        16730.39453125        37116.19531250         3989.99438477 
        4960.08129880            0.50000000        16784.39453125        37387.19531250         4005.99438477 
        4960.48967639            0.50000000        16687.39453125        37165.19531250         3946.99438477 
        4961.02765187            0.50000000        16891.39453125        37647.19531250         4038.99438477 
        4961.48602802            0.50000000        16593.39453125        37054.19531250         3948.99438477 
        4962.02424006            0.50000000        16856.39453125        37667.19531250         4012.99438477 
        4962.43795282            0.50000000        16605.39453125        37124.19531250         3931.99438477 
        4963.02126652            0.50000000        16823.39453125        37578.19531250         3954.99438477 
        4963.49002044            0.50000000        16554.39453125        37105.19531250         3884.99438477 
        4964.08857053            0.50000000        16651.39453125        37353.19531250         3871.99438477 
        4964.47771280            0.50000000        16603.39453125        37344.19531250         3811.99438477 
        4965.03160731            0.50000000        16662.39453125        37442.19531250         3738.99438477 
        4965.48081026            0.50000000        16559.39453125        37376.19531250         3504.99438477 
        4966.01497839            0.50000000        16625.39453125        37437.19531250         3100.99438477 
        4966.43441345            0.50000000        16521.39453125        37283.19531250         2451.99438477 
        4967.01376077            0.50000000        16574.39453125        37225.19531250         2089.99438477 
        4967.47834432            0.50000000        16494.39453125        37144.19531250         2217.99438477 
        4968.07794749            0.50000000        16537.39453125        37113.19531250         2519.99438477 
        4968.46777448            0.50000000        16468.39453125        36937.19531250         2609.99438477 
        4969.01764427            0.50000000        16500.39453125        36774.19531250         2558.99438477 
        4969.46263637            0.50000000        16434.39453125        36586.19531250         2478.99438477 
        4970.00774550            0.50000000        16500.39453125        36487.19531250         2362.99438477 
        4970.42291635            0.50000000        16440.39453125        36271.19531250         2271.99438477 
        4971.00828608            0.50000000        16506.39453125        36138.19531250         2195.99438477 
        4971.46868275            0.50000000        16383.39355469        36164.19531250         2125.99438477 
        4972.07434652            0.50000000        16459.39453125        36436.19531250         2117.99438477 
        4972.45985297            0.50000000        16432.39453125        36530.19531250         2071.99438477 
        4973.01569815            0.50000000        16478.39453125        36621.19531250         2000.99438477 
        4973.46147401            0.50000000        16346.39355469        36309.19531250         1918.99438477 
        4973.99752254            0.50000000        16422.39453125        36121.19531250         1833.99438477 
        4974.41342293            0.50000000        16341.39355469        35588.19531250         1709.99438477 
        4975.00984661            0.50000000        16379.39355469        34865.19531250         1601.99438477 
        4975.46604086            0.50000000        16341.39355469        34199.19531250         1517.99438477 
        4976.06274067            0.50000000        16479.39453125        33676.19531250         1448.99438477 
        4976.45393976            0.50000000        16254.39355469        32775.19531250         1369.99438477 
        4977.00574514            0.50000000        16444.39453125        32672.19335937         1312.99438477 
        4977.45732183            0.50000000        16262.39355469        31988.19335937         1265.99438477 
        4977.99933217            0.50000000        16416.39453125        31995.19335937         1216.99438477 
        4978.41094477            0.50000000        16255.39355469        31379.19335937         1153.99438477 
        4978.99335316            0.50000000        16369.39355469        31447.19335937         1137.99438477 
        4979.47043656            0.50000000        16244.39355469        30936.19335937         1136.99438477 
        4980.05813984            0.50000000        16391.39453125        30968.19335937         1090.99438477 
        4980.46007558            0.50000000        16190.39355469        30363.19335937         1058.99438477 
        4981.01285307            0.50000000        16213.39355469        29950.19335937         1025.99438477 
        4981.47025225            0.50000000        16175.39355469        29456.19335937         1003.99432373 
        4981.99813468            0.50000000        16168.39355469        28794.19335937          990.99432373 
        4982.41549975            0.50000000        16186.39355469        28228.19335937          968.99432373 
        4982.99390305            0.50000000        16225.39355469        27298.19335937          966.99432373 
        4983.46176268            0.50000000        16115.39355469        26350.19335937          918.99432373 
        4984.04043163            0.50000000        16244.39355469        25374.19335937          925.99432373 
        4984.45817096            0.50000000        16233.39355469        24615.19335937          911.99432373 
        4984.99681538            0.50000000        16216.39355469        23762.19335937          883.99432373 
        4985.45501500            0.50000000        16198.39355469        23035.19335937          889.99432373 
        4985.96871086            0.50000000        16097.39355469        22363.19335937          863.99432373 
        4986.41199245            0.50000000        16187.39355469        22171.19335937          882.99432373 
        4986.98637175            0.50000000        16107.39355469        21804.19335937          873.99432373 
        4987.45505149            0.50000000        16103.39355469        21751.19335937          875.99432373 
        4988.04481765            0.50000000        16141.39355469        21801.19335937          880.99432373 
        4988.45824893            0.50000000        15959.39355469        21720.19335937          835.99432373 
        4988.99783900            0.50000000        16072.39355469        22162.19335937          882.99432373 
        4989.46188765            0.50000000        15963.39355469        22336.19335937          861.99432373 
        4989.95630414            0.50000000        15913.39355469        22666.19335937          866.99432373 
        4990.41550109            0.50000000        15949.39355469        23161.19335937          872.99432373 
        4990.98079340            0.50000000        15921.39355469        23637.19335937          878.99432373 
        4991.45534322            0.50000000        15886.39355469        24034.19335937          884.99432373 
        4992.01584291            0.50000000        15884.39355469        24565.19335937          874.99432373 
        4992.45019853            0.50000000        15836.39355469        24795.19335937          902.99432373 
        4992.98062847            0.50000000        15788.39355469        25028.19335937          883.99432373 
        4993.45559407            0.50000000        15866.39355469        25307.19335937          908.99432373 
        4993.93571286            0.50000000        15751.39355469        25283.19335937          894.99432373 
        4994.42098805            0.50000000        15793.39355469        25452.19335937          913.99432373 
        4994.95693249            0.50000000        15867.39355469        25595.19335937          892.99432373 
        4995.44242462            0.50000000        15819.39355469        25442.19335937          880.99432373 
        4995.99884450            0.50000000        15685.39355469        25121.19335937          875.99432373 
        4996.46937791            0.50000000        15818.39355469        25195.19335937          870.99432373 
        4996.97037476            0.50000000        15741.39355469        24951.19335937          856.99432373 
        4997.45629475            0.50000000        15687.39355469        24707.19335937          839.99432373 
        4997.91700176            0.50000000        15712.39355469        24495.19335937          822.99432373 
        4998.44363774            0.50000000        15612.39355469        24176.19335937          786.99432373 
        4998.94506736            0.50000000        15530.39355469        23818.19335937          786.99432373 
        4999.44660692            0.50000000        15645.39355469        23819.19335937          808.99432373 
        4999.98879861            0.50000000        15704.39355469        23733.19335937          799.99432373 
        5000.48549814            0.50000000        15598.39355469        23518.19335937          761.99432373 
        5000.96709552            0.50000000        15524.39355469        23370.19335937          751.99432373 
        5001.46400746            0.50000000        15705.39355469        23651.19335937          780.99432373 
        5001.92045021            0.50000000        15574.39355469        23560.19335937          779.99432373 
        5002.44293529            0.50000000        15544.39355469        23633.19335937          761.99432373 
        5002.90972184            0.50000000        15446.39355469        23606.19335937          758.99432373 
        5003.45273462            0.50000000        15561.39355469        24003.19335937          747.99432373 
        5003.96033963            0.50000000        15335.39355469        23881.19335937          729.99432373 
        5004.49852381            0.50000000        15393.39355469        24233.19335937          721.99432373 
        5004.93525674            0.50000000        15340.39355469        24430.19335937          747.99432373 
        5005.46351015            0.50000000        15489.39355469        24918.19335937          747.99432373 
        5005.90550802            0.50000000        15335.39355469        24987.19335937          737.99432373 
        5007.58282713            0.50000000        15303.39355469        25889.19335937          771.99432373 
        5009.38858730            0.50000000        15275.39355469        26590.19335937          789.99432373 
        5011.19067790            0.50000000        15139.39355469        26824.19335937          797.99432373 
        5013.01457191            0.50000000        15030.39355469        26787.19335937          828.99432373 
        5014.82461425            0.50000000        14897.39355469        26554.19335937          797.99432373 
        5016.80454738            0.50000000        14852.39355469        26500.19335937          813.99432373 
        5018.74531260            0.50000000        14754.39355469        26486.19335937          828.99432373 
        5020.78488144            0.50000000        14743.39355469        26845.19335937          822.99432373 
        5022.77507644            0.50000000        14763.39355469        27172.19335937          820.99432373 
        5024.86945353            0.50000000        14561.39355469        27115.19335937          808.99432373 
        5026.90933386            0.50000000        14557.39355469        27164.19335937          820.99432373 
        5029.05366799            0.50000000        14353.39355469        26783.19335937          797.99432373 
        5031.19486261            0.50000000        14332.39355469        26701.19335937          765.99432373 
        5033.45631525            0.50000000        14278.39355469        26469.19335937          749.99432373 
        5035.73542923            0.50000000        14195.39355469        26051.19335937          746.99432373 
        5038.00649172            0.50000000        14106.39355469        25706.19335937          682.99432373 
        5040.25400337            0.50000000        13880.39355469        25125.19335937          652.99432373 
        5042.63792945            0.50000000        13863.39355469        25170.19335937          679.99432373 
        5045.10183820            0.50000000        13747.39355469        25223.19335937          649.99432373 
        5047.44420937            0.50000000        13676.39355469        25397.19335937          643.99432373 
        5049.97021416            0.50000000        13572.39355469        25358.19335937          650.99432373 
        5052.42120817            0.50000000        13338.39355469        25126.19335937          662.99432373 
        5054.93707924            0.50000000        13281.39355469        25226.19335937          707.99432373 
        5057.56479853            0.50000000        13135.39355469        25176.19335937          716.99432373 
        5060.15388267            0.50000000        13050.39355469        25252.19335937          707.99432373 
        5062.78751994            0.50000000        12950.39355469        25406.19335937          695.99432373 
        5065.55970684            0.50000000        12879.39355469        25395.19335937          705.99432373 
        5068.25168259            0.50000000        12750.39355469        25391.19335937          710.99432373 
        5071.06698117            0.50000000        12429.39355469        25061.19335937          698.99432373 
        5073.95894866            0.50000000        12511.39355469        25414.19335937          722.99432373 
        5076.78116247            0.50000000        12389.39355469        25475.19335937          693.99432373 
        5079.66974605            0.50000000        12076.39355469        25096.19335937          652.99432373 
        5082.70897868            0.50000000        12055.39355469        25352.19335937          647.99432373 
        5085.72587834            0.50000000        11918.39355469        25365.19335937          623.99432373 
        5088.70455233            0.50000000        11972.39355469        25590.19335937          604.99432373 
        5091.84521627            0.50000000        11815.39355469        25512.19335937          600.99432373 
        5094.95842309            0.50000000        11625.39355469        25369.19335937          570.99432373 
        5098.05991575            0.50000000        11573.39355469        25499.19335937          598.99432373 
        5101.23964079            0.50000000        11458.39355469        25663.19335937          624.99432373 
        5104.50851173            0.50000000        11258.39355469        25500.19335937          646.99432373 
        5107.78725428            0.50000000        11143.39355469        25534.19335937          677.99432373 
        5111.07058345            0.50000000        11136.39355469        25608.19335937          672.99432373 
        5114.39577678            0.50000000        11066.39355469        25580.19335937          680.99432373 
        5117.77366549            0.50000000        10777.39355469        25297.19335937          670.99432373 
        5121.17776897            0.50000000        10554.39355469        24965.19335937          658.99432373 
        5124.60284295            0.50000000        10432.39355469        24705.19335937          649.99432373 
        5128.07574324            0.50000000        10539.39355469        25299.19335937          658.99432373 
        5131.60203310            0.50000000        10232.39355469        24769.19335937          644.99432373 
        5135.13359955            0.50000000        10118.39355469        24874.19335937          649.99432373 
        5138.71348792            0.50000000         9982.39355469        24725.19335937          643.99432373 
        5142.41733236            0.50000000         9941.39355469        24866.19335937          637.99432373 
        5145.98668794            0.50000000         9530.39355469        24264.19335937          597.99432373 
        5149.69653553            0.50000000         9437.39355469        24260.19335937          597.99432373 
        5153.42843777            0.50000000         9358.39355469        24252.19335937          594.99432373 
        5157.17164198            0.50000000         9269.39355469        24371.19335937          603.99432373 
        5161.04564888            0.50000000         9140.39355469        24394.19335937          608.99432373 
        5164.84983618            0.50000000         8866.39355469        24097.19335937          597.99432373 
        5168.74183397            0.50000000         8807.39355469        24175.19335937          620.99432373 
        5172.69477363            0.50000000         8582.39355469        23813.19335937          623.99432373 
        5176.53950083            0.50000000         8333.39355469        23531.19335937          646.99432373 
        5180.55467736            0.50000000         6766.39404297        19457.19335937          526.99432373 
        5184.54371529            0.50000000         8171.39404297        23599.19335937          646.99432373 
        5188.53393181            0.50000000         7973.39404297        23461.19335937          659.99432373 
        5192.70139770            0.50000000         7695.39404297        22894.19335937          646.99432373 
        5196.82100953            0.50000000         7443.39404297        22369.19335937          621.99432373 
        5200.93115240            0.50000000         7236.39404297        22034.19335937          606.99432373 
        5205.14238426            0.50000000         6964.39404297        21451.19335937          590.99432373 
        5208.91776827            0.50000000         6608.39404297        20494.19335937          571.99432373 
