# 1-D Scan File created by LabVIEW Control Panel  12/6/2011  5:37:38 AM; Scan time 0 hrs 4 min 28 sec. 
#
# Beamline 20 BM
#
# Scan config: 
#                 E0: 4966.00 eV   223 points
#        Scan bounds:  -100.00 -30.00 40.00 243.35 (7.99 (k))
#       Scan step(s):  5.00 0.50 0.07
#  Integration times:  0.50 0.50 0.50    kwgt in EXAFS region: 0.0 
#
# User Comment:
# 50oC
#
#
# Amplifier Sensitivities:
# Preslit: 20 nA/V  I0: 20 nA/V  I: 100 pA/V  IREF: 50 pA/V  
#
# Analog Input Voltages at start/end of scan:
# Preslit: 0.032/0.031  I0: 0.348/0.159  Ignore: 0.009/0.004  I: 0.648/0.338  IREF: 0.200/0.132  
#
# Mono Info:
# 
#
# ID Info:
# 
#
# Slit Info:
# Kappa S1:  Center is at -542 (H), 500 (V)   Size is 8000 wide x 2000 high
# Vacuum Slits:  Center is at 850 (H), -25 (V)   Size is 899 wide x 1000 high
#
# Motor Positions:
# SMV (20bm:m29): -37594.243125 SMH (20bm:m30): 4802.187500 
#
# Detector Names/PVs:
# I0/20bm:scaler1_netA.C  I/20bm:scaler1_netA.E  IREF/20bm:scaler1_netA.F  
#
# Positioner names/Drive PVs/Readback PVs:
# Mono Energy */20bm:monoE.VAL/20bm:EnctoE.VAL  Scaler preset time */20bm:scaler1.TP/  
# Here is a readable list of column headings:
#  1) Mono Energy *        
#  2) Scaler preset time * 
#  3) I0                   
#  4) I                    
#  5) IREF                 
#
# Column Headings:
#Mono Energy *        Scaler preset time * I0                   I                    IREF                 
        4865.38658797            0.50000000        12219.39355469        27322.19335937         3785.99438477 
        4870.45241530            0.50000000        12004.39355469        26922.19335937         3709.99438477 
        4875.45791516            0.50000000        11872.39355469        26913.19335937         3617.99438477 
        4880.53721146            0.50000000        11676.39355469        26717.19335937         3508.99438477 
        4885.58960585            0.50000000        11492.39355469        26512.19335937         3435.99438477 
        4890.57624875            0.50000000        11442.39355469        26672.19335937         3389.99438477 
        4895.66118128            0.50000000        11301.39355469        26508.19335937         3353.99438477 
        4900.77228306            0.50000000        11172.39355469        26519.19335937         3283.99438477 
        4905.80274538            0.50000000        11008.39355469        26207.19335937         3210.99438477 
        4910.81531763            0.50000000        10930.39355469        26368.19335937         3176.99438477 
        4915.82937170            0.50000000        10688.39355469        26105.19335937         3093.99438477 
        4920.85466623            0.50000000        10685.39355469        26321.19335937         3073.99438477 
        4925.88633288            0.50000000        10534.39355469        26219.19335937         3053.99438477 
        4930.89488023            0.50000000        10418.39355469        26215.19335937         3008.99438477 
        4935.96879711            0.50000000        10310.39355469        26132.19335937         2970.99438477 
        4936.47632534            0.50000000        10388.39355469        26551.19335937         3001.99438477 
        4936.94946433            0.50000000        10404.39355469        26570.19335937         3007.99438477 
        4937.44735323            0.50000000        10354.39355469        26509.19335937         2991.99438477 
        4937.92069616            0.50000000        10268.39355469        26336.19335937         2993.99438477 
        4938.43359654            0.50000000        10301.39355469        26384.19335937         2979.99438477 
        4938.94168024            0.50000000        10310.39355469        26333.19335937         2958.99438477 
        4939.44494397            0.50000000        10281.39355469        26459.19335937         2974.99438477 
        4939.98780527            0.50000000        10270.39355469        26310.19335937         2954.99438477 
        4940.47155546            0.50000000        10299.39355469        26483.19335937         2968.99438477 
        4940.98009864            0.50000000        10240.39355469        26435.19335937         2974.99438477 
        4941.44924499            0.50000000        10151.39355469        26221.19335937         2939.99438477 
        4941.94318868            0.50000000        10217.39355469        26424.19335937         2956.99438477 
        4942.42735845            0.50000000        10262.39355469        26501.19335937         2976.99438477 
        4942.97093809            0.50000000        10192.39355469        26424.19335937         2958.99438477 
        4943.46027175            0.50000000        10195.39355469        26358.19335937         2951.99438477 
        4944.02387833            0.50000000        10177.39355469        26401.19335937         2934.99438477 
        4944.47387584            0.50000000        10132.39355469        26261.19335937         2941.99438477 
        4945.00310856            0.50000000        10110.39355469        26240.19335937         2910.99438477 
        4945.46814437            0.50000000        10041.39355469        26144.19335937         2933.99438477 
        4945.96791726            0.50000000        10051.39355469        26187.19335937         2898.99438477 
        4946.43315182            0.50000000        10131.39355469        26275.19335937         2931.99438477 
        4946.99255003            0.50000000        10087.39355469        26352.19335937         2923.99438477 
        4947.46789985            0.50000000        10062.39355469        26236.19335937         2916.99438477 
        4948.05232107            0.50000000        10096.39355469        26415.19335937         2943.99438477 
        4948.47835043            0.50000000        10009.39355469        26273.19335937         2942.99438477 
        4949.01843333            0.50000000         9999.39355469        26310.19335937         2895.99438477 
        4949.47934006            0.50000000        10034.39355469        26439.19335937         2917.99438477 
        4949.98991638            0.50000000         9995.39355469        26325.19335937         2909.99438477 
        4950.44110404            0.50000000         9974.39355469        26219.19335937         2890.99438477 
        4951.01141509            0.50000000        10090.39355469        26626.19335937         2951.99438477 
        4951.47768926            0.50000000        10000.39355469        26409.19335937         2875.99438477 
        4952.07307262            0.50000000        10034.39355469        26469.19335937         2920.99438477 
        4952.48000808            0.50000000        10004.39355469        26432.19335937         2916.99438477 
        4953.02601211            0.50000000        10011.39355469        26443.19335937         2903.99438477 
        4953.48277126            0.50000000        10034.39355469        26560.19335937         2913.99438477 
        4953.99921876            0.50000000         9971.39355469        26486.19335937         2890.99438477 
        4954.44127225            0.50000000         9957.39355469        26430.19335937         2902.99438477 
        4955.01756152            0.50000000         9974.39355469        26536.19335937         2907.99438477 
        4955.48466220            0.50000000         9876.39355469        26319.19335937         2847.99438477 
        4956.07613008            0.50000000         9988.39355469        26677.19335937         2906.99438477 
        4956.48378613            0.50000000         9851.39355469        26337.19335937         2858.99438477 
        4957.03573018            0.50000000         9879.39355469        26392.19335937         2861.99438477 
        4957.48832523            0.50000000         9872.39355469        26293.19335937         2862.99438477 
        4958.02061316            0.50000000         9873.39355469        26469.19335937         2869.99438477 
        4958.45350026            0.50000000         9838.39355469        26324.19335937         2830.99438477 
        4959.02085687            0.50000000         9879.39355469        26521.19335937         2861.99438477 
        4959.48380568            0.50000000         9792.39355469        26288.19335937         2827.99438477 
        4960.07631904            0.50000000         9858.39355469        26529.19335937         2848.99438477 
        4960.48469573            0.50000000         9767.39355469        26322.19335937         2831.99438477 
        4961.03761559            0.50000000         9941.39355469        26762.19335937         2863.99438477 
        4961.48602802            0.50000000         9747.39355469        26299.19335937         2803.99438477 
        4962.02424006            0.50000000         9932.39355469        26810.19335937         2882.99438477 
        4962.44293777            0.50000000         9717.39355469        26242.19335937         2796.99438477 
        4963.02126652            0.50000000         9918.39355469        26774.19335937         2823.99438477 
        4963.49500771            0.50000000         9690.39355469        26250.19335937         2736.99438477 
        4964.09355911            0.50000000         9804.39355469        26564.19335937         2775.99438477 
        4964.48270224            0.50000000         9699.39355469        26393.19335937         2722.99438477 
        4965.03160731            0.50000000         9752.39355469        26386.19335937         2635.99438477 
        4965.48081026            0.50000000         9646.39355469        26325.19335937         2497.99438477 
        4966.01997121            0.50000000         9743.39355469        26445.19335937         2190.99438477 
        4966.43441345            0.50000000         9673.39355469        26395.19335937         1741.99438477 
        4967.02375081            0.50000000         9698.39355469        26385.19335937         1499.99438477 
        4967.48334036            0.50000000         9622.39355469        26221.19335937         1569.99438477 
        4968.08294485            0.50000000         9720.39355469        26284.19335937         1795.99438477 
        4968.47277270            0.50000000         9612.39355469        25961.19335937         1829.99438477 
        4969.02764313            0.50000000         9712.39355469        25990.19335937         1863.99438477 
        4969.47263719            0.50000000         9607.39355469        25849.19335937         1750.99438477 
        4970.01274711            0.50000000         9691.39355469        25777.19335937         1691.99438477 
        4970.42791887            0.50000000         9609.39355469        25118.19335937         1583.99438477 
        4971.01829371            0.50000000         9637.39355469        24598.19335937         1516.99438477 
        4971.47869241            0.50000000         9556.39355469        24555.19335937         1506.99438477 
        4972.08435884            0.50000000         9615.39355469        24915.19335937         1494.99438477 
        4972.46485998            0.50000000         9550.39355469        25183.19335937         1456.99438477 
        4973.02571462            0.50000000         9610.39355469        25570.19335937         1433.99438477 
        4973.47149245            0.50000000         9519.39355469        25516.19335937         1366.99438477 
        4974.01756418            0.50000000         9580.39355469        25506.19335937         1298.99438477 
        4974.42344557            0.50000000         9501.39355469        25366.19335937         1222.99438477 
        4975.01987187            0.50000000         9547.39355469        25392.19335937         1162.99438477 
        4975.47606813            0.50000000         9469.39355469        25266.19335937         1095.99438477 
        4976.06775561            0.50000000         9608.39355469        25475.19335937         1087.99438477 
        4976.46397139            0.50000000         9431.39355469        24791.19335937         1028.99438477 
        4977.01577921            0.50000000         9557.39355469        24636.19335937          982.99432373 
        4977.46233985            0.50000000         9420.39355469        23957.19335937          943.99432373 
        4977.99933217            0.50000000         9547.39355469        23773.19335937          930.99432373 
        4978.41094477            0.50000000         9379.39355469        23003.19335937          855.99432373 
        4979.00339599            0.50000000         9509.39355469        23058.19335937          831.99432373 
        4979.47043656            0.50000000         9410.39355469        22509.19335937          804.99432373 
        4980.06316360            0.50000000         9528.39355469        22140.19335937          799.99432373 
        4980.46007558            0.50000000         9379.39355469        21232.19335937          756.99432373 
        4981.01787894            0.50000000         9334.39355469        20536.19335937          730.99432373 
        4981.47025225            0.50000000         9362.39355469        20204.19335937          721.99432373 
        4981.99813468            0.50000000         9350.39355469        19824.19335937          714.99432373 
        4982.42052871            0.50000000         9355.39355469        19543.19335937          708.99432373 
        4982.99893329            0.50000000         9360.39355469        19250.19335937          691.99432373 
        4983.46176268            0.50000000         9264.39355469        18873.19335937          669.99432373 
        4984.04043163            0.50000000         9327.39355469        18759.19335937          686.99432373 
        4984.45817096            0.50000000         9288.39355469        18498.19335937          659.99432373 
        4985.00185004            0.50000000         9277.39355469        18190.19335937          655.99432373 
        4985.45501500            0.50000000         9241.39355469        17815.19335937          651.99432373 
        4985.97878448            0.50000000         9205.39355469        17377.19335937          644.99432373 
        4986.41703024            0.50000000         9277.39355469        17215.19335937          665.99432373 
        4986.99141081            0.50000000         9216.39355469        16645.19335937          645.99432373 
        4987.46513168            0.50000000         9148.39355469        16241.19433594          622.99432373 
        4988.04481765            0.50000000         9201.39355469        15934.19433594          629.99432373 
        4988.46329124            0.50000000         9119.39355469        15502.19433594          624.99432373 
        4988.99279551            0.50000000         9180.39355469        15247.19433594          604.99432373 
        4989.46693217            0.50000000         9082.39355469        14908.19433594          581.99432373 
        4989.96639539            0.50000000         9076.39355469        14771.19433594          584.99432373 
        4990.41550109            0.50000000         9084.39355469        14865.19433594          612.99432373 
        4990.98584129            0.50000000         9068.39355469        15096.19433594          599.99432373 
        4991.45534322            0.50000000         9013.39355469        15367.19433594          593.99432373 
        4992.01584291            0.50000000         9041.39355469        15926.19433594          596.99432373 
        4992.45019853            0.50000000         9031.39355469        16317.19433594          611.99432373 
        4992.98568077            0.50000000         8962.39355469        16578.19335937          611.99432373 
        4993.45559407            0.50000000         9047.39355469        16964.19335937          640.99432373 
        4993.93571286            0.50000000         8946.39355469        16940.19335937          618.99432373 
        4994.42098805            0.50000000         9022.39355469        17181.19335937          616.99432373 
        4994.96198916            0.50000000         8989.39355469        17224.19335937          634.99432373 
        4995.44748237            0.50000000         8976.39355469        17229.19335937          627.99432373 
        4995.99884450            0.50000000         8861.39355469        17030.19335937          604.99432373 
        4996.47443794            0.50000000         8974.39355469        17250.19335937          596.99432373 
        4996.96531364            0.50000000         8885.39355469        17103.19335937          595.99432373 
        4997.45123255            0.50000000         8782.39355469        16864.19335937          587.99432373 
        4997.91700176            0.50000000         8847.39355469        16871.19335937          571.99432373 
        4998.44363774            0.50000000         8820.39355469        16749.19335937          550.99432373 
        4998.95013286            0.50000000         8727.39355469        16414.19335937          542.99432373 
        4999.44660692            0.50000000         8851.39355469        16460.19335937          548.99432373 
        4999.98373080            0.50000000         8833.39355469        16246.19433594          571.99432373 
        5000.48549814            0.50000000         8784.39355469        16007.19433594          531.99432373 
        5000.96202554            0.50000000         8725.39355469        15734.19433594          532.99432373 
        5001.47414964            0.50000000         8840.39355469        15783.19433594          538.99432373 
        5001.92552231            0.50000000         8770.39355469        15674.19433594          541.99432373 
        5002.45308181            0.50000000         8747.39355469        15606.19433594          528.99432373 
        5002.91987043            0.50000000         8680.39355469        15527.19433594          516.99432373 
        5003.45273462            0.50000000         8738.39355469        15756.19433594          509.99432373 
        5003.96541625            0.50000000         8587.39355469        15597.19433594          501.99432373 
        5004.49852381            0.50000000         8666.39355469        15910.19433594          522.99432373 
        5004.94033552            0.50000000         8587.39355469        15916.19433594          511.99432373 
        5005.46859010            0.50000000         8666.39355469        16161.19433594          523.99432373 
        5005.91058895            0.50000000         8543.39355469        16124.19433594          518.99432373 
        5007.59299644            0.50000000         8541.39355469        16650.19335937          535.99432373 
        5009.39876463            0.50000000         8488.39355469        16983.19335937          524.99432373 
        5011.19577056            0.50000000         8323.39355469        17026.19335937          524.99432373 
        5013.02476533            0.50000000         8286.39355469        17290.19335937          543.99432373 
        5014.83481572            0.50000000         8196.39355469        17377.19335937          541.99432373 
        5016.80965250            0.50000000         8168.39404297        17525.19335937          540.99432373 
        5018.75553150            0.50000000         8089.39404297        17487.19335937          548.99432373 
        5020.79510940            0.50000000         8059.39404297        17499.19335937          558.99432373 
        5022.78531325            0.50000000         8011.39404297        17524.19335937          535.99432373 
        5024.87969967            0.50000000         7883.39404297        17364.19335937          535.99432373 
        5026.91958908            0.50000000         7831.39404297        17322.19335937          518.99432373 
        5029.06393276            0.50000000         7711.39404297        17032.19335937          491.99432373 
        5031.21541128            0.50000000         7740.39404297        17113.19335937          515.99432373 
        5033.47688409            0.50000000         7648.39404297        16974.19335937          468.99432373 
        5035.74057651            0.50000000         7552.39404297        16754.19335937          460.99432373 
        5038.01679641            0.50000000         7507.39404297        16600.19335937          436.99432373 
        5040.27463287            0.50000000         7390.39404297        16306.19433594          406.99432373 
        5042.66374297            0.50000000         7406.39404297        16252.19433594          409.99432373 
        5045.12251101            0.50000000         7334.39404297        16201.19433594          398.99432373 
        5047.45972967            0.50000000         7252.39404297        16209.19433594          434.99432373 
        5049.99093051            0.50000000         7238.39404297        16306.19433594          445.99432373 
        5052.43676187            0.50000000         7027.39404297        16015.19433594          418.99432373 
        5054.96303029            0.50000000         7020.39404297        16136.19433594          456.99432373 
        5057.58038677            0.50000000         6947.39404297        16013.19433594          444.99432373 
        5060.16948832            0.50000000         6854.39404297        15849.19433594          450.99432373 
        5062.79793550            0.50000000         6728.39404297        15684.19433594          438.99432373 
        5065.56492084            0.50000000         6724.39404297        15709.19433594          447.99432373 
        5068.26734273            0.50000000         6605.39404297        15671.19433594          440.99432373 
        5071.08266027            0.50000000         6398.39404297        15307.19433594          421.99432373 
        5073.96941438            0.50000000         6446.39404297        15520.19433594          432.99432373 
        5076.79164087            0.50000000         6340.39404297        15535.19433594          443.99432373 
        5079.67499175            0.50000000         6121.39404297        15100.19433594          399.99432373 
        5082.71948375            0.50000000         6116.39404297        15295.19433594          383.99432373 
        5085.72587834            0.50000000         5948.39404297        15056.19433594          378.99432373 
        5088.71508442            0.50000000         5935.39404297        15046.19433594          362.99432373 
        5091.84521627            0.50000000         5837.39404297        14992.19433594          355.99432373 
        5094.96370323            0.50000000         5684.39404297        14846.19433594          339.99432373 
        5098.06520289            0.50000000         5650.39404297        14878.19433594          351.99432373 
        5101.24493511            0.50000000         5597.39404297        14977.19433594          381.99432373 
        5104.51381344            0.50000000         5484.39404297        14909.19433594          393.99432373 
        5107.78725428            0.50000000         5401.39404297        14766.19433594          395.99432373 
        5111.07058345            0.50000000         5382.39404297        14814.19433594          401.99432373 
        5114.39577678            0.50000000         5334.39404297        14795.19433594          389.99432373 
        5117.78432897            0.50000000         5213.39404297        14675.19433594          390.99432373 
        5121.18310842            0.50000000         5078.39404297        14520.19433594          399.99432373 
        5124.60819017            0.50000000         4977.39404297        14231.19433594          409.99432373 
        5128.08645346            0.50000000         5038.39404297        14561.19433594          432.99432373 
        5131.61812249            0.50000000         4925.39404297        14333.19433594          402.99432373 
        5135.14434185            0.50000000         4826.39404297        14282.19433594          394.99432373 
        5138.71886720            0.50000000         4700.39404297        14046.19433594          386.99432373 
        5142.42810781            0.50000000         4699.39404297        14081.19433594          387.99432373 
        5145.99208379            0.50000000         4461.39404297        13662.19433594          351.99432373 
        5149.70193983            0.50000000         4416.39404297        13669.19433594          351.99432373 
        5153.42843777            0.50000000         4408.39404297        13674.19433594          362.99432373 
        5157.18248472            0.50000000         4311.39404297        13674.19433594          362.99432373 
        5161.03478849            0.50000000         4188.39404297        13447.19433594          355.99432373 
        5164.85527509            0.50000000         4040.39404297        13164.19433594          351.99432373 
        5168.74728178            0.50000000         3996.39404297        13165.19433594          362.99432373 
        5172.70023049            0.50000000         3870.39404297        12862.19433594          360.99432373 
        5176.55043219            0.50000000         3724.39404297        12594.19433594          358.99432373 
        5180.56015224            0.50000000         3006.39404297        10288.19433594          311.99432373 
        5184.55468336            0.50000000         3620.39404297        12484.19433594          381.99432373 
        5188.54491822            0.50000000         3499.39404297        12300.19433594          357.99432373 
        5192.71240326            0.50000000         3338.39404297        11861.19433594          362.99432373 
        5196.83754631            0.50000000         3218.39404297        11578.19433594          336.99432373 
        5200.94771756            0.50000000         3112.39404297        11338.19433594          330.99432373 
        5205.15344710            0.50000000         2950.39404297        10810.19433594          315.99432373 
        5208.92884851            0.50000000         2770.39404297        10243.19433594          300.99432373 
