# 1-D Scan File created by LabVIEW Control Panel  12/6/2011  1:51:39 AM; Scan time 0 hrs 4 min 28 sec. 
#
# Beamline 20 BM
#
# Scan config: 
#                 E0: 4966.00 eV   223 points
#        Scan bounds:  -100.00 -30.00 40.00 243.35 (7.99 (k))
#       Scan step(s):  5.00 0.50 0.07
#  Integration times:  0.50 0.50 0.50    kwgt in EXAFS region: 0.0 
#
# User Comment:
# 50oC
#
#
# Amplifier Sensitivities:
# Preslit: 20 nA/V  I0: 20 nA/V  I: 100 pA/V  IREF: 50 pA/V  
#
# Analog Input Voltages at start/end of scan:
# Preslit: 0.033/0.031  I0: 0.516/0.269  Ignore: 0.016/0.007  I: 0.810/0.600  IREF: 0.222/0.140  
#
# Mono Info:
# 
#
# ID Info:
# 
#
# Slit Info:
# Kappa S1:  Center is at -542 (H), 500 (V)   Size is 8000 wide x 2000 high
# Vacuum Slits:  Center is at 850 (H), -25 (V)   Size is 899 wide x 1000 high
#
# Motor Positions:
# SMV (20bm:m29): -37594.243125 SMH (20bm:m30): 4802.187500 
#
# Detector Names/PVs:
# I0/20bm:scaler1_netA.C  I/20bm:scaler1_netA.E  IREF/20bm:scaler1_netA.F  
#
# Positioner names/Drive PVs/Readback PVs:
# Mono Energy */20bm:monoE.VAL/20bm:EnctoE.VAL  Scaler preset time */20bm:scaler1.TP/  
# Here is a readable list of column headings:
#  1) Mono Energy *        
#  2) Scaler preset time * 
#  3) I0                   
#  4) I                    
#  5) IREF                 
#
# Column Headings:
#Mono Energy *        Scaler preset time * I0                   I                    IREF                 
        4865.40090888            0.50000000        20691.39453125        35540.19531250         4883.99414062 
        4870.45719986            0.50000000        20556.39453125        35542.19531250         4831.99414062 
        4875.46271053            0.50000000        20448.39453125        35654.19531250         4773.99414062 
        4880.54201781            0.50000000        20303.39453125        35742.19531250         4723.99414062 
        4885.58478858            0.50000000        20109.39453125        35705.19531250         4611.99414062 
        4890.57142068            0.50000000        19985.39453125        35890.19531250         4540.99414062 
        4895.65634219            0.50000000        19900.39453125        35997.19531250         4501.99414062 
        4900.77713326            0.50000000        19788.39453125        36290.19531250         4462.99414062 
        4905.80760651            0.50000000        19669.39453125        36297.19531250         4423.99414062 
        4910.81531763            0.50000000        19584.39453125        36553.19531250         4382.99414062 
        4915.82937170            0.50000000        19278.39453125        36457.19531250         4303.99414062 
        4920.85956013            0.50000000        19389.39453125        37015.19531250         4307.99414062 
        4925.89123776            0.50000000        19219.39453125        37145.19531250         4248.99414062 
        4930.89979604            0.50000000        19164.39453125        37435.19531250         4285.99414062 
        4935.96879711            0.50000000        19075.39453125        37687.19531250         4232.99414062 
        4936.48125336            0.50000000        19132.39453125        37989.19531250         4275.99414062 
        4936.94946433            0.50000000        19205.39453125        38059.19531250         4305.99414062 
        4937.44735323            0.50000000        19181.39453125        38131.19531250         4273.99414062 
        4937.92562734            0.50000000        19062.39453125        38005.19531250         4281.99414062 
        4938.44346116            0.50000000        19117.39453125        38073.19531250         4287.99414062 
        4938.95154708            0.50000000        19094.39453125        37984.19531250         4291.99414062 
        4939.44987848            0.50000000        19078.39453125        38188.19531250         4255.99414062 
        4939.99767669            0.50000000        19084.39453125        38094.19531250         4271.99414062 
        4940.47155546            0.50000000        19104.39453125        38211.19531250         4304.99414062 
        4940.98009864            0.50000000        19055.39453125        38212.19531250         4259.99414062 
        4941.45418389            0.50000000        18960.39453125        38107.19531250         4260.99414062 
        4941.95306866            0.50000000        18994.39453125        38230.19531250         4251.99414062 
        4942.43229949            0.50000000        19078.39453125        38430.19531250         4288.99414062 
        4942.97588032            0.50000000        18954.39453125        38198.19531250         4222.99414062 
        4943.46521506            0.50000000        18974.39453125        38222.19531250         4256.99414062 
        4944.02387833            0.50000000        18998.39453125        38342.19531250         4280.99414062 
        4944.47387584            0.50000000        18929.39453125        38288.19531250         4280.99414062 
        4945.00310856            0.50000000        18898.39453125        38203.19531250         4243.99414062 
        4945.46814437            0.50000000        18793.39453125        38077.19531250         4181.99414062 
        4945.96791726            0.50000000        18857.39453125        38241.19531250         4227.99414062 
        4946.43315182            0.50000000        18910.39453125        38332.19531250         4251.99414062 
        4946.99750107            0.50000000        18905.39453125        38493.19531250         4261.99414062 
        4947.48275614            0.50000000        18864.39453125        38391.19531250         4255.99414062 
        4948.05232107            0.50000000        18875.39453125        38585.19531250         4284.99414062 
        4948.48330474            0.50000000        18819.39453125        38471.19531250         4242.99414062 
        4949.02338881            0.50000000        18760.39453125        38392.19531250         4213.99414062 
        4949.48429656            0.50000000        18810.39453125        38530.19531250         4255.99414062 
        4949.99487399            0.50000000        18790.39453125        38579.19531250         4267.99414062 
        4950.44606265            0.50000000        18780.39453125        38557.19531250         4240.99414062 
        4951.01637495            0.50000000        18895.39453125        38800.19531250         4273.99414062 
        4951.49257193            0.50000000        18761.39453125        38630.19531250         4235.99414062 
        4952.08795921            0.50000000        18865.39453125        38785.19531250         4272.99414062 
        4952.48993425            0.50000000        18857.39453125        38828.19531250         4256.99414062 
        4953.03594068            0.50000000        18831.39453125        38774.19531250         4299.99414062 
        4953.49270183            0.50000000        18848.39453125        38955.19531250         4280.99414062 
        4954.00915160            0.50000000        18773.39453125        38871.19531250         4241.99414062 
        4954.44623964            0.50000000        18780.39453125        38809.19531250         4223.99414062 
        4955.02749883            0.50000000        18851.39453125        39099.19531250         4285.99414062 
        4955.49957126            0.50000000        18726.39453125        38927.19531250         4219.99414062 
        4956.08607204            0.50000000        18813.39453125        39136.19531250         4250.99414062 
        4956.48875800            0.50000000        18680.39453125        38936.19531250         4202.99414062 
        4957.04567635            0.50000000        18762.39453125        38993.19531250         4232.99414062 
        4957.49827339            0.50000000        18725.39453125        39055.19531250         4213.99414062 
        4958.03553893            0.50000000        18706.39453125        39052.19531250         4214.99414062 
        4958.45350026            0.50000000        18709.39453125        39012.19531250         4243.99414062 
        4959.02583431            0.50000000        18769.39453125        39333.19531250         4244.99414062 
        4959.49874109            0.50000000        18648.39453125        39087.19531250         4185.99414062 
        4960.08129880            0.50000000        18699.39453125        39241.19531250         4217.99414062 
        4960.49465706            0.50000000        18590.39453125        39068.19531250         4183.99414062 
        4961.04259746            0.50000000        18793.39453125        39480.19531250         4264.99414062 
        4961.49101088            0.50000000        18530.39453125        39051.19531250         4141.99414062 
        4962.02922410            0.50000000        18888.39453125        39759.19531250         4228.99414062 
        4962.44293777            0.50000000        18661.39453125        39428.19531250         4174.99414062 
        4963.03123900            0.50000000        18863.39453125        39854.19531250         4208.99414062 
        4963.49500771            0.50000000        18575.39453125        39299.19531250         4082.99438477 
        4964.09355911            0.50000000        18666.39453125        39554.19531250         4085.99438477 
        4964.48769169            0.50000000        18586.39453125        39452.19531250         4002.99438477 
        4965.03659796            0.50000000        18674.39453125        39587.19531250         3932.99438477 
        4965.48580190            0.50000000        18563.39453125        39455.19531250         3707.99438477 
        4966.02496404            0.50000000        18596.39453125        39463.19531250         3206.99438477 
        4966.43441345            0.50000000        18516.39453125        39421.19531250         2587.99438477 
        4967.02375081            0.50000000        18569.39453125        39335.19531250         2231.99438477 
        4967.48833641            0.50000000        18495.39453125        39303.19531250         2374.99438477 
        4968.08294485            0.50000000        18562.39453125        39336.19531250         2686.99438477 
        4968.47777093            0.50000000        18449.39453125        39052.19531250         2752.99438477 
        4969.02764313            0.50000000        18539.39453125        39009.19531250         2748.99438477 
        4969.47763762            0.50000000        18415.39453125        38675.19531250         2620.99438477 
        4970.01274711            0.50000000        18470.39453125        38544.19531250         2531.99438477 
        4970.42791887            0.50000000        18412.39453125        38384.19531250         2398.99438477 
        4971.01328989            0.50000000        18469.39453125        38236.19531250         2288.99438477 
        4971.47869241            0.50000000        18389.39453125        38368.19531250         2270.99438477 
        4972.07935267            0.50000000        18436.39453125        38468.19531250         2256.99438477 
        4972.46485998            0.50000000        18367.39453125        38583.19531250         2198.99438477 
        4973.02070638            0.50000000        18453.39453125        38724.19531250         2138.99438477 
        4973.47149245            0.50000000        18323.39453125        38473.19531250         2034.99438477 
        4974.00754334            0.50000000        18409.39453125        38216.19531250         1926.99438477 
        4974.42344557            0.50000000        18315.39453125        37632.19531250         1829.99438477 
        4975.01987187            0.50000000        18335.39453125        36798.19531250         1707.99438477 
        4975.47606813            0.50000000        18314.39453125        36114.19531250         1631.99438477 
        4976.06775561            0.50000000        18459.39453125        35494.19531250         1540.99438477 
        4976.46397139            0.50000000        18245.39453125        34710.19531250         1457.99438477 
        4977.01577921            0.50000000        18426.39453125        34559.19531250         1414.99438477 
        4977.47237593            0.50000000        18206.39453125        33771.19531250         1322.99438477 
        4978.00435139            0.50000000        18367.39453125        33743.19531250         1294.99438477 
        4978.42098503            0.50000000        18194.39453125        33195.19531250         1234.99438477 
        4979.00841742            0.50000000        18293.39453125        33142.19531250         1205.99438477 
        4979.47043656            0.50000000        18213.39453125        32776.19531250         1161.99438477 
        4980.06818737            0.50000000        18297.39453125        32677.19335937         1148.99438477 
        4980.46007558            0.50000000        18107.39453125        32018.19335937         1108.99438477 
        4981.02290481            0.50000000        18123.39453125        31629.19335937         1102.99438477 
        4981.47527912            0.50000000        18162.39453125        31206.19335937         1076.99438477 
        4981.99813468            0.50000000        18124.39453125        30466.19335937         1061.99438477 
        4982.41549975            0.50000000        18155.39453125        29835.19335937         1037.99438477 
        4982.99893329            0.50000000        18186.39453125        28906.19335937         1041.99438477 
        4983.46679395            0.50000000        18038.39453125        27732.19335937          998.99432373 
        4984.04043163            0.50000000        18103.39453125        26689.19335937          973.99432373 
        4984.45817096            0.50000000        18067.39453125        25705.19335937          975.99432373 
        4985.00185004            0.50000000        18060.39453125        24854.19335937          964.99432373 
        4985.46005067            0.50000000        18048.39453125        24118.19335937          958.99432373 
        4985.97878448            0.50000000        17933.39453125        23469.19335937          932.99432373 
        4986.42206804            0.50000000        18017.39453125        23262.19335937          923.99432373 
        4986.99141081            0.50000000        17940.39453125        22883.19335937          925.99432373 
        4987.46009158            0.50000000        17931.39453125        22779.19335937          916.99432373 
        4988.04985905            0.50000000        18006.39453125        22901.19335937          923.99432373 
        4988.46329124            0.50000000        17883.39453125        22953.19335937          940.99432373 
        4988.99783900            0.50000000        17908.39453125        23303.19335937          932.99432373 
        4989.46693217            0.50000000        17787.39453125        23481.19335937          910.99432373 
        4989.96134976            0.50000000        17789.39453125        23978.19335937          941.99432373 
        4990.41550109            0.50000000        17776.39453125        24387.19335937          907.99432373 
        4990.98584129            0.50000000        17788.39453125        25008.19335937          940.99432373 
        4991.45534322            0.50000000        17704.39453125        25330.19335937          940.99432373 
        4992.02089308            0.50000000        17750.39453125        25994.19335937          956.99432373 
        4992.46030081            0.50000000        17698.39453125        26263.19335937          963.99432373 
        4992.98568077            0.50000000        17631.39453125        26434.19335937          949.99432373 
        4993.45559407            0.50000000        17668.39453125        26640.19335937          970.99432373 
        4993.93571286            0.50000000        17593.39453125        26699.19335937          943.99432373 
        4994.42604354            0.50000000        17612.39453125        26811.19335937          963.99432373 
        4994.96198916            0.50000000        17729.39453125        26961.19335937          970.99432373 
        4995.44748237            0.50000000        17615.39453125        26754.19335937          941.99432373 
        4996.00390349            0.50000000        17504.39453125        26500.19335937          921.99432373 
        4996.47443794            0.50000000        17630.39453125        26571.19335937          934.99432373 
        4996.97037476            0.50000000        17583.39453125        26300.19335937          911.99432373 
        4997.45629475            0.50000000        17458.39453125        25937.19335937          893.99432373 
        4997.92206499            0.50000000        17531.39453125        25904.19335937          912.99432373 
        4998.44363774            0.50000000        17454.39453125        25510.19335937          863.99432373 
        4998.95519838            0.50000000        17376.39453125        25181.19335937          851.99432373 
        4999.45167354            0.50000000        17512.39453125        25227.19335937          869.99432373 
        4999.98879861            0.50000000        17530.39453125        25088.19335937          861.99432373 
        5000.48549814            0.50000000        17431.39453125        24894.19335937          856.99432373 
        5000.96202554            0.50000000        17353.39453125        24740.19335937          829.99432373 
        5001.46907854            0.50000000        17513.39453125        24956.19335937          828.99432373 
        5001.92552231            0.50000000        17463.39453125        25036.19335937          835.99432373 
        5002.44800855            0.50000000        17401.39453125        25016.19335937          812.99432373 
        5002.91987043            0.50000000        17286.39453125        24981.19335937          796.99432373 
        5003.45781011            0.50000000        17352.39453125        25422.19335937          823.99432373 
        5003.96541625            0.50000000        17172.39453125        25306.19335937          813.99432373 
        5004.50360162            0.50000000        17252.39453125        25734.19335937          793.99432373 
        5004.94541431            0.50000000        17184.39453125        25967.19335937          810.99432373 
        5005.46859010            0.50000000        17312.39453125        26370.19335937          825.99432373 
        5005.91058895            0.50000000        17165.39453125        26504.19335937          811.99432373 
        5007.58791178            0.50000000        17134.39453125        27481.19335937          850.99432373 
        5009.39367596            0.50000000        17151.39453125        28280.19335937          861.99432373 
        5011.19577056            0.50000000        16926.39453125        28375.19335937          878.99432373 
        5013.01966861            0.50000000        16884.39453125        28494.19335937          880.99432373 
        5014.82971498            0.50000000        16723.39453125        28197.19335937          866.99432373 
        5016.80965250            0.50000000        16714.39453125        28216.19335937          892.99432373 
        5018.74531260            0.50000000        16618.39453125        28253.19335937          892.99432373 
        5020.78999541            0.50000000        16611.39453125        28545.19335937          893.99432373 
        5022.78019484            0.50000000        16549.39453125        28788.19335937          896.99432373 
        5024.86945353            0.50000000        16453.39453125        28904.19335937          914.99432373 
        5026.90933386            0.50000000        16388.39453125        28916.19335937          891.99432373 
        5029.05880037            0.50000000        16185.39355469        28618.19335937          860.99432373 
        5031.19999976            0.50000000        16226.39355469        28626.19335937          865.99432373 
        5033.46659965            0.50000000        16161.39355469        28340.19335937          824.99432373 
        5035.74057651            0.50000000        15991.39355469        27801.19335937          782.99432373 
        5038.00649172            0.50000000        15966.39355469        27448.19335937          753.99432373 
        5040.26431810            0.50000000        15718.39355469        26903.19335937          736.99432373 
        5042.64309213            0.50000000        15740.39355469        27035.19335937          717.99432373 
        5045.11217458            0.50000000        15611.39355469        27046.19335937          708.99432373 
        5047.44420937            0.50000000        15527.39355469        27278.19335937          716.99432373 
        5049.97021416            0.50000000        15423.39355469        27309.19335937          727.99432373 
        5052.42639273            0.50000000        15184.39355469        27070.19335937          729.99432373 
        5054.94745963            0.50000000        15126.39355469        27148.19335937          733.99432373 
        5057.56999460            0.50000000        14973.39355469        27123.19335937          766.99432373 
        5060.16428642            0.50000000        14908.39355469        27246.19335937          769.99432373 
        5062.79272772            0.50000000        14773.39355469        27362.19335937          770.99432373 
        5065.55970684            0.50000000        14720.39355469        27429.19335937          792.99432373 
        5068.26212267            0.50000000        14621.39355469        27535.19335937          791.99432373 
        5071.07743389            0.50000000        14309.39355469        27241.19335937          800.99432373 
        5073.96941438            0.50000000        14386.39355469        27631.19335937          803.99432373 
        5076.78640166            0.50000000        14141.39355469        27548.19335937          771.99432373 
        5079.67499175            0.50000000        13875.39355469        27143.19335937          747.99432373 
        5082.71423121            0.50000000        13852.39355469        27541.19335937          724.99432373 
        5085.72587834            0.50000000        13681.39355469        27438.19335937          698.99432373 
        5088.70981837            0.50000000        13737.39355469        27786.19335937          676.99432373 
        5091.83994316            0.50000000        13561.39355469        27692.19335937          660.99432373 
        5094.96370323            0.50000000        13362.39355469        27437.19335937          672.99432373 
        5098.06520289            0.50000000        13283.39355469        27625.19335937          675.99432373 
        5101.25022945            0.50000000        13156.39355469        27728.19335937          692.99432373 
        5104.51911516            0.50000000        12992.39355469        27785.19335937          725.99432373 
        5107.79256341            0.50000000        12852.39355469        27745.19335937          751.99432373 
        5111.07058345            0.50000000        12886.39355469        27963.19335937          748.99432373 
        5114.40642495            0.50000000        12800.39355469        27987.19335937          740.99432373 
        5117.78432897            0.50000000        12538.39355469        27682.19335937          735.99432373 
        5121.18844788            0.50000000        12308.39355469        27411.19335937          728.99432373 
        5124.60819017            0.50000000        12177.39355469        27274.19335937          725.99432373 
        5128.08645346            0.50000000        12233.39355469        27642.19335937          765.99432373 
        5131.61812249            0.50000000        11936.39355469        27242.19335937          760.99432373 
        5135.14434185            0.50000000        11877.39355469        27495.19335937          738.99432373 
        5138.71886720            0.50000000        11683.39355469        27248.19335937          711.99432373 
        5142.42272008            0.50000000        11661.39355469        27482.19335937          724.99432373 
        5145.99208379            0.50000000        11211.39355469        26851.19335937          707.99432373 
        5149.70193983            0.50000000        11133.39355469        26968.19335937          687.99432373 
        5153.43385059            0.50000000        11028.39355469        26890.19335937          680.99432373 
        5157.18248472            0.50000000        10801.39355469        26813.19335937          681.99432373 
        5161.04021868            0.50000000        10713.39355469        26878.19335937          688.99432373 
        5164.85527509            0.50000000        10395.39355469        26607.19335937          682.99432373 
        5168.75272961            0.50000000        10331.39355469        26736.19335937          707.99432373 
        5172.70568737            0.50000000        10065.39355469        26389.19335937          723.99432373 
        5176.55043219            0.50000000         9835.39355469        26214.19335937          705.99432373 
        5180.56015224            0.50000000         7985.39404297        21644.19335937          620.99432373 
        5184.55468336            0.50000000         9677.39355469        26323.19335937          718.99432373 
        5188.54491822            0.50000000         9436.39355469        26130.19335937          739.99432373 
        5192.71240326            0.50000000         9164.39355469        25689.19335937          718.99432373 
        5196.83754631            0.50000000         8864.39355469        25091.19335937          700.99432373 
        5200.94219583            0.50000000         8635.39355469        24757.19335937          697.99432373 
        5205.15344710            0.50000000         8380.39355469        24360.19335937          682.99432373 
        5208.92884851            0.50000000         7942.39404297        23237.19335937          655.99432373 
