# 1-D Scan File created by LabVIEW Control Panel  12/6/2011  2:46:55 AM; Scan time 0 hrs 4 min 28 sec. 
#
# Beamline 20 BM
#
# Scan config: 
#                 E0: 4966.00 eV   223 points
#        Scan bounds:  -100.00 -30.00 40.00 243.35 (7.99 (k))
#       Scan step(s):  5.00 0.50 0.07
#  Integration times:  0.50 0.50 0.50    kwgt in EXAFS region: 0.0 
#
# User Comment:
# 50oC
#
#
# Amplifier Sensitivities:
# Preslit: 20 nA/V  I0: 20 nA/V  I: 100 pA/V  IREF: 50 pA/V  
#
# Analog Input Voltages at start/end of scan:
# Preslit: 0.033/0.030  I0: 0.460/0.250  Ignore: 0.014/0.004  I: 0.777/0.516  IREF: 0.217/0.135  
#
# Mono Info:
# 
#
# ID Info:
# 
#
# Slit Info:
# Kappa S1:  Center is at -542 (H), 500 (V)   Size is 8000 wide x 2000 high
# Vacuum Slits:  Center is at 850 (H), -25 (V)   Size is 899 wide x 1000 high
#
# Motor Positions:
# SMV (20bm:m29): -37594.243125 SMH (20bm:m30): 4802.187500 
#
# Detector Names/PVs:
# I0/20bm:scaler1_netA.C  I/20bm:scaler1_netA.E  IREF/20bm:scaler1_netA.F  
#
# Positioner names/Drive PVs/Readback PVs:
# Mono Energy */20bm:monoE.VAL/20bm:EnctoE.VAL  Scaler preset time */20bm:scaler1.TP/  
# Here is a readable list of column headings:
#  1) Mono Energy *        
#  2) Scaler preset time * 
#  3) I0                   
#  4) I                    
#  5) IREF                 
#
# Column Headings:
#Mono Energy *        Scaler preset time * I0                   I                    IREF                 
        4865.39136160            0.50000000        18025.39453125        33768.19531250         4670.99414062 
        4870.45241530            0.50000000        17861.39453125        33719.19531250         4577.99414062 
        4875.46750590            0.50000000        17749.39453125        33797.19531250         4491.99414062 
        4880.54682416            0.50000000        17647.39453125        33810.19531250         4398.99414062 
        4885.59924042            0.50000000        17458.39453125        33883.19531250         4337.99414062 
        4890.58590492            0.50000000        17410.39453125        34132.19531250         4310.99414062 
        4895.66602039            0.50000000        17273.39453125        34078.19531250         4250.99414062 
        4900.77713326            0.50000000        17154.39453125        34303.19531250         4191.99414062 
        4905.80760651            0.50000000        17011.39453125        34233.19531250         4116.99414062 
        4910.82018967            0.50000000        16950.39453125        34531.19531250         4131.99414062 
        4915.82937170            0.50000000        16624.39453125        34267.19531250         3975.99438477 
        4920.85466623            0.50000000        16678.39453125        34703.19531250         4006.99438477 
        4925.89123776            0.50000000        16540.39453125        34988.19531250         3976.99438477 
        4930.89979604            0.50000000        16452.39453125        35090.19531250         3959.99438477 
        4935.96879711            0.50000000        16351.39355469        35250.19531250         3951.99438477 
        4936.48125336            0.50000000        16414.39453125        35533.19531250         3978.99438477 
        4936.95439338            0.50000000        16424.39453125        35558.19531250         3981.99438477 
        4937.45228338            0.50000000        16394.39453125        35581.19531250         3980.99438477 
        4937.92562734            0.50000000        16262.39355469        35375.19531250         3931.99438477 
        4938.43852885            0.50000000        16319.39355469        35361.19531250         3923.99438477 
        4938.95154708            0.50000000        16363.39355469        35489.19531250         3946.99438477 
        4939.44987848            0.50000000        16287.39355469        35519.19531250         3943.99438477 
        4939.99767669            0.50000000        16250.39355469        35344.19531250         3927.99438477 
        4940.47155546            0.50000000        16287.39355469        35522.19531250         3936.99438477 
        4940.98503651            0.50000000        16284.39355469        35658.19531250         3964.99438477 
        4941.45418389            0.50000000        16181.39355469        35426.19531250         3885.99438477 
        4941.94812866            0.50000000        16224.39355469        35594.19531250         3908.99438477 
        4942.43229949            0.50000000        16330.39355469        35838.19531250         3982.99438477 
        4942.98082257            0.50000000        16193.39355469        35598.19531250         3912.99438477 
        4943.46027175            0.50000000        16159.39355469        35531.19531250         3906.99438477 
        4944.02882287            0.50000000        16197.39355469        35648.19531250         3941.99438477 
        4944.47387584            0.50000000        16103.39355469        35517.19531250         3901.99438477 
        4944.99816189            0.50000000        16105.39355469        35542.19531250         3891.99438477 
        4945.46814437            0.50000000        16064.39355469        35524.19531250         3883.99438477 
        4945.96791726            0.50000000        16051.39355469        35489.19531250         3855.99438477 
        4946.43810164            0.50000000        16156.39355469        35661.19531250         3925.99438477 
        4946.99750107            0.50000000        16102.39355469        35736.19531250         3903.99438477 
        4947.48275614            0.50000000        16072.39355469        35684.19531250         3943.99438477 
        4948.05727444            0.50000000        16071.39355469        35720.19531250         3957.99438477 
        4948.48330474            0.50000000        16015.39355469        35684.19531250         3909.99438477 
        4949.01843333            0.50000000        15994.39355469        35659.19531250         3915.99438477 
        4949.48925307            0.50000000        16022.39355469        35831.19531250         3918.99438477 
        4949.99487399            0.50000000        15992.39355469        35788.19531250         3907.99438477 
        4950.44606265            0.50000000        16033.39355469        35885.19531250         3896.99438477 
        4951.01637495            0.50000000        16111.39355469        36135.19531250         3950.99438477 
        4951.48761103            0.50000000        16003.39355469        35849.19531250         3921.99438477 
        4952.08299700            0.50000000        16052.39355469        35956.19531250         3912.99438477 
        4952.48497116            0.50000000        16016.39355469        35971.19531250         3886.99438477 
        4953.03097639            0.50000000        15996.39355469        35949.19531250         3887.99438477 
        4953.49270183            0.50000000        16072.39355469        36242.19531250         3909.99438477 
        4954.00915160            0.50000000        15967.39355469        36132.19531250         3879.99438477 
        4954.45120703            0.50000000        15937.39355469        35942.19531250         3888.99438477 
        4955.02749883            0.50000000        16025.39355469        36230.19531250         3916.99438477 
        4955.49460156            0.50000000        15919.39355469        36082.19531250         3894.99438477 
        4956.08607204            0.50000000        15987.39355469        36303.19531250         3884.99438477 
        4956.49372988            0.50000000        15893.39355469        36100.19531250         3877.99438477 
        4957.04070326            0.50000000        15897.39355469        36107.19531250         3872.99438477 
        4957.49827339            0.50000000        15907.39355469        36154.19531250         3876.99438477 
        4958.02558841            0.50000000        15858.39355469        36099.19531250         3874.99438477 
        4958.45350026            0.50000000        15889.39355469        36209.19531250         3876.99438477 
        4959.02085687            0.50000000        15892.39355469        36310.19531250         3864.99438477 
        4959.49376261            0.50000000        15831.39355469        36123.19531250         3866.99438477 
        4960.08129880            0.50000000        15835.39355469        36273.19531250         3834.99438477 
        4960.49465706            0.50000000        15769.39355469        36117.19531250         3837.99438477 
        4961.03761559            0.50000000        15963.39355469        36545.19531250         3881.99438477 
        4961.48602802            0.50000000        15702.39355469        36088.19531250         3831.99438477 
        4962.02922410            0.50000000        15967.39355469        36659.19531250         3874.99438477 
        4962.44293777            0.50000000        15715.39355469        36138.19531250         3766.99438477 
        4963.02625276            0.50000000        15931.39355469        36691.19531250         3842.99438477 
        4963.49500771            0.50000000        15632.39355469        36068.19531250         3735.99438477 
        4964.09355911            0.50000000        15750.39355469        36347.19531250         3744.99438477 
        4964.48270224            0.50000000        15616.39355469        36130.19531250         3636.99438477 
        4965.03160731            0.50000000        15713.39355469        36332.19531250         3579.99438477 
        4965.48081026            0.50000000        15653.39355469        36366.19531250         3398.99438477 
        4966.01997121            0.50000000        15725.39355469        36393.19531250         2976.99438477 
        4966.43441345            0.50000000        15645.39355469        36326.19531250         2369.99438477 
        4967.01875579            0.50000000        15666.39355469        36267.19531250         2002.99438477 
        4967.48334036            0.50000000        15578.39355469        36110.19531250         2159.99438477 
        4968.08294485            0.50000000        15678.39355469        36205.19531250         2444.99438477 
        4968.46777448            0.50000000        15563.39355469        35888.19531250         2533.99438477 
        4969.02264369            0.50000000        15610.39355469        35759.19531250         2534.99438477 
        4969.46763678            0.50000000        15599.39355469        35769.19531250         2426.99438477 
        4970.00774550            0.50000000        15646.39355469        35574.19531250         2319.99438477 
        4970.42791887            0.50000000        15572.39355469        35351.19531250         2201.99438477 
        4971.01328989            0.50000000        15600.39355469        35124.19531250         2118.99438477 
        4971.47869241            0.50000000        15521.39355469        35244.19531250         2063.99438477 
        4972.07935267            0.50000000        15556.39355469        35417.19531250         2052.99438477 
        4972.46485998            0.50000000        15491.39355469        35477.19531250         2026.99438477 
        4973.01569815            0.50000000        15544.39355469        35579.19531250         1955.99438477 
        4973.46648323            0.50000000        15462.39355469        35381.19531250         1874.99438477 
        4974.00754334            0.50000000        15502.39355469        35076.19531250         1762.99438477 
        4974.41843424            0.50000000        15452.39355469        34635.19531250         1670.99438477 
        4975.01987187            0.50000000        15481.39355469        33923.19531250         1550.99438477 
        4975.47105449            0.50000000        15391.39355469        33185.19531250         1463.99438477 
        4976.07277057            0.50000000        15575.39355469        32757.19335937         1406.99438477 
        4976.45895557            0.50000000        15322.39355469        31839.19335937         1341.99438477 
        4977.01076217            0.50000000        15503.39355469        31694.19335937         1261.99438477 
        4977.47237593            0.50000000        15304.39355469        31015.19335937         1204.99438477 
        4978.00435139            0.50000000        15483.39355469        31000.19335937         1198.99438477 
        4978.41596489            0.50000000        15293.39355469        30401.19335937         1146.99438477 
        4979.00339599            0.50000000        15409.39355469        30528.19335937         1103.99438477 
        4979.47545902            0.50000000        15349.39355469        30160.19335937         1057.99438477 
        4980.06818737            0.50000000        15352.39355469        29930.19335937         1037.99438477 
        4980.46510022            0.50000000        15248.39355469        29376.19335937         1004.99432373 
        4981.02290481            0.50000000        15284.39355469        29071.19335937          986.99432373 
        4981.47527912            0.50000000        15357.39355469        28740.19335937          977.99432373 
        4982.00316272            0.50000000        15314.39355469        28081.19335937          948.99432373 
        4982.41549975            0.50000000        15344.39355469        27518.19335937          938.99432373 
        4982.99893329            0.50000000        15367.39355469        26652.19335937          917.99432373 
        4983.46679395            0.50000000        15290.39355469        25719.19335937          901.99432373 
        4984.04546418            0.50000000        15296.39355469        24664.19335937          869.99432373 
        4984.45817096            0.50000000        15274.39355469        23896.19335937          868.99432373 
        4985.00185004            0.50000000        15226.39355469        22940.19335937          863.99432373 
        4985.46005067            0.50000000        15209.39355469        22306.19335937          838.99432373 
        4985.97374767            0.50000000        15108.39355469        21646.19335937          841.99432373 
        4986.41703024            0.50000000        15227.39355469        21530.19335937          839.99432373 
        4986.98637175            0.50000000        15143.39355469        21165.19335937          811.99432373 
        4987.46009158            0.50000000        15123.39355469        21047.19335937          850.99432373 
        4988.04985905            0.50000000        15176.39355469        21099.19335937          840.99432373 
        4988.45824893            0.50000000        15081.39355469        21122.19335937          835.99432373 
        4988.99783900            0.50000000        15118.39355469        21500.19335937          844.99432373 
        4989.46693217            0.50000000        14984.39355469        21622.19335937          835.99432373 
        4989.96134976            0.50000000        14975.39355469        21965.19335937          838.99432373 
        4990.41550109            0.50000000        15012.39355469        22504.19335937          847.99432373 
        4990.98584129            0.50000000        15000.39355469        22958.19335937          864.99432373 
        4991.45534322            0.50000000        14900.39355469        23261.19335937          864.99432373 
        4992.02089308            0.50000000        14942.39355469        23823.19335937          873.99432373 
        4992.45524966            0.50000000        14900.39355469        24053.19335937          847.99432373 
        4992.98568077            0.50000000        14864.39355469        24297.19335937          867.99432373 
        4993.45559407            0.50000000        14943.39355469        24600.19335937          865.99432373 
        4993.93571286            0.50000000        14838.39355469        24575.19335937          851.99432373 
        4994.42604354            0.50000000        14856.39355469        24637.19335937          866.99432373 
        4994.96198916            0.50000000        14971.39355469        24829.19335937          870.99432373 
        4995.44748237            0.50000000        14880.39355469        24661.19335937          835.99432373 
        4995.99884450            0.50000000        14741.39355469        24386.19335937          851.99432373 
        4996.47443794            0.50000000        14852.39355469        24464.19335937          838.99432373 
        4996.97037476            0.50000000        14873.39355469        24273.19335937          838.99432373 
        4997.45123255            0.50000000        14712.39355469        23931.19335937          806.99432373 
        4997.92712823            0.50000000        14806.39355469        23847.19335937          814.99432373 
        4998.44363774            0.50000000        14719.39355469        23492.19335937          790.99432373 
        4998.95519838            0.50000000        14654.39355469        23189.19335937          784.99432373 
        4999.45674017            0.50000000        14769.39355469        23244.19335937          788.99432373 
        4999.99386642            0.50000000        14780.39355469        23064.19335937          769.99432373 
        5000.49056706            0.50000000        14725.39355469        22945.19335937          777.99432373 
        5000.96709552            0.50000000        14677.39355469        22861.19335937          754.99432373 
        5001.46907854            0.50000000        14775.39355469        22938.19335937          775.99432373 
        5001.92552231            0.50000000        14701.39355469        22955.19335937          758.99432373 
        5002.44800855            0.50000000        14625.39355469        22925.19335937          738.99432373 
        5002.91987043            0.50000000        14563.39355469        22963.19335937          739.99432373 
        5003.45781011            0.50000000        14660.39355469        23354.19335937          747.99432373 
        5003.96541625            0.50000000        14467.39355469        23221.19335937          710.99432373 
        5004.50360162            0.50000000        14537.39355469        23655.19335937          729.99432373 
        5004.94033552            0.50000000        14461.39355469        23774.19335937          727.99432373 
        5005.46859010            0.50000000        14578.39355469        24175.19335937          732.99432373 
        5005.91058895            0.50000000        14428.39355469        24267.19335937          727.99432373 
        5007.58791178            0.50000000        14417.39355469        25196.19335937          740.99432373 
        5009.38858730            0.50000000        14401.39355469        25847.19335937          779.99432373 
        5011.19067790            0.50000000        14280.39355469        26065.19335937          792.99432373 
        5013.01457191            0.50000000        14178.39355469        26061.19335937          806.99432373 
        5014.83481572            0.50000000        14045.39355469        25818.19335937          807.99432373 
        5016.80454738            0.50000000        14043.39355469        25826.19335937          792.99432373 
        5018.74531260            0.50000000        13889.39355469        25779.19335937          819.99432373 
        5020.78488144            0.50000000        13896.39355469        26062.19335937          798.99432373 
        5022.77507644            0.50000000        13843.39355469        26278.19335937          814.99432373 
        5024.87457660            0.50000000        13700.39355469        26232.19335937          800.99432373 
        5026.90933386            0.50000000        13649.39355469        26257.19335937          791.99432373 
        5029.04853562            0.50000000        13489.39355469        25972.19335937          779.99432373 
        5031.19486261            0.50000000        13482.39355469        25829.19335937          762.99432373 
        5033.46145744            0.50000000        13420.39355469        25702.19335937          729.99432373 
        5035.73028197            0.50000000        13343.39355469        25258.19335937          694.99432373 
        5038.00649172            0.50000000        13252.39355469        24875.19335937          694.99432373 
        5040.25916073            0.50000000        13044.39355469        24349.19335937          647.99432373 
        5042.64309213            0.50000000        13037.39355469        24426.19335937          647.99432373 
        5045.10700638            0.50000000        12854.39355469        24270.19335937          612.99432373 
        5047.44938279            0.50000000        12817.39355469        24520.19335937          640.99432373 
        5049.98057231            0.50000000        12794.39355469        24648.19335937          633.99432373 
        5052.43676187            0.50000000        12522.39355469        24330.19335937          651.99432373 
        5054.95264984            0.50000000        12512.39355469        24485.19335937          646.99432373 
        5057.57519068            0.50000000        12354.39355469        24413.19335937          676.99432373 
        5060.16948832            0.50000000        12284.39355469        24504.19335937          677.99432373 
        5062.79793550            0.50000000        12166.39355469        24572.19335937          670.99432373 
        5065.56492084            0.50000000        12104.39355469        24594.19335937          710.99432373 
        5068.26734273            0.50000000        11964.39355469        24571.19335937          685.99432373 
        5071.07220752            0.50000000        11658.39355469        24181.19335937          690.99432373 
        5073.96418151            0.50000000        11733.39355469        24602.19335937          689.99432373 
        5076.78116247            0.50000000        11559.39355469        24563.19335937          688.99432373 
        5079.66974605            0.50000000        11252.39355469        24108.19335937          652.99432373 
        5082.71423121            0.50000000        11255.39355469        24409.19335937          629.99432373 
        5085.72587834            0.50000000        11093.39355469        24363.19335937          598.99432373 
        5088.70981837            0.50000000        11115.39355469        24528.19335937          595.99432373 
        5091.83994316            0.50000000        10945.39355469        24366.19335937          564.99432373 
        5094.96370323            0.50000000        10772.39355469        24205.19335937          562.99432373 
        5098.05991575            0.50000000        10680.39355469        24281.19335937          576.99432373 
        5101.23964079            0.50000000        10534.39355469        24290.19335937          595.99432373 
        5104.50851173            0.50000000        10383.39355469        24248.19335937          626.99432373 
        5107.77663607            0.50000000        10268.39355469        24225.19335937          616.99432373 
        5111.07058345            0.50000000        10311.39355469        24469.19335937          656.99432373 
        5114.39577678            0.50000000        10250.39355469        24490.19335937          635.99432373 
        5117.77899722            0.50000000         9996.39355469        24099.19335937          630.99432373 
        5121.17776897            0.50000000         9781.39355469        23848.19335937          635.99432373 
        5124.60284295            0.50000000         9632.39355469        23469.19335937          612.99432373 
        5128.08109834            0.50000000         9764.39355469        24214.19335937          642.99432373 
        5131.60739622            0.50000000         9504.39355469        23722.19335937          632.99432373 
        5135.13359955            0.50000000         9370.39355469        23730.19335937          654.99432373 
        5138.71348792            0.50000000         9317.39355469        23657.19335937          621.99432373 
        5142.41194465            0.50000000         9220.39355469        23816.19335937          628.99432373 
        5145.98129210            0.50000000         8827.39355469        23146.19335937          574.99432373 
        5149.69113124            0.50000000         8783.39355469        23252.19335937          567.99432373 
        5153.42843777            0.50000000         8722.39355469        23272.19335937          567.99432373 
        5157.16622063            0.50000000         8563.39355469        23236.19335937          551.99432373 
        5161.04021868            0.50000000         8463.39355469        23287.19335937          575.99432373 
        5164.84439729            0.50000000         8180.39404297        22913.19335937          575.99432373 
        5168.74183397            0.50000000         8112.39404297        23005.19335937          581.99432373 
        5172.68931678            0.50000000         7918.39404297        22666.19335937          595.99432373 
        5176.53403517            0.50000000         7677.39404297        22426.19335937          591.99432373 
        5180.54920250            0.50000000         6224.39404297        18459.19335937          495.99432373 
        5184.53823127            0.50000000         7539.39404297        22429.19335937          623.99432373 
        5188.53393181            0.50000000         7333.39404297        22265.19335937          614.99432373 
        5192.69589494            0.50000000         7107.39404297        21767.19335937          595.99432373 
        5196.82100953            0.50000000         6876.39404297        21288.19335937          577.99432373 
        5200.92563070            0.50000000         6647.39404297        20868.19335937          582.99432373 
        5205.13685287            0.50000000         6415.39404297        20347.19335937          563.99432373 
        5208.91776827            0.50000000         6070.39404297        19400.19335937          539.99432373 
