# 1-D Scan File created by LabVIEW Control Panel  12/6/2011  5:07:31 AM; Scan time 0 hrs 4 min 28 sec. 
#
# Beamline 20 BM
#
# Scan config: 
#                 E0: 4966.00 eV   223 points
#        Scan bounds:  -100.00 -30.00 40.00 243.35 (7.99 (k))
#       Scan step(s):  5.00 0.50 0.07
#  Integration times:  0.50 0.50 0.50    kwgt in EXAFS region: 0.0 
#
# User Comment:
# 50oC
#
#
# Amplifier Sensitivities:
# Preslit: 20 nA/V  I0: 20 nA/V  I: 100 pA/V  IREF: 50 pA/V  
#
# Analog Input Voltages at start/end of scan:
# Preslit: 0.033/0.031  I0: 0.363/0.214  Ignore: 0.010/0.006  I: 0.682/0.387  IREF: 0.204/0.134  
#
# Mono Info:
# 
#
# ID Info:
# 
#
# Slit Info:
# Kappa S1:  Center is at -542 (H), 500 (V)   Size is 8000 wide x 2000 high
# Vacuum Slits:  Center is at 850 (H), -25 (V)   Size is 899 wide x 1000 high
#
# Motor Positions:
# SMV (20bm:m29): -37594.243125 SMH (20bm:m30): 4802.187500 
#
# Detector Names/PVs:
# I0/20bm:scaler1_netA.C  I/20bm:scaler1_netA.E  IREF/20bm:scaler1_netA.F  
#
# Positioner names/Drive PVs/Readback PVs:
# Mono Energy */20bm:monoE.VAL/20bm:EnctoE.VAL  Scaler preset time */20bm:scaler1.TP/  
# Here is a readable list of column headings:
#  1) Mono Energy *        
#  2) Scaler preset time * 
#  3) I0                   
#  4) I                    
#  5) IREF                 
#
# Column Headings:
#Mono Energy *        Scaler preset time * I0                   I                    IREF                 
        4865.38181436            0.50000000        13056.39355469        28990.19335937         3956.99438477 
        4870.45241530            0.50000000        12893.39355469        28790.19335937         3903.99438477 
        4875.46271053            0.50000000        12714.39355469        28634.19335937         3803.99438477 
        4880.54682416            0.50000000        12564.39355469        28587.19335937         3725.99438477 
        4885.58478858            0.50000000        12374.39355469        28324.19335937         3626.99438477 
        4890.57142068            0.50000000        12293.39355469        28425.19335937         3592.99438477 
        4895.65634219            0.50000000        12167.39355469        28395.19335937         3534.99438477 
        4900.77228306            0.50000000        12028.39355469        28488.19335937         3457.99438477 
        4905.80760651            0.50000000        11893.39355469        28250.19335937         3405.99438477 
        4910.81044561            0.50000000        11794.39355469        28390.19335937         3369.99438477 
        4915.82448876            0.50000000        11568.39355469        28198.19335937         3315.99438477 
        4920.84977234            0.50000000        11551.39355469        28362.19335937         3276.99438477 
        4925.88633288            0.50000000        11383.39355469        28308.19335937         3255.99438477 
        4930.88996442            0.50000000        11281.39355469        28363.19335937         3215.99438477 
        4935.96879711            0.50000000        11165.39355469        28389.19335937         3195.99438477 
        4936.47632534            0.50000000        11234.39355469        28639.19335937         3199.99438477 
        4936.94453528            0.50000000        11241.39355469        28688.19335937         3201.99438477 
        4937.44242310            0.50000000        11232.39355469        28786.19335937         3219.99438477 
        4937.92069616            0.50000000        11141.39355469        28513.19335937         3210.99438477 
        4938.43359654            0.50000000        11213.39355469        28670.19335937         3243.99438477 
        4938.94168024            0.50000000        11151.39355469        28519.19335937         3176.99438477 
        4939.44494397            0.50000000        11113.39355469        28577.19335937         3162.99438477 
        4939.98286958            0.50000000        11121.39355469        28462.19335937         3154.99438477 
        4940.46661871            0.50000000        11138.39355469        28606.19335937         3157.99438477 
        4940.97516077            0.50000000        11094.39355469        28642.19335937         3154.99438477 
        4941.44430609            0.50000000        11003.39355469        28399.19335937         3147.99438477 
        4941.93824871            0.50000000        11067.39355469        28592.19335937         3182.99438477 
        4942.42735845            0.50000000        11140.39355469        28780.19335937         3210.99438477 
        4942.97093809            0.50000000        11047.39355469        28612.19335937         3178.99438477 
        4943.45532845            0.50000000        11029.39355469        28586.19335937         3163.99438477 
        4944.02387833            0.50000000        11046.39355469        28627.19335937         3197.99438477 
        4944.46893032            0.50000000        10944.39355469        28421.19335937         3138.99438477 
        4944.99816189            0.50000000        10934.39355469        28426.19335937         3150.99438477 
        4945.46319667            0.50000000        10840.39355469        28197.19335937         3122.99438477 
        4945.96296847            0.50000000        10902.39355469        28394.19335937         3117.99438477 
        4946.43315182            0.50000000        10989.39355469        28528.19335937         3136.99438477 
        4946.98759899            0.50000000        10914.39355469        28501.19335937         3139.99438477 
        4947.46789985            0.50000000        10911.39355469        28475.19335937         3134.99438477 
        4948.05232107            0.50000000        10922.39355469        28571.19335937         3176.99438477 
        4948.47339614            0.50000000        10848.39355469        28454.19335937         3148.99438477 
        4949.01347785            0.50000000        10845.39355469        28519.19335937         3143.99438477 
        4949.47934006            0.50000000        10897.39355469        28698.19335937         3164.99438477 
        4949.98495877            0.50000000        10780.39355469        28390.19335937         3133.99438477 
        4950.43614545            0.50000000        10832.39355469        28563.19335937         3149.99438477 
        4951.01141509            0.50000000        10910.39355469        28788.19335937         3152.99438477 
        4951.47768926            0.50000000        10797.39355469        28540.19335937         3128.99438477 
        4952.07307262            0.50000000        10892.39355469        28751.19335937         3159.99438477 
        4952.47504501            0.50000000        10853.39355469        28720.19335937         3147.99438477 
        4953.03097639            0.50000000        10833.39355469        28592.19335937         3139.99438477 
        4953.48277126            0.50000000        10858.39355469        28756.19335937         3155.99438477 
        4953.99425236            0.50000000        10771.39355469        28628.19335937         3145.99438477 
        4954.44127225            0.50000000        10763.39355469        28533.19335937         3132.99438477 
        4955.01756152            0.50000000        10807.39355469        28769.19335937         3132.99438477 
        4955.48466220            0.50000000        10679.39355469        28508.19335937         3102.99438477 
        4956.07613008            0.50000000        10782.39355469        28768.19335937         3156.99438477 
        4956.48875800            0.50000000        10628.39355469        28432.19335937         3096.99438477 
        4957.03573018            0.50000000        10705.39355469        28621.19335937         3106.99438477 
        4957.48832523            0.50000000        10685.39355469        28553.19335937         3111.99438477 
        4958.02061316            0.50000000        10703.39355469        28629.19335937         3095.99438477 
        4958.44852407            0.50000000        10673.39355469        28557.19335937         3092.99438477 
        4959.02085687            0.50000000        10671.39355469        28731.19335937         3091.99438477 
        4959.48878414            0.50000000        10603.39355469        28450.19335937         3053.99438477 
        4960.07631904            0.50000000        10645.39355469        28711.19335937         3072.99438477 
        4960.48967639            0.50000000        10586.39355469        28555.19335937         3057.99438477 
        4961.03263372            0.50000000        10751.39355469        28923.19335937         3109.99438477 
        4961.48602802            0.50000000        10539.39355469        28481.19335937         3052.99438477 
        4962.01427201            0.50000000        10706.39355469        28902.19335937         3098.99438477 
        4962.43795282            0.50000000        10527.39355469        28472.19335937         3024.99438477 
        4963.02126652            0.50000000        10693.39355469        28913.19335937         3080.99438477 
        4963.49500771            0.50000000        10487.39355469        28482.19335937         2975.99438477 
        4964.09355911            0.50000000        10581.39355469        28695.19335937         2966.99438477 
        4964.48270224            0.50000000        10510.39355469        28642.19335937         2900.99438477 
        4965.03160731            0.50000000        10563.39355469        28707.19335937         2841.99438477 
        4965.48081026            0.50000000        10496.39355469        28640.19335937         2700.99438477 
        4966.02496404            0.50000000        10557.39355469        28760.19335937         2361.99438477 
        4966.43940720            0.50000000        10511.39355469        28740.19335937         1884.99438477 
        4967.02375081            0.50000000        10567.39355469        28692.19335937         1617.99438477 
        4967.48833641            0.50000000        10452.39355469        28559.19335937         1688.99438477 
        4968.08294485            0.50000000        10533.39355469        28648.19335937         1960.99438477 
        4968.47277270            0.50000000        10509.39355469        28463.19335937         2002.99438477 
        4969.02764313            0.50000000        10533.39355469        28359.19335937         2018.99438477 
        4969.47263719            0.50000000        10439.39355469        28223.19335937         1937.99438477 
        4970.01274711            0.50000000        10489.39355469        28100.19335937         1853.99438477 
        4970.42791887            0.50000000        10503.39355469        27782.19335937         1764.99438477 
        4971.01829371            0.50000000        10501.39355469        27166.19335937         1660.99438477 
        4971.48369726            0.50000000        10418.39355469        27130.19335937         1608.99438477 
        4972.08435884            0.50000000        10456.39355469        27419.19335937         1622.99438477 
        4972.46485998            0.50000000        10390.39355469        27636.19335937         1595.99438477 
        4973.02070638            0.50000000        10410.39355469        27881.19335937         1555.99438477 
        4973.47149245            0.50000000        10322.39355469        27781.19335937         1488.99438477 
        4974.01255376            0.50000000        10375.39355469        27671.19335937         1407.99438477 
        4974.41843424            0.50000000        10314.39355469        27554.19335937         1341.99438477 
        4975.01485923            0.50000000        10359.39355469        27547.19335937         1256.99438477 
        4975.47105449            0.50000000        10291.39355469        27370.19335937         1200.99438477 
        4976.06274067            0.50000000        10390.39355469        27294.19335937         1171.99438477 
        4976.45393976            0.50000000        10259.39355469        26778.19335937         1110.99438477 
        4977.00574514            0.50000000        10390.39355469        26563.19335937         1062.99438477 
        4977.46233985            0.50000000        10243.39355469        25740.19335937         1015.99432373 
        4977.99431297            0.50000000        10361.39355469        25541.19335937          985.99432373 
        4978.41094477            0.50000000        10173.39355469        24691.19335937          907.99432373 
        4978.99837457            0.50000000        10266.39355469        24539.19335937          903.99432373 
        4979.46541411            0.50000000        10221.39355469        24069.19335937          876.99432373 
        4980.06316360            0.50000000        10233.39355469        23422.19335937          836.99432373 
        4980.46510022            0.50000000        10207.39355469        22828.19335937          803.99432373 
        4981.01787894            0.50000000        10149.39355469        22127.19335937          775.99432373 
        4981.46522538            0.50000000        10199.39355469        21861.19335937          758.99432373 
        4981.99813468            0.50000000        10099.39355469        21374.19335937          744.99432373 
        4982.41549975            0.50000000        10133.39355469        21121.19335937          722.99432373 
        4982.99390305            0.50000000        10138.39355469        20913.19335937          750.99432373 
        4983.46679395            0.50000000        10037.39355469        20539.19335937          708.99432373 
        4984.04043163            0.50000000        10056.39355469        20286.19335937          713.99432373 
        4984.45817096            0.50000000        10087.39355469        20100.19335937          724.99432373 
        4985.00185004            0.50000000        10071.39355469        19718.19335937          700.99432373 
        4985.46005067            0.50000000        10075.39355469        19309.19335937          699.99432373 
        4985.97374767            0.50000000        10003.39355469        18657.19335937          695.99432373 
        4986.41703024            0.50000000        10063.39355469        18254.19335937          703.99432373 
        4986.99141081            0.50000000        10015.39355469        17625.19335937          697.99432373 
        4987.46513168            0.50000000         9998.39355469        17236.19335937          669.99432373 
        4988.04985905            0.50000000        10050.39355469        16920.19335937          688.99432373 
        4988.46329124            0.50000000         9907.39355469        16424.19335937          665.99432373 
        4988.99783900            0.50000000        10012.39355469        16413.19335937          672.99432373 
        4989.46693217            0.50000000         9869.39355469        16088.19433594          656.99432373 
        4989.97144103            0.50000000         9854.39355469        16140.19433594          644.99432373 
        4990.41550109            0.50000000         9886.39355469        16337.19433594          647.99432373 
        4990.98584129            0.50000000         9867.39355469        16696.19335937          647.99432373 
        4991.46039215            0.50000000         9807.39355469        17027.19335937          651.99432373 
        4992.01584291            0.50000000         9824.39355469        17669.19335937          663.99432373 
        4992.46030081            0.50000000         9758.39355469        17942.19335937          677.99432373 
        4992.98568077            0.50000000         9752.39355469        18315.19335937          667.99432373 
        4993.45559407            0.50000000         9834.39355469        18708.19335937          697.99432373 
        4993.94076728            0.50000000         9722.39355469        18678.19335937          664.99432373 
        4994.42604354            0.50000000         9717.39355469        18734.19335937          664.99432373 
        4994.96198916            0.50000000         9815.39355469        18955.19335937          675.99432373 
        4995.44748237            0.50000000         9791.39355469        18932.19335937          687.99432373 
        4996.00390349            0.50000000         9684.39355469        18721.19335937          664.99432373 
        4996.47949797            0.50000000         9781.39355469        18841.19335937          650.99432373 
        4996.97037476            0.50000000         9716.39355469        18668.19335937          662.99432373 
        4997.45123255            0.50000000         9620.39355469        18418.19335937          637.99432373 
        4997.92206499            0.50000000         9679.39355469        18401.19335937          636.99432373 
        4998.43857335            0.50000000         9626.39355469        18125.19335937          618.99432373 
        4998.95013286            0.50000000         9525.39355469        17709.19335937          613.99432373 
        4999.44660692            0.50000000         9682.39355469        17847.19335937          625.99432373 
        4999.98879861            0.50000000         9638.39355469        17504.19335937          593.99432373 
        5000.48549814            0.50000000         9589.39355469        17317.19335937          606.99432373 
        5000.96709552            0.50000000         9566.39355469        17092.19335937          593.99432373 
        5001.46400746            0.50000000         9658.39355469        17142.19335937          600.99432373 
        5001.92552231            0.50000000         9584.39355469        17065.19335937          585.99432373 
        5002.45308181            0.50000000         9528.39355469        16993.19335937          580.99432373 
        5002.91987043            0.50000000         9459.39355469        16953.19335937          548.99432373 
        5003.45273462            0.50000000         9558.39355469        17329.19335937          562.99432373 
        5003.96541625            0.50000000         9390.39355469        17174.19335937          572.99432373 
        5004.49852381            0.50000000         9441.39355469        17509.19335937          561.99432373 
        5004.94033552            0.50000000         9394.39355469        17594.19335937          557.99432373 
        5005.45843021            0.50000000         9497.39355469        17924.19335937          579.99432373 
        5005.91058895            0.50000000         9360.39355469        17887.19335937          562.99432373 
        5007.59299644            0.50000000         9353.39355469        18468.19335937          564.99432373 
        5009.40385331            0.50000000         9322.39355469        18861.19335937          596.99432373 
        5011.20086323            0.50000000         9144.39355469        18956.19335937          598.99432373 
        5013.02476533            0.50000000         9101.39355469        19182.19335937          620.99432373 
        5014.83481572            0.50000000         8999.39355469        19257.19335937          621.99432373 
        5016.80965250            0.50000000         8969.39355469        19472.19335937          628.99432373 
        5018.75042204            0.50000000         8852.39355469        19351.19335937          625.99432373 
        5020.78999541            0.50000000         8852.39355469        19398.19335937          616.99432373 
        5022.78019484            0.50000000         8770.39355469        19290.19335937          616.99432373 
        5024.87457660            0.50000000         8657.39355469        19182.19335937          603.99432373 
        5026.90933386            0.50000000         8616.39355469        19158.19335937          601.99432373 
        5029.05880037            0.50000000         8469.39355469        18833.19335937          559.99432373 
        5031.18972547            0.50000000         8514.39355469        18927.19335937          582.99432373 
        5033.45631525            0.50000000         8449.39355469        18792.19335937          541.99432373 
        5035.73028197            0.50000000         8358.39355469        18568.19335937          523.99432373 
        5038.01164406            0.50000000         8333.39355469        18414.19335937          509.99432373 
        5040.25400337            0.50000000         8156.39404297        17928.19335937          484.99432373 
        5042.64825482            0.50000000         8184.39404297        17949.19335937          473.99432373 
        5045.11217458            0.50000000         8078.39404297        17905.19335937          458.99432373 
        5047.44420937            0.50000000         7996.39404297        17897.19335937          457.99432373 
        5049.97539323            0.50000000         7950.39404297        17995.19335937          478.99432373 
        5052.42120817            0.50000000         7763.39404297        17818.19335937          479.99432373 
        5054.93707924            0.50000000         7794.39404297        17941.19335937          476.99432373 
        5057.56479853            0.50000000         7670.39404297        17768.19335937          487.99432373 
        5060.14868081            0.50000000         7585.39404297        17644.19335937          492.99432373 
        5062.77710442            0.50000000         7502.39404297        17593.19335937          488.99432373 
        5065.54406493            0.50000000         7433.39404297        17522.19335937          509.99432373 
        5068.24124255            0.50000000         7305.39404297        17433.19335937          509.99432373 
        5071.05652849            0.50000000         7090.39404297        17130.19335937          493.99432373 
        5073.95371582            0.50000000         7161.39404297        17357.19335937          475.99432373 
        5076.77068411            0.50000000         7015.39404297        17330.19335937          484.99432373 
        5079.65925470            0.50000000         6788.39404297        16937.19335937          429.99432373 
        5082.69847365            0.50000000         6792.39404297        17155.19335937          432.99432373 
        5085.71010044            0.50000000         6677.39404297        17020.19335937          412.99432373 
        5088.68875429            0.50000000         6667.39404297        17045.19335937          403.99432373 
        5091.81885086            0.50000000         6568.39404297        17073.19335937          393.99432373 
        5094.94258274            0.50000000         6440.39404297        16938.19335937          382.99432373 
        5098.04405440            0.50000000         6373.39404297        16963.19335937          418.99432373 
        5101.22905218            0.50000000         6275.39404297        17004.19335937          408.99432373 
        5104.50321003            0.50000000         6181.39404297        16947.19335937          425.99432373 
        5107.78194517            0.50000000         6145.39404297        16962.19335937          446.99432373 
        5111.05995038            0.50000000         6129.39404297        17011.19335937          447.99432373 
        5114.39045271            0.50000000         6067.39404297        16915.19335937          443.99432373 
        5117.77366549            0.50000000         5939.39404297        16844.19335937          446.99432373 
        5121.17242953            0.50000000         5822.39404297        16729.19335937          446.99432373 
        5124.60284295            0.50000000         5717.39404297        16488.19335937          429.99432373 
        5128.08109834            0.50000000         5783.39404297        16801.19335937          438.99432373 
        5131.61275934            0.50000000         5583.39404297        16275.19433594          433.99432373 
        5135.13897069            0.50000000         5515.39404297        16389.19335937          443.99432373 
        5138.71886720            0.50000000         5346.39404297        16035.19433594          405.99432373 
        5142.42272008            0.50000000         5378.39404297        16209.19433594          425.99432373 
        5145.98668794            0.50000000         5098.39404297        15667.19433594          397.99432373 
        5149.70193983            0.50000000         5036.39404297        15632.19433594          385.99432373 
        5153.42843777            0.50000000         4963.39404297        15495.19433594          390.99432373 
        5157.18248472            0.50000000         4828.39404297        15356.19433594          374.99432373 
        5161.03478849            0.50000000         4759.39404297        15310.19433594          390.99432373 
        5164.84983618            0.50000000         4585.39404297        14942.19433594          389.99432373 
        5168.74728178            0.50000000         4537.39404297        15038.19433594          398.99432373 
        5172.70023049            0.50000000         4390.39404297        14634.19433594          386.99432373 
        5176.54496650            0.50000000         4234.39404297        14383.19433594          387.99432373 
        5180.56015224            0.50000000         3408.39404297        11755.19433594          333.99432373 
        5184.54371529            0.50000000         4156.39404297        14335.19433594          400.99432373 
        5188.53942501            0.50000000         3981.39404297        14046.19433594          387.99432373 
        5192.70690048            0.50000000         3852.39404297        13719.19433594          399.99432373 
        5196.83754631            0.50000000         3680.39404297        13258.19433594          365.99432373 
        5200.94219583            0.50000000         3541.39404297        12910.19433594          371.99432373 
        5205.15344710            0.50000000         3382.39404297        12312.19433594          346.99432373 
        5208.92884851            0.50000000         3186.39404297        11735.19433594          330.99432373 
