# 1-D Scan File created by LabVIEW Control Panel  12/6/2011  2:56:57 AM; Scan time 0 hrs 4 min 28 sec. 
#
# Beamline 20 BM
#
# Scan config: 
#                 E0: 4966.00 eV   223 points
#        Scan bounds:  -100.00 -30.00 40.00 243.35 (7.99 (k))
#       Scan step(s):  5.00 0.50 0.07
#  Integration times:  0.50 0.50 0.50    kwgt in EXAFS region: 0.0 
#
# User Comment:
# 50oC
#
#
# Amplifier Sensitivities:
# Preslit: 20 nA/V  I0: 20 nA/V  I: 100 pA/V  IREF: 50 pA/V  
#
# Analog Input Voltages at start/end of scan:
# Preslit: 0.033/0.030  I0: 0.448/0.203  Ignore: 0.013/0.005  I: 0.774/0.485  IREF: 0.220/0.135  
#
# Mono Info:
# 
#
# ID Info:
# 
#
# Slit Info:
# Kappa S1:  Center is at -542 (H), 500 (V)   Size is 8000 wide x 2000 high
# Vacuum Slits:  Center is at 850 (H), -25 (V)   Size is 899 wide x 1000 high
#
# Motor Positions:
# SMV (20bm:m29): -37594.243125 SMH (20bm:m30): 4802.187500 
#
# Detector Names/PVs:
# I0/20bm:scaler1_netA.C  I/20bm:scaler1_netA.E  IREF/20bm:scaler1_netA.F  
#
# Positioner names/Drive PVs/Readback PVs:
# Mono Energy */20bm:monoE.VAL/20bm:EnctoE.VAL  Scaler preset time */20bm:scaler1.TP/  
# Here is a readable list of column headings:
#  1) Mono Energy *        
#  2) Scaler preset time * 
#  3) I0                   
#  4) I                    
#  5) IREF                 
#
# Column Headings:
#Mono Energy *        Scaler preset time * I0                   I                    IREF                 
        4865.38658797            0.50000000        17628.39453125        33667.19531250         4644.99414062 
        4870.45241530            0.50000000        17419.39453125        33440.19531250         4560.99414062 
        4875.46271053            0.50000000        17393.39453125        33611.19531250         4500.99414062 
        4880.54201781            0.50000000        17199.39453125        33666.19531250         4430.99414062 
        4885.58960585            0.50000000        16982.39453125        33545.19531250         4294.99414062 
        4890.57624875            0.50000000        16920.39453125        33633.19531250         4264.99414062 
        4895.66118128            0.50000000        16852.39453125        33881.19531250         4225.99414062 
        4900.77228306            0.50000000        16733.39453125        34010.19531250         4152.99414062 
        4905.80760651            0.50000000        16567.39453125        33891.19531250         4096.99414062 
        4910.81531763            0.50000000        16526.39453125        34223.19531250         4078.99438477 
        4915.82937170            0.50000000        16236.39355469        34040.19531250         3981.99438477 
        4920.85466623            0.50000000        16294.39355469        34465.19531250         3999.99438477 
        4925.89123776            0.50000000        16110.39355469        34476.19531250         3961.99438477 
        4930.89979604            0.50000000        16019.39355469        34699.19531250         3940.99438477 
        4935.96879711            0.50000000        15887.39355469        34837.19531250         3912.99438477 
        4936.48125336            0.50000000        16008.39355469        35212.19531250         3947.99438477 
        4936.94946433            0.50000000        16015.39355469        35216.19531250         3954.99438477 
        4937.44735323            0.50000000        16024.39355469        35303.19531250         3942.99438477 
        4937.92562734            0.50000000        15905.39355469        35141.19531250         3899.99438477 
        4938.43852885            0.50000000        15946.39355469        35195.19531250         3921.99438477 
        4938.95154708            0.50000000        15927.39355469        35133.19531250         3925.99438477 
        4939.44987848            0.50000000        15886.39355469        35272.19531250         3935.99438477 
        4939.99274098            0.50000000        15861.39355469        35079.19531250         3907.99438477 
        4940.47155546            0.50000000        15914.39355469        35311.19531250         3899.99438477 
        4940.98009864            0.50000000        15891.39355469        35388.19531250         3939.99438477 
        4941.44924499            0.50000000        15757.39355469        35081.19531250         3865.99438477 
        4941.94318868            0.50000000        15797.39355469        35212.19531250         3876.99438477 
        4942.43229949            0.50000000        15863.39355469        35341.19531250         3914.99438477 
        4942.97588032            0.50000000        15765.39355469        35229.19531250         3877.99438477 
        4943.47015837            0.50000000        15735.39355469        35141.19531250         3898.99438477 
        4944.02387833            0.50000000        15843.39355469        35437.19531250         3914.99438477 
        4944.46893032            0.50000000        15703.39355469        35217.19531250         3860.99438477 
        4945.00310856            0.50000000        15695.39355469        35206.19531250         3867.99438477 
        4945.46814437            0.50000000        15647.39355469        35205.19531250         3838.99438477 
        4945.96296847            0.50000000        15639.39355469        35250.19531250         3852.99438477 
        4946.43315182            0.50000000        15724.39355469        35308.19531250         3883.99438477 
        4946.99255003            0.50000000        15661.39355469        35369.19531250         3868.99438477 
        4947.47780404            0.50000000        15626.39355469        35220.19531250         3886.99438477 
        4948.05232107            0.50000000        15667.39355469        35443.19531250         3935.99438477 
        4948.47835043            0.50000000        15606.39355469        35387.19531250         3887.99438477 
        4949.02338881            0.50000000        15565.39355469        35291.19531250         3887.99438477 
        4949.47934006            0.50000000        15649.39355469        35538.19531250         3911.99438477 
        4949.98991638            0.50000000        15594.39355469        35487.19531250         3877.99438477 
        4950.44606265            0.50000000        15594.39355469        35503.19531250         3886.99438477 
        4951.01637495            0.50000000        15663.39355469        35655.19531250         3901.99438477 
        4951.48761103            0.50000000        15596.39355469        35573.19531250         3882.99438477 
        4952.08299700            0.50000000        15676.39355469        35729.19531250         3917.99438477 
        4952.48497116            0.50000000        15655.39355469        35704.19531250         3899.99438477 
        4953.03097639            0.50000000        15620.39355469        35646.19531250         3903.99438477 
        4953.49270183            0.50000000        15656.39355469        35880.19531250         3893.99438477 
        4954.00418517            0.50000000        15570.39355469        35771.19531250         3887.99438477 
        4954.44623964            0.50000000        15606.39355469        35749.19531250         3865.99438477 
        4955.02749883            0.50000000        15655.39355469        35942.19531250         3923.99438477 
        4955.49957126            0.50000000        15554.39355469        35799.19531250         3885.99438477 
        4956.08110105            0.50000000        15619.39355469        36092.19531250         3898.99438477 
        4956.49372988            0.50000000        15436.39355469        35634.19531250         3841.99438477 
        4957.04567635            0.50000000        15523.39355469        35870.19531250         3875.99438477 
        4957.49329930            0.50000000        15501.39355469        35800.19531250         3885.99438477 
        4958.03056366            0.50000000        15525.39355469        35905.19531250         3922.99438477 
        4958.45350026            0.50000000        15508.39355469        35900.19531250         3860.99438477 
        4959.02583431            0.50000000        15535.39355469        36097.19531250         3873.99438477 
        4959.49376261            0.50000000        15494.39355469        35967.19531250         3858.99438477 
        4960.08129880            0.50000000        15496.39355469        36066.19531250         3884.99438477 
        4960.49465706            0.50000000        15425.39355469        35897.19531250         3830.99438477 
        4961.03761559            0.50000000        15602.39355469        36318.19531250         3872.99438477 
        4961.48602802            0.50000000        15342.39355469        35793.19531250         3754.99438477 
        4962.01925603            0.50000000        15614.39355469        36426.19531250         3880.99438477 
        4962.44792274            0.50000000        15413.39355469        36092.19531250         3787.99438477 
        4963.03123900            0.50000000        15594.39355469        36425.19531250         3854.99438477 
        4963.49500771            0.50000000        15359.39355469        35997.19531250         3764.99438477 
        4964.09854770            0.50000000        15428.39355469        36109.19531250         3725.99438477 
        4964.48769169            0.50000000        15331.39355469        36080.19531250         3657.99438477 
        4965.03160731            0.50000000        15415.39355469        36139.19531250         3549.99438477 
        4965.48580190            0.50000000        15284.39355469        36016.19531250         3392.99438477 
        4966.02496404            0.50000000        15414.39355469        36188.19531250         2986.99438477 
        4966.43441345            0.50000000        15290.39355469        36092.19531250         2340.99438477 
        4967.02375081            0.50000000        15340.39355469        35984.19531250         2004.99438477 
        4967.48334036            0.50000000        15266.39355469        35891.19531250         2123.99438477 
        4968.08294485            0.50000000        15394.39355469        36022.19531250         2445.99438477 
        4968.47277270            0.50000000        15254.39355469        35745.19531250         2524.99438477 
        4969.02264369            0.50000000        15363.39355469        35694.19531250         2525.99438477 
        4969.47763762            0.50000000        15192.39355469        35306.19531250         2392.99438477 
        4970.01774873            0.50000000        15334.39355469        35362.19531250         2280.99438477 
        4970.42791887            0.50000000        15219.39355469        35068.19531250         2157.99438477 
        4971.01829371            0.50000000        15265.39355469        34854.19531250         2081.99438477 
        4971.48369726            0.50000000        15188.39355469        34966.19531250         2026.99438477 
        4972.08435884            0.50000000        15242.39355469        35211.19531250         2022.99438477 
        4972.46986700            0.50000000        15190.39355469        35263.19531250         2005.99438477 
        4973.02571462            0.50000000        15271.39355469        35380.19531250         1939.99438477 
        4973.47149245            0.50000000        15181.39355469        35273.19531250         1855.99438477 
        4974.01255376            0.50000000        15210.39355469        34857.19531250         1726.99438477 
        4974.42344557            0.50000000        15165.39355469        34510.19531250         1659.99438477 
        4975.01987187            0.50000000        15176.39355469        33697.19531250         1531.99438477 
        4975.47606813            0.50000000        15094.39355469        32997.19531250         1441.99438477 
        4976.07277057            0.50000000        15284.39355469        32514.19335937         1398.99438477 
        4976.46397139            0.50000000        15039.39355469        31630.19335937         1290.99438477 
        4977.01076217            0.50000000        15241.39355469        31605.19335937         1262.99438477 
        4977.47237593            0.50000000        15062.39355469        30958.19335937         1203.99438477 
        4978.00435139            0.50000000        15204.39355469        30923.19335937         1162.99438477 
        4978.41596489            0.50000000        15041.39355469        30303.19335937         1132.99438477 
        4979.00339599            0.50000000        15087.39355469        30241.19335937         1078.99438477 
        4979.47043656            0.50000000        15088.39355469        30024.19335937         1058.99438477 
        4980.06818737            0.50000000        15091.39355469        29772.19335937         1028.99438477 
        4980.46007558            0.50000000        15035.39355469        29374.19335937         1001.99432373 
        4981.01787894            0.50000000        15052.39355469        29014.19335937          977.99432373 
        4981.47527912            0.50000000        15087.39355469        28622.19335937          946.99432373 
        4982.00316272            0.50000000        15054.39355469        27938.19335937          957.99432373 
        4982.42052871            0.50000000        15052.39355469        27330.19335937          943.99432373 
        4982.99893329            0.50000000        15097.39355469        26517.19335937          933.99432373 
        4983.46679395            0.50000000        14943.39355469        25419.19335937          891.99432373 
        4984.04043163            0.50000000        15010.39355469        24454.19335937          875.99432373 
        4984.45817096            0.50000000        14959.39355469        23585.19335937          857.99432373 
        4985.00185004            0.50000000        14964.39355469        22782.19335937          821.99432373 
        4985.46005067            0.50000000        14978.39355469        22215.19335937          840.99432373 
        4985.97878448            0.50000000        14888.39355469        21610.19335937          830.99432373 
        4986.42206804            0.50000000        15010.39355469        21427.19335937          807.99432373 
        4986.99141081            0.50000000        14944.39355469        21079.19335937          813.99432373 
        4987.46513168            0.50000000        14879.39355469        20908.19335937          816.99432373 
        4988.04985905            0.50000000        14936.39355469        20997.19335937          810.99432373 
        4988.46329124            0.50000000        14803.39355469        20968.19335937          793.99432373 
        4988.99783900            0.50000000        14874.39355469        21313.19335937          813.99432373 
        4989.46188765            0.50000000        14752.39355469        21488.19335937          810.99432373 
        4989.97144103            0.50000000        14751.39355469        21875.19335937          820.99432373 
        4990.41550109            0.50000000        14773.39355469        22357.19335937          794.99432373 
        4990.98584129            0.50000000        14748.39355469        22807.19335937          834.99432373 
        4991.46039215            0.50000000        14707.39355469        23161.19335937          835.99432373 
        4992.01584291            0.50000000        14734.39355469        23675.19335937          819.99432373 
        4992.45524966            0.50000000        14684.39355469        23964.19335937          835.99432373 
        4992.98568077            0.50000000        14614.39355469        24156.19335937          821.99432373 
        4993.45054073            0.50000000        14692.39355469        24415.19335937          824.99432373 
        4993.94076728            0.50000000        14579.39355469        24380.19335937          819.99432373 
        4994.42604354            0.50000000        14601.39355469        24514.19335937          804.99432373 
        4994.96198916            0.50000000        14701.39355469        24685.19335937          842.99432373 
        4995.44748237            0.50000000        14668.39355469        24574.19335937          850.99432373 
        4996.00390349            0.50000000        14510.39355469        24232.19335937          831.99432373 
        4996.47443794            0.50000000        14622.39355469        24286.19335937          831.99432373 
        4996.97543589            0.50000000        14578.39355469        24075.19335937          805.99432373 
        4997.45123255            0.50000000        14479.39355469        23789.19335937          769.99432373 
        4997.92206499            0.50000000        14540.39355469        23673.19335937          790.99432373 
        4998.44363774            0.50000000        14448.39355469        23329.19335937          782.99432373 
        4998.95519838            0.50000000        14379.39355469        23015.19335937          755.99432373 
        4999.45167354            0.50000000        14526.39355469        23074.19335937          748.99432373 
        4999.99386642            0.50000000        14503.39355469        22870.19335937          728.99432373 
        5000.48549814            0.50000000        14418.39355469        22674.19335937          725.99432373 
        5000.96709552            0.50000000        14381.39355469        22581.19335937          735.99432373 
        5001.46400746            0.50000000        14530.39355469        22790.19335937          745.99432373 
        5001.92552231            0.50000000        14442.39355469        22794.19335937          737.99432373 
        5002.45308181            0.50000000        14440.39355469        22844.19335937          729.99432373 
        5002.91987043            0.50000000        14337.39355469        22834.19335937          717.99432373 
        5003.45273462            0.50000000        14406.39355469        23215.19335937          749.99432373 
        5003.96541625            0.50000000        14234.39355469        23106.19335937          707.99432373 
        5004.50360162            0.50000000        14314.39355469        23488.19335937          720.99432373 
        5004.93525674            0.50000000        14211.39355469        23622.19335937          693.99432373 
        5005.46351015            0.50000000        14353.39355469        24066.19335937          727.99432373 
        5005.91058895            0.50000000        14210.39355469        24150.19335937          722.99432373 
        5007.58791178            0.50000000        14182.39355469        25046.19335937          727.99432373 
        5009.38858730            0.50000000        14140.39355469        25656.19335937          761.99432373 
        5011.19067790            0.50000000        13926.39355469        25749.19335937          775.99432373 
        5013.01457191            0.50000000        13890.39355469        25803.19335937          789.99432373 
        5014.82461425            0.50000000        13743.39355469        25565.19335937          771.99432373 
        5016.79944226            0.50000000        13730.39355469        25558.19335937          776.99432373 
        5018.74531260            0.50000000        13614.39355469        25518.19335937          767.99432373 
        5020.78488144            0.50000000        13585.39355469        25790.19335937          791.99432373 
        5022.77507644            0.50000000        13565.39355469        26056.19335937          784.99432373 
        5024.86945353            0.50000000        13411.39355469        26037.19335937          787.99432373 
        5026.90420627            0.50000000        13313.39355469        25959.19335937          785.99432373 
        5029.04853562            0.50000000        13182.39355469        25674.19335937          762.99432373 
        5031.18458834            0.50000000        13192.39355469        25638.19335937          729.99432373 
        5033.45631525            0.50000000        13148.39355469        25437.19335937          710.99432373 
        5035.72513472            0.50000000        13068.39355469        25072.19335937          681.99432373 
        5038.00649172            0.50000000        13000.39355469        24692.19335937          641.99432373 
        5040.25916073            0.50000000        12756.39355469        24128.19335937          614.99432373 
        5042.64309213            0.50000000        12802.39355469        24237.19335937          612.99432373 
        5045.10700638            0.50000000        12659.39355469        24274.19335937          612.99432373 
        5047.44420937            0.50000000        12541.39355469        24368.19335937          597.99432373 
        5049.97539323            0.50000000        12504.39355469        24448.19335937          649.99432373 
        5052.42639273            0.50000000        12215.39355469        24076.19335937          639.99432373 
        5054.94226943            0.50000000        12185.39355469        24184.19335937          654.99432373 
        5057.56999460            0.50000000        12104.39355469        24276.19335937          654.99432373 
        5060.15908454            0.50000000        12016.39355469        24332.19335937          657.99432373 
        5062.79272772            0.50000000        11862.39355469        24304.19335937          673.99432373 
        5065.55970684            0.50000000        11799.39355469        24324.19335937          665.99432373 
        5068.26212267            0.50000000        11714.39355469        24377.19335937          684.99432373 
        5071.06175482            0.50000000        11380.39355469        24022.19335937          688.99432373 
        5073.95894866            0.50000000        11474.39355469        24391.19335937          667.99432373 
        5076.78116247            0.50000000        11291.39355469        24333.19335937          661.99432373 
        5079.66974605            0.50000000        11017.39355469        23942.19335937          625.99432373 
        5082.70897868            0.50000000        10971.39355469        24180.19335937          604.99432373 
        5085.72061903            0.50000000        10783.39355469        24062.19335937          579.99432373 
        5088.69928631            0.50000000        10820.39355469        24252.19335937          564.99432373 
        5091.84521627            0.50000000        10598.39355469        24007.19335937          549.99432373 
        5094.95842309            0.50000000        10441.39355469        23880.19335937          544.99432373 
        5098.05991575            0.50000000        10333.39355469        23839.19335937          563.99432373 
        5101.23964079            0.50000000        10129.39355469        23764.19335937          563.99432373 
        5104.50851173            0.50000000        10049.39355469        23858.19335937          611.99432373 
        5107.77663607            0.50000000         9916.39355469        23764.19335937          622.99432373 
        5111.05995038            0.50000000         9890.39355469        23851.19335937          623.99432373 
        5114.39045271            0.50000000         9763.39355469        23659.19335937          616.99432373 
        5117.77366549            0.50000000         9634.39355469        23598.19335937          620.99432373 
        5121.17242953            0.50000000         9377.39355469        23274.19335937          604.99432373 
        5124.60284295            0.50000000         9255.39355469        23003.19335937          593.99432373 
        5128.07574324            0.50000000         9383.39355469        23563.19335937          632.99432373 
        5131.60203310            0.50000000         9156.39355469        23219.19335937          611.99432373 
        5135.13359955            0.50000000         9046.39355469        23337.19335937          598.99432373 
        5138.71348792            0.50000000         8933.39355469        23203.19335937          604.99432373 
        5142.41194465            0.50000000         8846.39355469        23216.19335937          606.99432373 
        5145.97589628            0.50000000         8488.39355469        22663.19335937          557.99432373 
        5149.69113124            0.50000000         8400.39355469        22662.19335937          553.99432373 
        5153.42302496            0.50000000         8341.39355469        22595.19335937          553.99432373 
        5157.17164198            0.50000000         8170.39404297        22576.19335937          564.99432373 
        5161.02935832            0.50000000         8046.39404297        22458.19335937          569.99432373 
        5164.84439729            0.50000000         7792.39404297        22189.19335937          560.99432373 
        5168.74183397            0.50000000         7745.39404297        22350.19335937          590.99432373 
        5172.69477363            0.50000000         7581.39404297        22019.19335937          579.99432373 
        5176.53403517            0.50000000         7314.39404297        21719.19335937          563.99432373 
        5180.54920250            0.50000000         5940.39404297        17847.19335937          506.99432373 
        5184.54371529            0.50000000         7171.39404297        21687.19335937          596.99432373 
        5188.52843863            0.50000000         7017.39404297        21623.19335937          601.99432373 
        5192.70139770            0.50000000         6765.39404297        21038.19335937          589.99432373 
        5196.82100953            0.50000000         6552.39404297        20678.19335937          585.99432373 
        5200.93115240            0.50000000         6335.39404297        20201.19335937          555.99432373 
        5205.14238426            0.50000000         6093.39404297        19643.19335937          546.99432373 
        5208.91776827            0.50000000         5789.39404297        18792.19335937          500.99432373 
