# 1-D Scan File created by LabVIEW Control Panel  12/5/2011  11:56:12 PM; Scan time 0 hrs 4 min 29 sec. 
#
# Beamline 20 BM
#
# Scan config: 
#                 E0: 4966.00 eV   223 points
#        Scan bounds:  -100.00 -30.00 40.00 243.35 (7.99 (k))
#       Scan step(s):  5.00 0.50 0.07
#  Integration times:  0.50 0.50 0.50    kwgt in EXAFS region: 0.0 
#
# User Comment:
# 50oC
#
#
# Amplifier Sensitivities:
# Preslit: 20 nA/V  I0: 20 nA/V  I: 100 pA/V  IREF: 50 pA/V  
#
# Analog Input Voltages at start/end of scan:
# Preslit: 0.036/0.032  I0: 0.655/0.385  Ignore: 0.017/0.009  I: 0.887/0.827  IREF: 0.234/0.146  
#
# Mono Info:
# 
#
# ID Info:
# 
#
# Slit Info:
# Kappa S1:  Center is at -542 (H), 500 (V)   Size is 8000 wide x 2000 high
# Vacuum Slits:  Center is at 850 (H), -25 (V)   Size is 899 wide x 1000 high
#
# Motor Positions:
# SMV (20bm:m29): -37594.243125 SMH (20bm:m30): 4802.187500 
#
# Detector Names/PVs:
# I0/20bm:scaler1_netA.C  I/20bm:scaler1_netA.E  IREF/20bm:scaler1_netA.F  
#
# Positioner names/Drive PVs/Readback PVs:
# Mono Energy */20bm:monoE.VAL/20bm:EnctoE.VAL  Scaler preset time */20bm:scaler1.TP/  
# Here is a readable list of column headings:
#  1) Mono Energy *        
#  2) Scaler preset time * 
#  3) I0                   
#  4) I                    
#  5) IREF                 
#
# Column Headings:
#Mono Energy *        Scaler preset time * I0                   I                    IREF                 
        4865.40568254            0.50000000        27816.39453125        39232.19531250         5529.99414062 
        4870.46198442            0.50000000        27682.39453125        39403.19531250         5536.99414062 
        4875.46750590            0.50000000        27616.39453125        39671.19531250         5448.99414062 
        4880.54682416            0.50000000        27429.39453125        39804.19531250         5351.99414062 
        4885.60405772            0.50000000        27317.39453125        40009.19531250         5281.99414062 
        4890.59556114            0.50000000        27311.39453125        40365.19531250         5246.99414062 
        4895.68053777            0.50000000        27219.39453125        40673.19531250         5153.99414062 
        4900.79653417            0.50000000        27128.39453125        40905.19531250         5115.99414062 
        4905.82218997            0.50000000        27035.39453125        41219.19531250         5120.99414062 
        4910.83480583            0.50000000        26974.39453125        41508.19531250         5077.99414062 
        4915.84402059            0.50000000        26625.39453125        41425.19531250         4963.99414062 
        4920.87424191            0.50000000        26769.39453125        42116.19531250         4963.99414062 
        4925.91085739            0.50000000        26631.39453125        42368.19531250         4944.99414062 
        4930.92437529            0.50000000        26606.39453125        42909.19531250         4978.99414062 
        4935.98357787            0.50000000        26556.39453125        43333.19531250         4945.99414062 
        4936.49110943            0.50000000        26632.39453125        43492.19531250         4936.99414062 
        4936.96425152            0.50000000        26692.39453125        43630.19531250         4989.99414062 
        4937.46214370            0.50000000        26662.39453125        43667.19531250         4966.99414062 
        4937.94042094            0.50000000        26494.39453125        43430.19531250         4880.99414062 
        4938.44839348            0.50000000        26562.39453125        43518.19531250         4948.99414062 
        4938.96141396            0.50000000        26593.39453125        43647.19531250         4971.99414062 
        4939.45974754            0.50000000        26530.39453125        43591.19531250         4925.99414062 
        4940.01248389            0.50000000        26539.39453125        43590.19531250         4941.99414062 
        4940.48142899            0.50000000        26517.39453125        43580.19531250         4917.99414062 
        4940.99491229            0.50000000        26529.39453125        43810.19531250         4951.99414062 
        4941.46900066            0.50000000        26358.39453125        43627.19531250         4885.99414062 
        4941.96788870            0.50000000        26449.39453125        43803.19531250         4899.99414062 
        4942.44712268            0.50000000        26583.39453125        44048.19531250         4960.99414062 
        4942.99070709            0.50000000        26488.39453125        43925.19531250         4919.99414062 
        4943.47510170            0.50000000        26447.39453125        43945.19531250         4952.99414062 
        4944.03376742            0.50000000        26594.39453125        44223.19531250         5004.99414062 
        4944.48376690            0.50000000        26411.39453125        43993.19531250         4917.99414062 
        4945.01300194            0.50000000        26404.39453125        43939.19531250         4907.99414062 
        4945.48298751            0.50000000        26274.39453125        43845.19531250         4865.99414062 
        4945.98276369            0.50000000        26321.39453125        43935.19531250         4902.99414062 
        4946.44800131            0.50000000        26422.39453125        44115.19531250         4919.99414062 
        4947.00740320            0.50000000        26533.39453125        44448.19531250         4988.99414062 
        4947.49761254            0.50000000        26511.39453125        44553.19531250         5029.99414062 
        4948.07213461            0.50000000        26577.39453125        44626.19531250         4955.99414062 
        4948.49321337            0.50000000        26424.39453125        44496.19531250         4983.99414062 
        4949.03329982            0.50000000        26409.39453125        44489.19531250         4958.99414062 
        4949.49916612            0.50000000        26510.39453125        44713.19531250         4947.99414062 
        4950.01470457            0.50000000        26367.39453125        44510.19531250         4937.99414062 
        4950.46093854            0.50000000        26414.39453125        44657.19531250         4982.99414062 
        4951.03125459            0.50000000        26581.39453125        45009.19531250         5033.99414062 
        4951.50249377            0.50000000        26445.39453125        44827.19531250         4992.99414062 
        4952.09292143            0.50000000        26558.39453125        45046.19531250         4979.99414062 
        4952.49986046            0.50000000        26563.39453125        45113.19531250         5005.99414062 
        4953.04586929            0.50000000        26523.39453125        45081.19531250         5006.99414062 
        4953.50263245            0.50000000        26583.39453125        45235.19531250         5008.99414062 
        4954.02405094            0.50000000        26450.39453125        45137.19531250         4952.99414062 
        4954.46610928            0.50000000        26521.39453125        45249.19531250         4982.99414062 
        4955.03743618            0.50000000        26574.39453125        45415.19531250         4988.99414062 
        4955.50454097            0.50000000        26343.39453125        45142.19531250         4972.99414062 
        4956.10098505            0.50000000        26554.39453125        45516.19531250         5020.99414062 
        4956.50864558            0.50000000        26308.39453125        45140.19531250         4969.99414062 
        4957.05562256            0.50000000        26430.39453125        45362.19531250         4972.99414062 
        4957.50822159            0.50000000        26452.39453125        45449.19531250         4971.99414062 
        4958.04051420            0.50000000        26368.39453125        45364.19531250         4963.99414062 
        4958.46345266            0.50000000        26345.39453125        45397.19531250         4920.99414062 
        4959.03578922            0.50000000        26401.39453125        45623.19531250         4975.99414062 
        4959.50869808            0.50000000        26298.39453125        45384.19531250         4923.99414062 
        4960.09623814            0.50000000        26387.39453125        45700.19531250         4959.99414062 
        4960.50959913            0.50000000        26321.39453125        45539.19531250         4927.99414062 
        4961.04757934            0.50000000        26555.39453125        45988.19531250         4988.99414062 
        4961.50595952            0.50000000        26175.39453125        45429.19531250         4902.99414062 
        4962.03919222            0.50000000        26526.39453125        45999.19531250         4969.99414062 
        4962.46287769            0.50000000        26236.39453125        45662.19531250         4906.99414062 
        4963.03622526            0.50000000        26509.39453125        46106.19531250         4987.99414062 
        4963.50996957            0.50000000        26201.39453125        45705.19531250         4813.99414062 
        4964.11351354            0.50000000        26346.39453125        46007.19531250         4824.99414062 
        4964.50266010            0.50000000        26149.39453125        45831.19531250         4715.99414062 
        4965.04657931            0.50000000        26318.39453125        46002.19531250         4614.99414062 
        4965.49578522            0.50000000        26174.39453125        45837.19531250         4354.99414062 
        4966.03494973            0.50000000        26250.39453125        45923.19531250         3821.99438477 
        4966.45438849            0.50000000        26143.39453125        45862.19531250         3051.99438477 
        4967.03873596            0.50000000        26206.39453125        45805.19531250         2672.99438477 
        4967.49832854            0.50000000        26100.39453125        45653.19531250         2823.99438477 
        4968.09793699            0.50000000        26223.39453125        45805.19531250         3196.99438477 
        4968.48776741            0.50000000        26102.39453125        45483.19531250         3314.99438477 
        4969.03764204            0.50000000        26186.39453125        45339.19531250         3297.99438477 
        4969.48763851            0.50000000        26123.39453125        45132.19531250         3144.99438477 
        4970.02775200            0.50000000        26228.39453125        45104.19531250         3009.99438477 
        4970.44292650            0.50000000        26100.39453125        44709.19531250         2871.99438477 
        4971.03330524            0.50000000        26191.39453125        44687.19531250         2809.99438477 
        4971.49370698            0.50000000        26042.39453125        44781.19531250         2711.99438477 
        4972.09437122            0.50000000        26163.39453125        45134.19531250         2696.99438477 
        4972.48488812            0.50000000        26098.39453125        45152.19531250         2673.99438477 
        4973.03573114            0.50000000        26119.39453125        45223.19531250         2562.99438477 
        4973.48151094            0.50000000        26022.39453125        44874.19531250         2442.99438477 
        4974.02257462            0.50000000        26088.39453125        44518.19531250         2331.99438477 
        4974.43847960            0.50000000        25977.39453125        43897.19531250         2179.99438477 
        4975.02989718            0.50000000        26065.39453125        43018.19531250         2059.99438477 
        4975.48609545            0.50000000        25972.39453125        42032.19531250         1960.99438477 
        4976.07778554            0.50000000        26192.39453125        41353.19531250         1875.99438477 
        4976.47400307            0.50000000        25822.39453125        40198.19531250         1757.99438477 
        4977.02079626            0.50000000        26188.39453125        40270.19531250         1742.99438477 
        4977.48241205            0.50000000        25964.39453125        39527.19531250         1650.99438477 
        4978.01438986            0.50000000        26180.39453125        39459.19531250         1599.99438477 
        4978.43102534            0.50000000        25913.39453125        38733.19531250         1552.99438477 
        4979.01343887            0.50000000        26112.39453125        38763.19531250         1510.99438477 
        4979.49052647            0.50000000        25928.39453125        38285.19531250         1468.99438477 
        4980.08325875            0.50000000        26111.39453125        38267.19531250         1440.99438477 
        4980.48017423            0.50000000        25914.39453125        37710.19531250         1401.99438477 
        4981.03295660            0.50000000        25912.39453125        37141.19531250         1358.99438477 
        4981.49035981            0.50000000        25961.39453125        36708.19531250         1356.99438477 
        4982.01824690            0.50000000        25879.39453125        35766.19531250         1302.99438477 
        4982.43058667            0.50000000        25940.39453125        34982.19531250         1284.99438477 
        4983.00899379            0.50000000        25919.39453125        33773.19531250         1267.99438477 
        4983.48691914            0.50000000        25788.39453125        32472.19335937         1231.99438477 
        4984.05552931            0.50000000        25878.39453125        31166.19335937         1229.99438477 
        4984.47830491            0.50000000        25802.39453125        30069.19335937         1192.99438477 
        4985.01191939            0.50000000        25846.39453125        29028.19335937         1188.99438477 
        4985.47515775            0.50000000        25843.39453125        28260.19335937         1164.99438477 
        4985.99389500            0.50000000        25723.39453125        27513.19335937         1165.99438477 
        4986.43214366            0.50000000        25844.39453125        27223.19335937         1137.99438477 
        4987.00652804            0.50000000        25769.39453125        26839.19335937         1184.99438477 
        4987.48025205            0.50000000        25750.39453125        26750.19335937         1161.99438477 
        4988.05994187            0.50000000        25816.39453125        26936.19335937         1173.99438477 
        4988.47841822            0.50000000        25681.39453125        27034.19335937         1144.99438477 
        4989.00792601            0.50000000        25797.39453125        27557.19335937         1183.99438477 
        4989.47702126            0.50000000        25630.39453125        27864.19335937         1165.99438477 
        4989.98657802            0.50000000        25623.39453125        28455.19335937         1157.99438477 
        4990.42559437            0.50000000        25637.39453125        29071.19335937         1204.99438477 
        4991.00098500            0.50000000        25624.39453125        29727.19335937         1182.99438477 
        4991.47553902            0.50000000        25513.39453125        30150.19335937         1182.99438477 
        4992.03604366            0.50000000        25585.39453125        30852.19335937         1215.99438477 
        4992.47040313            0.50000000        25527.39453125        31111.19335937         1193.99438477 
        4993.00589011            0.50000000        25495.39453125        31454.19335937         1207.99438477 
        4993.47075418            0.50000000        25586.39453125        31747.19335937         1188.99438477 
        4993.95593060            0.50000000        25447.39453125        31752.19335937         1203.99438477 
        4994.43109904            0.50000000        25474.39453125        31861.19335937         1188.99438477 
        4994.97715927            0.50000000        25596.39453125        32004.19335937         1196.99438477 
        4995.46265570            0.50000000        25475.39453125        31838.19335937         1168.99438477 
        4996.01908050            0.50000000        25349.39453125        31516.19335937         1158.99438477 
        4996.48961808            0.50000000        25538.39453125        31621.19335937         1166.99438477 
        4996.99061936            0.50000000        25478.39453125        31294.19335937         1161.99438477 
        4997.47148141            0.50000000        25323.39453125        30940.19335937         1135.99438477 
        4997.94231803            0.50000000        25459.39453125        30833.19335937         1130.99438477 
        4998.45376654            0.50000000        25337.39453125        30398.19335937         1099.99438477 
        4998.97546057            0.50000000        25266.39453125        30023.19335937         1076.99438477 
        4999.46180681            0.50000000        25434.39453125        30053.19335937         1080.99438477 
        5000.00906995            0.50000000        25467.39453125        29877.19335937         1068.99438477 
        5000.50070493            0.50000000        25333.39453125        29735.19335937         1053.99438477 
        5000.97723550            0.50000000        25244.39453125        29557.19335937         1031.99438477 
        5001.47922075            0.50000000        25442.39453125        29839.19335937         1043.99438477 
        5001.93566654            0.50000000        25340.39453125        29867.19335937         1025.99438477 
        5002.45815509            0.50000000        25277.39453125        29933.19335937         1034.99438477 
        5002.93509340            0.50000000        25183.39453125        29983.19335937         1039.99438477 
        5003.47303666            0.50000000        25275.39453125        30422.19335937         1040.99438477 
        5003.98572284            0.50000000        25022.39453125        30344.19335937         1019.99432373 
        5004.50867945            0.50000000        25156.39453125        30947.19335937         1040.99438477 
        5004.95557193            0.50000000        25048.39453125        31090.19335937         1030.99438477 
        5005.47875003            0.50000000        25232.39453125        31682.19335937         1044.99438477 
        5005.92583181            0.50000000        24999.39453125        31796.19335937         1009.99432373 
        5007.59808111            0.50000000        25100.39453125        33170.19531250         1031.99438477 
        5009.40385331            0.50000000        25053.39453125        33998.19531250         1076.99438477 
        5011.20086323            0.50000000        24833.39453125        34289.19531250         1122.99438477 
        5013.02986206            0.50000000        24775.39453125        34401.19531250         1095.99438477 
        5014.83991647            0.50000000        24628.39453125        34121.19531250         1096.99438477 
        5016.80965250            0.50000000        24710.39453125        34288.19531250         1130.99438477 
        5018.75553150            0.50000000        24529.39453125        34193.19531250         1118.99438477 
        5020.79510940            0.50000000        24495.39453125        34636.19531250         1139.99438477 
        5022.78019484            0.50000000        24493.39453125        35044.19531250         1111.99438477 
        5024.87457660            0.50000000        24320.39453125        35102.19531250         1115.99438477 
        5026.91958908            0.50000000        24284.39453125        35197.19531250         1084.99438477 
        5029.05880037            0.50000000        24069.39453125        34847.19531250         1092.99438477 
        5031.19999976            0.50000000        24170.39453125        35005.19531250         1074.99438477 
        5033.47174186            0.50000000        24176.39453125        34842.19531250         1045.99438477 
        5035.74057651            0.50000000        23951.39453125        34159.19531250          988.99432373 
        5038.01164406            0.50000000        23959.39453125        33763.19531250          948.99432373 
        5040.26947548            0.50000000        23694.39453125        33234.19531250          917.99432373 
        5042.64825482            0.50000000        23780.39453125        33540.19531250          934.99432373 
        5045.11734279            0.50000000        23628.39453125        33667.19531250          917.99432373 
        5047.45455623            0.50000000        23490.39453125        33737.19531250          910.99432373 
        5049.98575141            0.50000000        23478.39453125        34101.19531250          922.99432373 
        5052.43676187            0.50000000        23145.39453125        33702.19531250          943.99432373 
        5054.96303029            0.50000000        23113.39453125        33960.19531250          967.99432373 
        5057.57519068            0.50000000        22995.39453125        34052.19531250          979.99432373 
        5060.16948832            0.50000000        22917.39453125        34400.19531250          975.99432373 
        5062.79793550            0.50000000        22700.39453125        34395.19531250          974.99432373 
        5065.57013484            0.50000000        22617.39453125        34594.19531250          985.99432373 
        5068.27778288            0.50000000        22535.39453125        34728.19531250         1011.99432373 
        5071.08266027            0.50000000        22163.39453125        34465.19531250          980.99432373 
        5073.96941438            0.50000000        22355.39453125        35161.19531250          999.99432373 
        5076.79164087            0.50000000        22053.39453125        35060.19531250          977.99432373 
        5079.68548317            0.50000000        21735.39453125        34836.19531250          950.99432373 
        5082.72473631            0.50000000        21769.39453125        35324.19531250          921.99432373 
        5085.73639701            0.50000000        21558.39453125        35395.19531250          890.99432373 
        5088.72561655            0.50000000        21628.39453125        35782.19531250          875.99432373 
        5091.85048939            0.50000000        21448.39453125        35743.19531250          862.99432373 
        5094.97954372            0.50000000        21211.39453125        35598.19531250          858.99432373 
        5098.08635157            0.50000000        21153.39453125        35884.19531250          859.99432373 
        5101.25552379            0.50000000        20941.39453125        35980.19531250          895.99432373 
        5104.52971864            0.50000000        20781.39453125        36201.19531250          938.99432373 
        5107.80849085            0.50000000        20652.39453125        36285.19531250          956.99432373 
        5111.08653314            0.50000000        20679.39453125        36563.19531250          976.99432373 
        5114.41707317            0.50000000        20538.39453125        36615.19531250          989.99432373 
        5117.78966073            0.50000000        20152.39453125        36133.19531250          981.99432373 
        5121.19378736            0.50000000        19891.39453125        35966.19531250          966.99432373 
        5124.62423191            0.50000000        19791.39453125        36090.19531250          987.99432373 
        5128.09716373            0.50000000        19897.39453125        36584.19531250          975.99432373 
        5131.62348564            0.50000000        19595.39453125        36355.19531250          993.99432373 
        5135.13897069            0.50000000        19336.39453125        36350.19531250          975.99432373 
        5138.72962582            0.50000000        19222.39453125        36449.19531250          953.99432373 
        5142.42810781            0.50000000        19159.39453125        36625.19531250          945.99432373 
        5145.99208379            0.50000000        18610.39453125        36087.19531250          915.99432373 
        5149.70734415            0.50000000        18556.39453125        36343.19531250          911.99432373 
        5153.43926342            0.50000000        18380.39453125        36393.19531250          896.99432373 
        5157.18790611            0.50000000        18136.39453125        36471.19531250          920.99432373 
        5161.03478849            0.50000000        17998.39453125        36631.19531250          932.99432373 
        5164.86071401            0.50000000        17645.39453125        36490.19531250          952.99432373 
        5168.74728178            0.50000000        17609.39453125        36933.19531250          939.99432373 
        5172.70568737            0.50000000        17337.39453125        36849.19531250          965.99432373 
        5176.55043219            0.50000000        16950.39453125        36591.19531250          995.99432373 
        5180.56015224            0.50000000        14018.39355469        30760.19335937          869.99432373 
        5184.55468336            0.50000000        16965.39453125        37305.19531250         1030.99438477 
        5188.55041144            0.50000000        16547.39453125        37055.19531250         1026.99438477 
        5192.71240326            0.50000000        16170.39355469        36616.19531250          998.99432373 
        5196.83754631            0.50000000        15780.39355469        36194.19531250         1003.99432373 
        5200.95323931            0.50000000        15496.39355469        35991.19531250          998.99432373 
        5205.14791567            0.50000000        15131.39355469        35589.19531250          992.99432373 
        5208.92884851            0.50000000        14503.39355469        34586.19531250          950.99432373 
