# 1-D Scan File created by LabVIEW Control Panel  12/6/2011  5:02:29 AM; Scan time 0 hrs 4 min 28 sec. 
#
# Beamline 20 BM
#
# Scan config: 
#                 E0: 4966.00 eV   223 points
#        Scan bounds:  -100.00 -30.00 40.00 243.35 (7.99 (k))
#       Scan step(s):  5.00 0.50 0.07
#  Integration times:  0.50 0.50 0.50    kwgt in EXAFS region: 0.0 
#
# User Comment:
# 50oC
#
#
# Amplifier Sensitivities:
# Preslit: 20 nA/V  I0: 20 nA/V  I: 100 pA/V  IREF: 50 pA/V  
#
# Analog Input Voltages at start/end of scan:
# Preslit: 0.032/0.030  I0: 0.363/0.180  Ignore: 0.010/0.003  I: 0.682/0.346  IREF: 0.203/0.132  
#
# Mono Info:
# 
#
# ID Info:
# 
#
# Slit Info:
# Kappa S1:  Center is at -542 (H), 500 (V)   Size is 8000 wide x 2000 high
# Vacuum Slits:  Center is at 850 (H), -25 (V)   Size is 899 wide x 1000 high
#
# Motor Positions:
# SMV (20bm:m29): -37594.243125 SMH (20bm:m30): 4802.187500 
#
# Detector Names/PVs:
# I0/20bm:scaler1_netA.C  I/20bm:scaler1_netA.E  IREF/20bm:scaler1_netA.F  
#
# Positioner names/Drive PVs/Readback PVs:
# Mono Energy */20bm:monoE.VAL/20bm:EnctoE.VAL  Scaler preset time */20bm:scaler1.TP/  
# Here is a readable list of column headings:
#  1) Mono Energy *        
#  2) Scaler preset time * 
#  3) I0                   
#  4) I                    
#  5) IREF                 
#
# Column Headings:
#Mono Energy *        Scaler preset time * I0                   I                    IREF                 
        4865.38181436            0.50000000        13245.39355469        29151.19335937         3960.99438477 
        4870.44763076            0.50000000        13021.39355469        28765.19335937         3874.99438477 
        4875.45791516            0.50000000        12897.39355469        28827.19335937         3777.99438477 
        4880.54201781            0.50000000        12691.39355469        28653.19335937         3673.99438477 
        4885.58478858            0.50000000        12500.39355469        28407.19335937         3589.99438477 
        4890.56659262            0.50000000        12456.39355469        28571.19335937         3590.99438477 
        4895.65150310            0.50000000        12303.39355469        28473.19335937         3504.99438477 
        4900.76743286            0.50000000        12188.39355469        28630.19335937         3478.99438477 
        4905.79788426            0.50000000        12044.39355469        28357.19335937         3401.99438477 
        4910.80557360            0.50000000        11958.39355469        28586.19335937         3385.99438477 
        4915.81960583            0.50000000        11716.39355469        28260.19335937         3277.99438477 
        4920.84977234            0.50000000        11698.39355469        28582.19335937         3278.99438477 
        4925.88142801            0.50000000        11551.39355469        28498.19335937         3239.99438477 
        4930.88996442            0.50000000        11451.39355469        28527.19335937         3235.99438477 
        4935.95894332            0.50000000        11300.39355469        28504.19335937         3198.99438477 
        4936.47139734            0.50000000        11384.39355469        28906.19335937         3213.99438477 
        4936.94453528            0.50000000        11402.39355469        28914.19335937         3228.99438477 
        4937.43749298            0.50000000        11386.39355469        28916.19335937         3221.99438477 
        4937.91576500            0.50000000        11294.39355469        28725.19335937         3205.99438477 
        4938.42866425            0.50000000        11346.39355469        28802.19335937         3214.99438477 
        4938.94661366            0.50000000        11308.39355469        28693.19335937         3191.99438477 
        4939.44000946            0.50000000        11289.39355469        28821.19335937         3206.99438477 
        4939.98286958            0.50000000        11269.39355469        28695.19335937         3179.99438477 
        4940.46661871            0.50000000        11315.39355469        28807.19335937         3199.99438477 
        4940.98009864            0.50000000        11346.39355469        29057.19335937         3227.99438477 
        4941.44430609            0.50000000        11221.39355469        28763.19335937         3183.99438477 
        4941.94318868            0.50000000        11275.39355469        28954.19335937         3230.99438477 
        4942.43229949            0.50000000        11348.39355469        29134.19335937         3225.99438477 
        4942.97093809            0.50000000        11242.39355469        28956.19335937         3208.99438477 
        4943.45532845            0.50000000        11219.39355469        28842.19335937         3175.99438477 
        4944.01398928            0.50000000        11234.39355469        28893.19335937         3197.99438477 
        4944.46893032            0.50000000        11164.39355469        28804.19335937         3188.99438477 
        4944.99816189            0.50000000        11184.39355469        28865.19335937         3191.99438477 
        4945.46319667            0.50000000        11068.39355469        28731.19335937         3133.99438477 
        4945.95801969            0.50000000        11126.39355469        28840.19335937         3164.99438477 
        4946.43315182            0.50000000        11190.39355469        28882.19335937         3161.99438477 
        4946.98759899            0.50000000        11157.39355469        28961.19335937         3162.99438477 
        4947.47285194            0.50000000        11131.39355469        28871.19335937         3175.99438477 
        4948.04736771            0.50000000        11118.39355469        28946.19335937         3202.99438477 
        4948.47339614            0.50000000        11048.39355469        28775.19335937         3186.99438477 
        4949.01347785            0.50000000        11056.39355469        28882.19335937         3173.99438477 
        4949.47438357            0.50000000        11058.39355469        28995.19335937         3177.99438477 
        4949.98495877            0.50000000        10981.39355469        28761.19335937         3145.99438477 
        4950.44606265            0.50000000        11032.39355469        28901.19335937         3140.99438477 
        4951.01141509            0.50000000        11121.39355469        29139.19335937         3197.99438477 
        4951.47768926            0.50000000        11003.39355469        28875.19335937         3161.99438477 
        4952.07307262            0.50000000        11052.39355469        28945.19335937         3160.99438477 
        4952.47504501            0.50000000        11046.39355469        28991.19335937         3166.99438477 
        4953.02601211            0.50000000        11060.39355469        29025.19335937         3141.99438477 
        4953.48277126            0.50000000        11062.39355469        29162.19335937         3170.99438477 
        4953.99425236            0.50000000        10985.39355469        29045.19335937         3158.99438477 
        4954.44127225            0.50000000        10986.39355469        28958.19335937         3167.99438477 
        4955.01756152            0.50000000        11013.39355469        29162.19335937         3182.99438477 
        4955.47969254            0.50000000        10887.39355469        28890.19335937         3116.99438477 
        4956.07115912            0.50000000        10983.39355469        29160.19335937         3169.99438477 
        4956.48378613            0.50000000        10869.39355469        28898.19335937         3117.99438477 
        4957.04070326            0.50000000        10914.39355469        28985.19335937         3138.99438477 
        4957.48832523            0.50000000        10904.39355469        28935.19335937         3101.99438477 
        4958.02558841            0.50000000        10863.39355469        28981.19335937         3124.99438477 
        4958.44852407            0.50000000        10853.39355469        28896.19335937         3114.99438477 
        4959.02583431            0.50000000        10911.39355469        29161.19335937         3139.99438477 
        4959.49376261            0.50000000        10804.39355469        28854.19335937         3094.99438477 
        4960.08129880            0.50000000        10855.39355469        29068.19335937         3135.99438477 
        4960.49465706            0.50000000        10738.39355469        28758.19335937         3065.99438477 
        4961.03761559            0.50000000        10950.39355469        29361.19335937         3132.99438477 
        4961.49101088            0.50000000        10725.39355469        28841.19335937         3068.99438477 
        4962.01925603            0.50000000        10953.39355469        29404.19335937         3122.99438477 
        4962.44792274            0.50000000        10700.39355469        28798.19335937         3042.99438477 
        4963.02625276            0.50000000        10914.39355469        29361.19335937         3089.99438477 
        4963.49500771            0.50000000        10706.39355469        28925.19335937         3035.99438477 
        4964.09355911            0.50000000        10776.39355469        29064.19335937         3017.99438477 
        4964.48270224            0.50000000        10680.39355469        28971.19335937         2961.99438477 
        4965.03160731            0.50000000        10716.39355469        28944.19335937         2882.99438477 
        4965.48081026            0.50000000        10632.39355469        28915.19335937         2740.99438477 
        4966.01997121            0.50000000        10712.39355469        28966.19335937         2353.99438477 
        4966.43441345            0.50000000        10633.39355469        28880.19335937         1908.99438477 
        4967.02375081            0.50000000        10706.39355469        28952.19335937         1652.99438477 
        4967.47834432            0.50000000        10595.39355469        28832.19335937         1723.99438477 
        4968.08294485            0.50000000        10674.39355469        28848.19335937         1945.99438477 
        4968.46777448            0.50000000        10586.39355469        28542.19335937         2034.99438477 
        4969.02264369            0.50000000        10652.39355469        28567.19335937         2017.99438477 
        4969.47263719            0.50000000        10571.39355469        28459.19335937         1937.99438477 
        4970.01774873            0.50000000        10679.39355469        28433.19335937         1849.99438477 
        4970.42791887            0.50000000        10602.39355469        27883.19335937         1746.99438477 
        4971.01328989            0.50000000        10622.39355469        27360.19335937         1667.99438477 
        4971.47869241            0.50000000        10532.39355469        27255.19335937         1630.99438477 
        4972.08435884            0.50000000        10584.39355469        27575.19335937         1641.99438477 
        4972.46986700            0.50000000        10522.39355469        27890.19335937         1612.99438477 
        4973.02571462            0.50000000        10550.39355469        28195.19335937         1563.99438477 
        4973.47149245            0.50000000        10471.39355469        28124.19335937         1499.99438477 
        4974.00754334            0.50000000        10510.39355469        27921.19335937         1402.99438477 
        4974.41843424            0.50000000        10456.39355469        27806.19335937         1331.99438477 
        4975.00984661            0.50000000        10469.39355469        27679.19335937         1268.99438477 
        4975.47105449            0.50000000        10403.39355469        27517.19335937         1218.99438477 
        4976.06274067            0.50000000        10507.39355469        27497.19335937         1172.99438477 
        4976.45393976            0.50000000        10303.39355469        26740.19335937         1083.99438477 
        4977.00574514            0.50000000        10463.39355469        26618.19335937         1074.99438477 
        4977.45732183            0.50000000        10320.39355469        25880.19335937         1000.99432373 
        4977.99431297            0.50000000        10443.39355469        25619.19335937          988.99432373 
        4978.41094477            0.50000000        10300.39355469        24951.19335937          933.99432373 
        4978.99837457            0.50000000        10367.39355469        24706.19335937          904.99432373 
        4979.46541411            0.50000000        10328.39355469        24249.19335937          902.99432373 
        4980.05813984            0.50000000        10403.39355469        23690.19335937          862.99432373 
        4980.46007558            0.50000000        10292.39355469        22903.19335937          807.99432373 
        4981.01285307            0.50000000        10226.39355469        22170.19335937          797.99432373 
        4981.47025225            0.50000000        10289.39355469        21970.19335937          795.99432373 
        4981.99310665            0.50000000        10216.39355469        21505.19335937          767.99432373 
        4982.41549975            0.50000000        10240.39355469        21300.19335937          741.99432373 
        4982.99893329            0.50000000        10284.39355469        21116.19335937          730.99432373 
        4983.46176268            0.50000000        10165.39355469        20743.19335937          748.99432373 
        4984.04043163            0.50000000        10176.39355469        20459.19335937          716.99432373 
        4984.45817096            0.50000000        10196.39355469        20203.19335937          720.99432373 
        4984.99681538            0.50000000        10184.39355469        19871.19335937          725.99432373 
        4985.45501500            0.50000000        10138.39355469        19393.19335937          718.99432373 
        4985.97374767            0.50000000        10093.39355469        18725.19335937          707.99432373 
        4986.41703024            0.50000000        10164.39355469        18428.19335937          724.99432373 
        4986.98637175            0.50000000        10092.39355469        17661.19335937          696.99432373 
        4987.46009158            0.50000000        10062.39355469        17242.19335937          703.99432373 
        4988.04985905            0.50000000        10097.39355469        16913.19335937          698.99432373 
        4988.46329124            0.50000000         9991.39355469        16526.19335937          674.99432373 
        4988.99783900            0.50000000        10078.39355469        16471.19335937          684.99432373 
        4989.46693217            0.50000000         9947.39355469        16185.19433594          664.99432373 
        4989.96639539            0.50000000         9925.39355469        16221.19433594          673.99432373 
        4990.41550109            0.50000000         9991.39355469        16495.19335937          667.99432373 
        4990.98584129            0.50000000         9958.39355469        16807.19335937          678.99432373 
        4991.46039215            0.50000000         9915.39355469        17178.19335937          686.99432373 
        4992.01584291            0.50000000         9935.39355469        17793.19335937          683.99432373 
        4992.45524966            0.50000000         9908.39355469        18155.19335937          684.99432373 
        4992.98568077            0.50000000         9836.39355469        18442.19335937          695.99432373 
        4993.45559407            0.50000000         9937.39355469        18830.19335937          705.99432373 
        4993.94076728            0.50000000         9866.39355469        18870.19335937          700.99432373 
        4994.42604354            0.50000000         9859.39355469        18963.19335937          692.99432373 
        4994.96198916            0.50000000         9929.39355469        19172.19335937          717.99432373 
        4995.44748237            0.50000000         9854.39355469        19012.19335937          689.99432373 
        4995.99884450            0.50000000         9769.39355469        18829.19335937          672.99432373 
        4996.47443794            0.50000000         9872.39355469        18977.19335937          695.99432373 
        4996.97037476            0.50000000         9809.39355469        18784.19335937          683.99432373 
        4997.45123255            0.50000000         9723.39355469        18575.19335937          642.99432373 
        4997.91700176            0.50000000         9777.39355469        18506.19335937          639.99432373 
        4998.44363774            0.50000000         9734.39355469        18214.19335937          624.99432373 
        4998.95519838            0.50000000         9619.39355469        17840.19335937          624.99432373 
        4999.44660692            0.50000000         9769.39355469        17893.19335937          644.99432373 
        4999.98879861            0.50000000         9728.39355469        17613.19335937          612.99432373 
        5000.48549814            0.50000000         9679.39355469        17372.19335937          605.99432373 
        5000.96709552            0.50000000         9646.39355469        17217.19335937          581.99432373 
        5001.47414964            0.50000000         9758.39355469        17272.19335937          582.99432373 
        5001.92552231            0.50000000         9721.39355469        17298.19335937          591.99432373 
        5002.44800855            0.50000000         9647.39355469        17160.19335937          583.99432373 
        5002.91987043            0.50000000         9585.39355469        17197.19335937          560.99432373 
        5003.45781011            0.50000000         9675.39355469        17498.19335937          580.99432373 
        5003.96541625            0.50000000         9499.39355469        17313.19335937          575.99432373 
        5004.50360162            0.50000000         9577.39355469        17638.19335937          568.99432373 
        5004.94033552            0.50000000         9481.39355469        17670.19335937          576.99432373 
        5005.46351015            0.50000000         9597.39355469        18017.19335937          580.99432373 
        5005.91566990            0.50000000         9460.39355469        18021.19335937          579.99432373 
        5007.59299644            0.50000000         9458.39355469        18665.19335937          596.99432373 
        5009.39876463            0.50000000         9431.39355469        19086.19335937          614.99432373 
        5011.20086323            0.50000000         9250.39355469        19092.19335937          605.99432373 
        5013.02476533            0.50000000         9200.39355469        19323.19335937          622.99432373 
        5014.83991647            0.50000000         9103.39355469        19405.19335937          615.99432373 
        5016.80965250            0.50000000         9059.39355469        19582.19335937          635.99432373 
        5018.75042204            0.50000000         8990.39355469        19588.19335937          626.99432373 
        5020.79510940            0.50000000         8915.39355469        19524.19335937          628.99432373 
        5022.78019484            0.50000000         8892.39355469        19552.19335937          632.99432373 
        5024.87969967            0.50000000         8765.39355469        19356.19335937          612.99432373 
        5026.91958908            0.50000000         8741.39355469        19406.19335937          596.99432373 
        5029.06393276            0.50000000         8568.39355469        19021.19335937          575.99432373 
        5031.19486261            0.50000000         8617.39355469        19121.19335937          554.99432373 
        5033.46145744            0.50000000         8564.39355469        19048.19335937          549.99432373 
        5035.73028197            0.50000000         8442.39355469        18737.19335937          513.99432373 
        5038.01164406            0.50000000         8412.39355469        18553.19335937          508.99432373 
        5040.25400337            0.50000000         8261.39355469        18122.19335937          482.99432373 
        5042.65858025            0.50000000         8278.39355469        18044.19335937          484.99432373 
        5045.11217458            0.50000000         8159.39404297        18020.19335937          478.99432373 
        5047.44938279            0.50000000         8090.39404297        18117.19335937          469.99432373 
        5049.97539323            0.50000000         8058.39404297        18193.19335937          462.99432373 
        5052.42639273            0.50000000         7862.39404297        17974.19335937          478.99432373 
        5054.94226943            0.50000000         7859.39404297        18085.19335937          496.99432373 
        5057.56999460            0.50000000         7761.39404297        17895.19335937          511.99432373 
        5060.15388267            0.50000000         7649.39404297        17711.19335937          510.99432373 
        5062.78231218            0.50000000         7559.39404297        17674.19335937          515.99432373 
        5065.54927889            0.50000000         7513.39404297        17662.19335937          496.99432373 
        5068.24646257            0.50000000         7396.39404297        17591.19335937          498.99432373 
        5071.06698117            0.50000000         7179.39404297        17271.19335937          497.99432373 
        5073.95371582            0.50000000         7204.39404297        17420.19335937          514.99432373 
        5076.78116247            0.50000000         7083.39404297        17454.19335937          484.99432373 
        5079.66450037            0.50000000         6856.39404297        17064.19335937          451.99432373 
        5082.70897868            0.50000000         6875.39404297        17363.19335937          430.99432373 
        5085.72061903            0.50000000         6752.39404297        17131.19335937          432.99432373 
        5088.69928631            0.50000000         6716.39404297        17104.19335937          404.99432373 
        5091.82412392            0.50000000         6617.39404297        17142.19335937          402.99432373 
        5094.94786284            0.50000000         6496.39404297        17079.19335937          386.99432373 
        5098.05462862            0.50000000         6457.39404297        17076.19335937          392.99432373 
        5101.22905218            0.50000000         6332.39404297        17087.19335937          430.99432373 
        5104.50321003            0.50000000         6261.39404297        17062.19335937          434.99432373 
        5107.78194517            0.50000000         6181.39404297        16982.19335937          434.99432373 
        5111.06526691            0.50000000         6188.39404297        17154.19335937          450.99432373 
        5114.39577678            0.50000000         6135.39404297        17070.19335937          447.99432373 
        5117.77899722            0.50000000         6000.39404297        16992.19335937          457.99432373 
        5121.18310842            0.50000000         5875.39404297        16772.19335937          440.99432373 
        5124.60819017            0.50000000         5737.39404297        16446.19335937          450.99432373 
        5128.08645346            0.50000000         5808.39404297        16930.19335937          459.99432373 
        5131.61812249            0.50000000         5639.39404297        16383.19433594          446.99432373 
        5135.13897069            0.50000000         5505.39404297        16323.19433594          444.99432373 
        5138.71886720            0.50000000         5393.39404297        16102.19433594          436.99432373 
        5142.42272008            0.50000000         5381.39404297        16179.19433594          405.99432373 
        5145.99208379            0.50000000         5118.39404297        15645.19433594          407.99432373 
        5149.70193983            0.50000000         5054.39404297        15644.19433594          386.99432373 
        5153.42843777            0.50000000         4985.39404297        15553.19433594          394.99432373 
        5157.17706334            0.50000000         4877.39404297        15501.19433594          391.99432373 
        5161.03478849            0.50000000         4766.39404297        15331.19433594          389.99432373 
        5164.84983618            0.50000000         4599.39404297        15016.19433594          392.99432373 
        5168.74728178            0.50000000         4553.39404297        15061.19433594          405.99432373 
        5172.70023049            0.50000000         4409.39404297        14701.19433594          398.99432373 
        5176.54496650            0.50000000         4267.39404297        14454.19433594          383.99432373 
        5180.56015224            0.50000000         3439.39404297        11829.19433594          347.99432373 
        5184.54371529            0.50000000         4163.39404297        14364.19433594          402.99432373 
        5188.53942501            0.50000000         4014.39404297        14117.19433594          407.99432373 
        5192.70690048            0.50000000         3893.39404297        13844.19433594          400.99432373 
        5196.83203404            0.50000000         3774.39404297        13522.19433594          372.99432373 
        5200.94219583            0.50000000         3612.39404297        13096.19433594          354.99432373 
        5205.14791567            0.50000000         3457.39404297        12639.19433594          339.99432373 
        5208.92884851            0.50000000         3231.39404297        11874.19433594          329.99432373 
