# 1-D Scan File created by LabVIEW Control Panel  12/6/2011  2:36:52 AM; Scan time 0 hrs 4 min 28 sec. 
#
# Beamline 20 BM
#
# Scan config: 
#                 E0: 4966.00 eV   223 points
#        Scan bounds:  -100.00 -30.00 40.00 243.35 (7.99 (k))
#       Scan step(s):  5.00 0.50 0.07
#  Integration times:  0.50 0.50 0.50    kwgt in EXAFS region: 0.0 
#
# User Comment:
# 50oC
#
#
# Amplifier Sensitivities:
# Preslit: 20 nA/V  I0: 20 nA/V  I: 100 pA/V  IREF: 50 pA/V  
#
# Analog Input Voltages at start/end of scan:
# Preslit: 0.032/0.030  I0: 0.472/0.269  Ignore: 0.015/0.007  I: 0.786/0.526  IREF: 0.219/0.137  
#
# Mono Info:
# 
#
# ID Info:
# 
#
# Slit Info:
# Kappa S1:  Center is at -542 (H), 500 (V)   Size is 8000 wide x 2000 high
# Vacuum Slits:  Center is at 850 (H), -25 (V)   Size is 899 wide x 1000 high
#
# Motor Positions:
# SMV (20bm:m29): -37594.243125 SMH (20bm:m30): 4802.187500 
#
# Detector Names/PVs:
# I0/20bm:scaler1_netA.C  I/20bm:scaler1_netA.E  IREF/20bm:scaler1_netA.F  
#
# Positioner names/Drive PVs/Readback PVs:
# Mono Energy */20bm:monoE.VAL/20bm:EnctoE.VAL  Scaler preset time */20bm:scaler1.TP/  
# Here is a readable list of column headings:
#  1) Mono Energy *        
#  2) Scaler preset time * 
#  3) I0                   
#  4) I                    
#  5) IREF                 
#
# Column Headings:
#Mono Energy *        Scaler preset time * I0                   I                    IREF                 
        4865.39136160            0.50000000        18496.39453125        34159.19531250         4676.99414062 
        4870.45241530            0.50000000        18284.39453125        34041.19531250         4646.99414062 
        4875.46750590            0.50000000        18150.39453125        34112.19531250         4527.99414062 
        4880.54682416            0.50000000        18019.39453125        34172.19531250         4475.99414062 
        4885.59442313            0.50000000        17817.39453125        34078.19531250         4335.99414062 
        4890.58107683            0.50000000        17809.39453125        34316.19531250         4361.99414062 
        4895.66602039            0.50000000        17713.39453125        34440.19531250         4304.99414062 
        4900.77713326            0.50000000        17622.39453125        34732.19531250         4254.99414062 
        4905.80760651            0.50000000        17420.39453125        34603.19531250         4170.99414062 
        4910.81531763            0.50000000        17353.39453125        34889.19531250         4140.99414062 
        4915.82937170            0.50000000        17080.39453125        34714.19531250         4045.99438477 
        4920.85466623            0.50000000        17108.39453125        35224.19531250         4066.99438477 
        4925.89123776            0.50000000        16986.39453125        35437.19531250         4053.99438477 
        4930.89979604            0.50000000        16861.39453125        35467.19531250         4041.99438477 
        4935.97372402            0.50000000        16759.39453125        35615.19531250         4008.99438477 
        4936.48125336            0.50000000        16834.39453125        36013.19531250         4026.99438477 
        4936.95439338            0.50000000        16848.39453125        35997.19531250         4019.99438477 
        4937.44735323            0.50000000        16847.39453125        36089.19531250         4020.99438477 
        4937.93548973            0.50000000        16739.39453125        35876.19531250         3974.99438477 
        4938.43852885            0.50000000        16793.39453125        35912.19531250         3993.99438477 
        4938.95154708            0.50000000        16748.39453125        35800.19531250         3999.99438477 
        4939.44987848            0.50000000        16697.39453125        35864.19531250         3997.99438477 
        4939.99274098            0.50000000        16740.39453125        35967.19531250         4000.99438477 
        4940.47155546            0.50000000        16716.39453125        35942.19531250         4030.99438477 
        4940.98009864            0.50000000        16724.39453125        36080.19531250         4013.99438477 
        4941.45418389            0.50000000        16606.39453125        35879.19531250         3996.99438477 
        4941.94318868            0.50000000        16690.39453125        36140.19531250         4039.99438477 
        4942.43724054            0.50000000        16743.39453125        36236.19531250         4010.99438477 
        4942.97588032            0.50000000        16645.39453125        36134.19531250         4018.99438477 
        4943.46521506            0.50000000        16635.39453125        36032.19531250         3973.99438477 
        4944.02387833            0.50000000        16688.39453125        36240.19531250         4021.99438477 
        4944.47387584            0.50000000        16553.39453125        36013.19531250         3951.99438477 
        4945.00310856            0.50000000        16578.39453125        36108.19531250         3982.99438477 
        4945.46814437            0.50000000        16449.39453125        35885.19531250         3959.99438477 
        4945.96296847            0.50000000        16503.39453125        35991.19531250         3947.99438477 
        4946.43810164            0.50000000        16536.39453125        36056.19531250         3940.99438477 
        4946.99255003            0.50000000        16498.39453125        36149.19531250         3984.99438477 
        4947.47780404            0.50000000        16524.39453125        36188.19531250         3975.99438477 
        4948.05727444            0.50000000        16548.39453125        36331.19531250         4000.99438477 
        4948.47835043            0.50000000        16437.39453125        36202.19531250         3990.99438477 
        4949.02338881            0.50000000        16448.39453125        36227.19531250         3979.99438477 
        4949.48429656            0.50000000        16487.39453125        36343.19531250         3993.99438477 
        4949.99487399            0.50000000        16383.39355469        36136.19531250         3959.99438477 
        4950.44606265            0.50000000        16423.39453125        36307.19531250         3940.99438477 
        4951.02133482            0.50000000        16547.39453125        36595.19531250         3996.99438477 
        4951.48761103            0.50000000        16421.39453125        36346.19531250         3966.99438477 
        4952.08299700            0.50000000        16488.39453125        36440.19531250         4031.99438477 
        4952.48993425            0.50000000        16471.39453125        36499.19531250         3985.99438477 
        4953.03097639            0.50000000        16472.39453125        36506.19531250         3980.99438477 
        4953.48773654            0.50000000        16452.39453125        36612.19531250         3981.99438477 
        4954.00418517            0.50000000        16443.39453125        36658.19531250         3996.99438477 
        4954.44623964            0.50000000        16395.39453125        36483.19531250         3965.99438477 
        4955.02749883            0.50000000        16455.39453125        36717.19531250         3987.99438477 
        4955.49957126            0.50000000        16390.39453125        36694.19531250         3970.99438477 
        4956.08607204            0.50000000        16485.39453125        36926.19531250         3991.99438477 
        4956.49372988            0.50000000        16277.39355469        36526.19531250         3968.99438477 
        4957.04567635            0.50000000        16358.39355469        36614.19531250         3943.99438477 
        4957.49827339            0.50000000        16341.39355469        36662.19531250         3960.99438477 
        4958.03056366            0.50000000        16321.39355469        36639.19531250         3981.99438477 
        4958.45350026            0.50000000        16315.39355469        36647.19531250         3936.99438477 
        4959.02583431            0.50000000        16376.39355469        36931.19531250         3966.99438477 
        4959.49376261            0.50000000        16294.39355469        36689.19531250         3979.99438477 
        4960.08129880            0.50000000        16331.39355469        36916.19531250         3956.99438477 
        4960.49465706            0.50000000        16253.39355469        36766.19531250         3949.99438477 
        4961.03761559            0.50000000        16444.39453125        37210.19531250         3990.99438477 
        4961.48602802            0.50000000        16234.39355469        36819.19531250         3918.99438477 
        4962.02922410            0.50000000        16413.39453125        37119.19531250         3959.99438477 
        4962.44293777            0.50000000        16191.39355469        36769.19531250         3859.99438477 
        4963.02625276            0.50000000        16367.39355469        37154.19531250         3915.99438477 
        4963.49500771            0.50000000        16118.39355469        36706.19531250         3832.99438477 
        4964.09854770            0.50000000        16255.39355469        37032.19531250         3850.99438477 
        4964.48769169            0.50000000        16145.39355469        36902.19531250         3764.99438477 
        4965.03659796            0.50000000        16193.39355469        36995.19531250         3659.99438477 
        4965.48081026            0.50000000        16139.39355469        36953.19531250         3478.99438477 
        4966.02496404            0.50000000        16195.39355469        36967.19531250         3040.99438477 
        4966.43441345            0.50000000        16112.39355469        36946.19531250         2452.99438477 
        4967.02375081            0.50000000        16143.39355469        36853.19531250         2068.99438477 
        4967.48833641            0.50000000        16032.39355469        36699.19531250         2166.99438477 
        4968.08294485            0.50000000        16168.39355469        36844.19531250         2484.99438477 
        4968.47277270            0.50000000        15984.39355469        36432.19531250         2550.99438477 
        4969.02264369            0.50000000        16162.39355469        36528.19531250         2561.99438477 
        4969.47263719            0.50000000        16017.39355469        36194.19531250         2442.99438477 
        4970.01274711            0.50000000        16096.39355469        36154.19531250         2335.99438477 
        4970.42791887            0.50000000        16030.39355469        35940.19531250         2221.99438477 
        4971.01328989            0.50000000        16027.39355469        35601.19531250         2180.99438477 
        4971.47869241            0.50000000        15963.39355469        35827.19531250         2123.99438477 
        4972.07935267            0.50000000        16028.39355469        36012.19531250         2110.99438477 
        4972.46485998            0.50000000        15950.39355469        36073.19531250         2084.99438477 
        4973.02070638            0.50000000        15999.39355469        36082.19531250         2017.99438477 
        4973.47149245            0.50000000        15953.39355469        36044.19531250         1920.99438477 
        4974.00253293            0.50000000        15943.39355469        35559.19531250         1801.99438477 
        4974.41843424            0.50000000        15902.39355469        35167.19531250         1675.99438477 
        4975.01485923            0.50000000        15919.39355469        34375.19531250         1589.99438477 
        4975.47606813            0.50000000        15870.39355469        33759.19531250         1511.99438477 
        4976.07277057            0.50000000        15996.39355469        33229.19531250         1457.99438477 
        4976.45895557            0.50000000        15764.39355469        32330.19335937         1371.99438477 
        4977.01076217            0.50000000        15971.39355469        32260.19335937         1317.99438477 
        4977.46735789            0.50000000        15765.39355469        31536.19335937         1247.99438477 
        4978.00435139            0.50000000        15929.39355469        31539.19335937         1229.99438477 
        4978.41596489            0.50000000        15763.39355469        31046.19335937         1172.99438477 
        4979.00339599            0.50000000        15847.39355469        30982.19335937         1149.99438477 
        4979.47545902            0.50000000        15847.39355469        30775.19335937         1100.99438477 
        4980.06316360            0.50000000        15859.39355469        30505.19335937         1089.99438477 
        4980.46510022            0.50000000        15739.39355469        29979.19335937         1048.99438477 
        4981.01787894            0.50000000        15726.39355469        29545.19335937         1028.99438477 
        4981.47527912            0.50000000        15750.39355469        29154.19335937         1008.99432373 
        4981.99813468            0.50000000        15668.39355469        28374.19335937          983.99432373 
        4982.42052871            0.50000000        15700.39355469        27799.19335937          972.99432373 
        4982.99893329            0.50000000        15724.39355469        26951.19335937          955.99432373 
        4983.46679395            0.50000000        15594.39355469        25870.19335937          928.99432373 
        4984.04043163            0.50000000        15662.39355469        24978.19335937          916.99432373 
        4984.45817096            0.50000000        15659.39355469        24164.19335937          888.99432373 
        4985.00185004            0.50000000        15638.39355469        23286.19335937          893.99432373 
        4985.46005067            0.50000000        15575.39355469        22574.19335937          861.99432373 
        4985.97878448            0.50000000        15556.39355469        22015.19335937          859.99432373 
        4986.42206804            0.50000000        15598.39355469        21801.19335937          867.99432373 
        4986.99141081            0.50000000        15539.39355469        21442.19335937          870.99432373 
        4987.46009158            0.50000000        15526.39355469        21373.19335937          838.99432373 
        4988.04985905            0.50000000        15552.39355469        21388.19335937          870.99432373 
        4988.46329124            0.50000000        15468.39355469        21409.19335937          856.99432373 
        4989.00288250            0.50000000        15540.39355469        21791.19335937          846.99432373 
        4989.46693217            0.50000000        15368.39355469        21905.19335937          842.99432373 
        4989.96639539            0.50000000        15366.39355469        22298.19335937          854.99432373 
        4990.41550109            0.50000000        15409.39355469        22848.19335937          863.99432373 
        4990.98584129            0.50000000        15365.39355469        23261.19335937          866.99432373 
        4991.45534322            0.50000000        15346.39355469        23658.19335937          860.99432373 
        4992.02089308            0.50000000        15349.39355469        24187.19335937          871.99432373 
        4992.45524966            0.50000000        15325.39355469        24489.19335937          900.99432373 
        4992.99073309            0.50000000        15254.39355469        24665.19335937          857.99432373 
        4993.45559407            0.50000000        15324.39355469        24962.19335937          872.99432373 
        4993.93571286            0.50000000        15233.39355469        24890.19335937          888.99432373 
        4994.42604354            0.50000000        15265.39355469        25060.19335937          867.99432373 
        4994.96198916            0.50000000        15316.39355469        25146.19335937          898.99432373 
        4995.44748237            0.50000000        15246.39355469        25031.19335937          877.99432373 
        4995.99884450            0.50000000        15110.39355469        24727.19335937          864.99432373 
        4996.46937791            0.50000000        15202.39355469        24731.19335937          859.99432373 
        4996.97037476            0.50000000        15193.39355469        24546.19335937          834.99432373 
        4997.45629475            0.50000000        15102.39355469        24274.19335937          836.99432373 
        4997.92206499            0.50000000        15167.39355469        24180.19335937          812.99432373 
        4998.44363774            0.50000000        15111.39355469        23818.19335937          825.99432373 
        4998.95013286            0.50000000        15004.39355469        23458.19335937          787.99432373 
        4999.45167354            0.50000000        15112.39355469        23484.19335937          797.99432373 
        4999.98879861            0.50000000        15121.39355469        23312.19335937          774.99432373 
        5000.48549814            0.50000000        15059.39355469        23204.19335937          752.99432373 
        5000.96202554            0.50000000        15025.39355469        23100.19335937          758.99432373 
        5001.46907854            0.50000000        15143.39355469        23250.19335937          765.99432373 
        5001.92045021            0.50000000        15025.39355469        23181.19335937          758.99432373 
        5002.44800855            0.50000000        14985.39355469        23176.19335937          758.99432373 
        5002.91479613            0.50000000        14900.39355469        23231.19335937          750.99432373 
        5003.45781011            0.50000000        15014.39355469        23715.19335937          766.99432373 
        5003.96541625            0.50000000        14810.39355469        23535.19335937          755.99432373 
        5004.49852381            0.50000000        14884.39355469        23944.19335937          772.99432373 
        5004.94033552            0.50000000        14802.39355469        24045.19335937          738.99432373 
        5005.46351015            0.50000000        14935.39355469        24462.19335937          754.99432373 
        5005.91058895            0.50000000        14792.39355469        24570.19335937          762.99432373 
        5007.58791178            0.50000000        14768.39355469        25482.19335937          786.99432373 
        5009.38858730            0.50000000        14733.39355469        26146.19335937          806.99432373 
        5011.19067790            0.50000000        14544.39355469        26269.19335937          814.99432373 
        5013.01966861            0.50000000        14465.39355469        26351.19335937          820.99432373 
        5014.82971498            0.50000000        14351.39355469        26116.19335937          811.99432373 
        5016.80454738            0.50000000        14329.39355469        26053.19335937          814.99432373 
        5018.74531260            0.50000000        14205.39355469        26047.19335937          835.99432373 
        5020.78999541            0.50000000        14204.39355469        26299.19335937          823.99432373 
        5022.78019484            0.50000000        14195.39355469        26596.19335937          805.99432373 
        5024.87457660            0.50000000        13985.39355469        26473.19335937          823.99432373 
        5026.91446147            0.50000000        14007.39355469        26600.19335937          826.99432373 
        5029.05880037            0.50000000        13821.39355469        26252.19335937          806.99432373 
        5031.19486261            0.50000000        13835.39355469        26251.19335937          810.99432373 
        5033.46659965            0.50000000        13831.39355469        26119.19335937          773.99432373 
        5035.73542923            0.50000000        13704.39355469        25639.19335937          729.99432373 
        5038.00649172            0.50000000        13638.39355469        25263.19335937          708.99432373 
        5040.25916073            0.50000000        13431.39355469        24748.19335937          680.99432373 
        5042.64309213            0.50000000        13420.39355469        24819.19335937          686.99432373 
        5045.10700638            0.50000000        13225.39355469        24701.19335937          662.99432373 
        5047.44938279            0.50000000        13169.39355469        24864.19335937          645.99432373 
        5049.97539323            0.50000000        13096.39355469        24903.19335937          640.99432373 
        5052.42639273            0.50000000        12842.39355469        24635.19335937          669.99432373 
        5054.94745963            0.50000000        12811.39355469        24785.19335937          676.99432373 
        5057.56999460            0.50000000        12662.39355469        24660.19335937          688.99432373 
        5060.16428642            0.50000000        12627.39355469        24848.19335937          701.99432373 
        5062.79272772            0.50000000        12468.39355469        24884.19335937          691.99432373 
        5065.55970684            0.50000000        12468.39355469        24933.19335937          703.99432373 
        5068.26212267            0.50000000        12324.39355469        24910.19335937          718.99432373 
        5071.06698117            0.50000000        12001.39355469        24599.19335937          694.99432373 
        5073.96418151            0.50000000        12104.39355469        25002.19335937          709.99432373 
        5076.78640166            0.50000000        11904.39355469        24903.19335937          696.99432373 
        5079.67499175            0.50000000        11581.39355469        24439.19335937          655.99432373 
        5082.71423121            0.50000000        11597.39355469        24753.19335937          651.99432373 
        5085.72587834            0.50000000        11434.39355469        24662.19335937          618.99432373 
        5088.70981837            0.50000000        11449.39355469        24864.19335937          591.99432373 
        5091.83467007            0.50000000        11304.39355469        24818.19335937          582.99432373 
        5094.96370323            0.50000000        11152.39355469        24724.19335937          576.99432373 
        5098.05991575            0.50000000        11063.39355469        24741.19335937          600.99432373 
        5101.23434648            0.50000000        10986.39355469        24908.19335937          613.99432373 
        5104.50851173            0.50000000        10822.39355469        24862.19335937          640.99432373 
        5107.78725428            0.50000000        10688.39355469        24766.19335937          652.99432373 
        5111.06526691            0.50000000        10689.39355469        24971.19335937          649.99432373 
        5114.39577678            0.50000000        10576.39355469        24742.19335937          652.99432373 
        5117.77366549            0.50000000        10389.39355469        24677.19335937          651.99432373 
        5121.17776897            0.50000000        10209.39355469        24449.19335937          636.99432373 
        5124.60284295            0.50000000        10033.39355469        24127.19335937          631.99432373 
        5128.08109834            0.50000000        10124.39355469        24657.19335937          643.99432373 
        5131.60203310            0.50000000         9879.39355469        24227.19335937          662.99432373 
        5135.13359955            0.50000000         9732.39355469        24189.19335937          644.99432373 
        5138.71348792            0.50000000         9590.39355469        24018.19335937          630.99432373 
        5142.41194465            0.50000000         9560.39355469        24218.19335937          623.99432373 
        5145.97589628            0.50000000         9193.39355469        23575.19335937          614.99432373 
        5149.69113124            0.50000000         9196.39355469        23924.19335937          606.99432373 
        5153.42302496            0.50000000         9052.39355469        23754.19335937          587.99432373 
        5157.16079929            0.50000000         8891.39355469        23738.19335937          607.99432373 
        5161.02935832            0.50000000         8763.39355469        23695.19335937          598.99432373 
        5164.84439729            0.50000000         8482.39355469        23358.19335937          600.99432373 
        5168.74183397            0.50000000         8410.39355469        23450.19335937          618.99432373 
        5172.69477363            0.50000000         8251.39355469        23237.19335937          620.99432373 
        5176.53950083            0.50000000         7969.39404297        22844.19335937          636.99432373 
        5180.54920250            0.50000000         6501.39404297        18921.19335937          540.99432373 
        5184.54371529            0.50000000         7906.39404297        23092.19335937          642.99432373 
        5188.53393181            0.50000000         7652.39404297        22828.19335937          621.99432373 
        5192.69589494            0.50000000         7430.39404297        22353.19335937          619.99432373 
        5196.82100953            0.50000000         7160.39404297        21846.19335937          610.99432373 
        5200.93115240            0.50000000         6972.39404297        21492.19335937          611.99432373 
        5205.14238426            0.50000000         6706.39404297        20977.19335937          568.99432373 
        5208.92330839            0.50000000         6341.39404297        19955.19335937          550.99432373 
