# 1-D Scan File created by LabVIEW Control Panel  12/6/2011  2:01:42 AM; Scan time 0 hrs 4 min 28 sec. 
#
# Beamline 20 BM
#
# Scan config: 
#                 E0: 4966.00 eV   223 points
#        Scan bounds:  -100.00 -30.00 40.00 243.35 (7.99 (k))
#       Scan step(s):  5.00 0.50 0.07
#  Integration times:  0.50 0.50 0.50    kwgt in EXAFS region: 0.0 
#
# User Comment:
# 50oC
#
#
# Amplifier Sensitivities:
# Preslit: 20 nA/V  I0: 20 nA/V  I: 100 pA/V  IREF: 50 pA/V  
#
# Analog Input Voltages at start/end of scan:
# Preslit: 0.033/0.033  I0: 0.506/0.261  Ignore: 0.015/0.007  I: 0.810/0.560  IREF: 0.225/0.139  
#
# Mono Info:
# 
#
# ID Info:
# 
#
# Slit Info:
# Kappa S1:  Center is at -542 (H), 500 (V)   Size is 8000 wide x 2000 high
# Vacuum Slits:  Center is at 850 (H), -25 (V)   Size is 899 wide x 1000 high
#
# Motor Positions:
# SMV (20bm:m29): -37594.243125 SMH (20bm:m30): 4802.187500 
#
# Detector Names/PVs:
# I0/20bm:scaler1_netA.C  I/20bm:scaler1_netA.E  IREF/20bm:scaler1_netA.F  
#
# Positioner names/Drive PVs/Readback PVs:
# Mono Energy */20bm:monoE.VAL/20bm:EnctoE.VAL  Scaler preset time */20bm:scaler1.TP/  
# Here is a readable list of column headings:
#  1) Mono Energy *        
#  2) Scaler preset time * 
#  3) I0                   
#  4) I                    
#  5) IREF                 
#
# Column Headings:
#Mono Energy *        Scaler preset time * I0                   I                    IREF                 
        4865.40090888            0.50000000        20209.39453125        35503.19531250         4990.99414062 
        4870.45719986            0.50000000        20023.39453125        35475.19531250         4933.99414062 
        4875.46750590            0.50000000        19900.39453125        35470.19531250         4838.99414062 
        4880.54201781            0.50000000        19705.39453125        35553.19531250         4723.99414062 
        4885.58960585            0.50000000        19527.39453125        35493.19531250         4630.99414062 
        4890.57624875            0.50000000        19515.39453125        35779.19531250         4628.99414062 
        4895.66118128            0.50000000        19345.39453125        35776.19531250         4538.99414062 
        4900.77713326            0.50000000        19231.39453125        36008.19531250         4432.99414062 
        4905.80760651            0.50000000        19129.39453125        36062.19531250         4417.99414062 
        4910.81531763            0.50000000        19020.39453125        36271.19531250         4422.99414062 
        4915.82937170            0.50000000        18713.39453125        36075.19531250         4249.99414062 
        4920.85466623            0.50000000        18821.39453125        36713.19531250         4291.99414062 
        4925.89123776            0.50000000        18683.39453125        36888.19531250         4270.99414062 
        4930.89979604            0.50000000        18557.39453125        37045.19531250         4244.99414062 
        4935.96879711            0.50000000        18445.39453125        37139.19531250         4238.99414062 
        4936.48125336            0.50000000        18533.39453125        37477.19531250         4253.99414062 
        4936.94946433            0.50000000        18580.39453125        37669.19531250         4264.99414062 
        4937.45228338            0.50000000        18608.39453125        37766.19531250         4290.99414062 
        4937.92562734            0.50000000        18460.39453125        37556.19531250         4208.99414062 
        4938.43852885            0.50000000        18515.39453125        37631.19531250         4239.99414062 
        4938.95648052            0.50000000        18529.39453125        37602.19531250         4255.99414062 
        4939.44494397            0.50000000        18455.39453125        37583.19531250         4208.99414062 
        4939.99274098            0.50000000        18425.39453125        37542.19531250         4201.99414062 
        4940.47155546            0.50000000        18474.39453125        37682.19531250         4241.99414062 
        4940.98503651            0.50000000        18420.39453125        37685.19531250         4224.99414062 
        4941.45418389            0.50000000        18302.39453125        37444.19531250         4185.99414062 
        4941.94812866            0.50000000        18356.39453125        37676.19531250         4221.99414062 
        4942.43229949            0.50000000        18472.39453125        37930.19531250         4197.99414062 
        4942.97588032            0.50000000        18299.39453125        37628.19531250         4199.99414062 
        4943.46521506            0.50000000        18284.39453125        37633.19531250         4182.99414062 
        4944.02387833            0.50000000        18374.39453125        37880.19531250         4239.99414062 
        4944.46893032            0.50000000        18263.39453125        37645.19531250         4177.99414062 
        4944.99816189            0.50000000        18251.39453125        37620.19531250         4140.99414062 
        4945.46814437            0.50000000        18140.39453125        37480.19531250         4157.99414062 
        4945.96296847            0.50000000        18223.39453125        37697.19531250         4158.99414062 
        4946.43315182            0.50000000        18322.39453125        37885.19531250         4178.99414062 
        4946.99255003            0.50000000        18242.39453125        37879.19531250         4192.99414062 
        4947.48275614            0.50000000        18263.39453125        37959.19531250         4222.99414062 
        4948.05232107            0.50000000        18260.39453125        38044.19531250         4218.99414062 
        4948.47835043            0.50000000        18167.39453125        37943.19531250         4178.99414062 
        4949.01843333            0.50000000        18154.39453125        37856.19531250         4181.99414062 
        4949.48429656            0.50000000        18224.39453125        38099.19531250         4217.99414062 
        4949.98991638            0.50000000        18162.39453125        37975.19531250         4202.99414062 
        4950.44606265            0.50000000        18158.39453125        38032.19531250         4186.99414062 
        4951.01637495            0.50000000        18297.39453125        38330.19531250         4193.99414062 
        4951.48761103            0.50000000        18163.39453125        38105.19531250         4184.99414062 
        4952.08299700            0.50000000        18262.39453125        38279.19531250         4234.99414062 
        4952.48497116            0.50000000        18224.39453125        38283.19531250         4217.99414062 
        4953.03097639            0.50000000        18251.39453125        38323.19531250         4217.99414062 
        4953.48773654            0.50000000        18264.39453125        38497.19531250         4251.99414062 
        4953.99921876            0.50000000        18170.39453125        38400.19531250         4237.99414062 
        4954.45120703            0.50000000        18169.39453125        38317.19531250         4203.99414062 
        4955.02253017            0.50000000        18197.39453125        38481.19531250         4202.99414062 
        4955.48963188            0.50000000        18084.39453125        38361.19531250         4194.99414062 
        4956.08607204            0.50000000        18234.39453125        38698.19531250         4207.99414062 
        4956.49372988            0.50000000        18056.39453125        38370.19531250         4175.99414062 
        4957.04070326            0.50000000        18097.39453125        38478.19531250         4146.99414062 
        4957.49329930            0.50000000        18104.39453125        38437.19531250         4182.99414062 
        4958.02061316            0.50000000        18050.39453125        38481.19531250         4161.99414062 
        4958.44852407            0.50000000        18078.39453125        38484.19531250         4155.99414062 
        4959.02085687            0.50000000        18093.39453125        38671.19531250         4128.99414062 
        4959.49376261            0.50000000        18008.39453125        38445.19531250         4132.99414062 
        4960.08129880            0.50000000        18046.39453125        38681.19531250         4175.99414062 
        4960.48967639            0.50000000        17990.39453125        38501.19531250         4136.99414062 
        4961.03263372            0.50000000        18282.39453125        39173.19531250         4191.99414062 
        4961.48104517            0.50000000        18029.39453125        38682.19531250         4140.99414062 
        4962.02424006            0.50000000        18253.39453125        39157.19531250         4213.99414062 
        4962.44293777            0.50000000        17966.39453125        38674.19531250         4108.99414062 
        4963.02126652            0.50000000        18221.39453125        39147.19531250         4145.99414062 
        4963.49500771            0.50000000        17879.39453125        38538.19531250         4052.99438477 
        4964.09355911            0.50000000        17988.39453125        38850.19531250         4037.99438477 
        4964.48270224            0.50000000        17890.39453125        38734.19531250         3959.99438477 
        4965.03160731            0.50000000        18036.39453125        39003.19531250         3857.99438477 
        4965.48081026            0.50000000        17896.39453125        38803.19531250         3686.99438477 
        4966.01997121            0.50000000        17970.39453125        38903.19531250         3213.99438477 
        4966.43441345            0.50000000        17858.39453125        38739.19531250         2554.99438477 
        4967.01376077            0.50000000        17958.39453125        38827.19531250         2199.99438477 
        4967.47834432            0.50000000        17804.39453125        38561.19531250         2311.99438477 
        4968.08294485            0.50000000        17952.39453125        38672.19531250         2630.99438477 
        4968.46777448            0.50000000        17807.39453125        38390.19531250         2737.99438477 
        4969.02264369            0.50000000        17882.39453125        38281.19531250         2712.99438477 
        4969.46763678            0.50000000        17816.39453125        38134.19531250         2613.99438477 
        4970.00774550            0.50000000        17926.39453125        38114.19531250         2470.99438477 
        4970.42791887            0.50000000        17852.39453125        37847.19531250         2357.99438477 
        4971.01328989            0.50000000        17874.39453125        37667.19531250         2274.99438477 
        4971.47368758            0.50000000        17753.39453125        37643.19531250         2213.99438477 
        4972.07434652            0.50000000        17803.39453125        37936.19531250         2245.99438477 
        4972.45985297            0.50000000        17726.39453125        37919.19531250         2195.99438477 
        4973.01569815            0.50000000        17783.39453125        38002.19531250         2116.99438477 
        4973.46147401            0.50000000        17704.39453125        37817.19531250         2026.99438477 
        4973.99752254            0.50000000        17830.39453125        37718.19531250         1926.99438477 
        4974.41342293            0.50000000        17703.39453125        37049.19531250         1799.99438477 
        4975.01485923            0.50000000        17775.39453125        36339.19531250         1690.99438477 
        4975.46604086            0.50000000        17670.39453125        35568.19531250         1602.99438477 
        4976.06775561            0.50000000        17858.39453125        35085.19531250         1551.99438477 
        4976.45895557            0.50000000        17635.39453125        34182.19531250         1449.99438477 
        4977.00574514            0.50000000        17830.39453125        34122.19531250         1440.99438477 
        4977.46233985            0.50000000        17610.39453125        33341.19531250         1332.99438477 
        4977.99933217            0.50000000        17790.39453125        33319.19531250         1301.99438477 
        4978.41094477            0.50000000        17591.39453125        32631.19335937         1238.99438477 
        4979.00339599            0.50000000        17727.39453125        32723.19335937         1207.99438477 
        4979.47043656            0.50000000        17632.39453125        32360.19335937         1189.99438477 
        4980.06818737            0.50000000        17696.39453125        32138.19335937         1161.99438477 
        4980.46007558            0.50000000        17594.39453125        31732.19335937         1113.99438477 
        4981.01787894            0.50000000        17580.39453125        31192.19335937         1102.99438477 
        4981.47025225            0.50000000        17623.39453125        30888.19335937         1090.99438477 
        4981.99813468            0.50000000        17526.39453125        30028.19335937         1051.99438477 
        4982.42052871            0.50000000        17579.39453125        29418.19335937         1045.99438477 
        4982.99893329            0.50000000        17602.39453125        28463.19335937         1007.99432373 
        4983.46679395            0.50000000        17492.39453125        27415.19335937          980.99432373 
        4984.04043163            0.50000000        17526.39453125        26335.19335937          970.99432373 
        4984.45817096            0.50000000        17501.39453125        25461.19335937          973.99432373 
        4985.00185004            0.50000000        17490.39453125        24512.19335937          934.99432373 
        4985.46005067            0.50000000        17486.39453125        23922.19335937          933.99432373 
        4985.97374767            0.50000000        17408.39453125        23251.19335937          905.99432373 
        4986.41703024            0.50000000        17487.39453125        23005.19335937          926.99432373 
        4986.99141081            0.50000000        17412.39453125        22586.19335937          926.99432373 
        4987.46009158            0.50000000        17389.39453125        22507.19335937          900.99432373 
        4988.04985905            0.50000000        17435.39453125        22601.19335937          921.99432373 
        4988.45824893            0.50000000        17329.39453125        22616.19335937          920.99432373 
        4988.99783900            0.50000000        17375.39453125        23016.19335937          925.99432373 
        4989.46188765            0.50000000        17235.39453125        23156.19335937          918.99432373 
        4989.96134976            0.50000000        17228.39453125        23625.19335937          918.99432373 
        4990.41550109            0.50000000        17243.39453125        24113.19335937          919.99432373 
        4990.98584129            0.50000000        17243.39453125        24651.19335937          933.99432373 
        4991.45534322            0.50000000        17150.39453125        24940.19335937          928.99432373 
        4992.01584291            0.50000000        17200.39453125        25570.19335937          950.99432373 
        4992.45524966            0.50000000        17132.39453125        25824.19335937          930.99432373 
        4992.98568077            0.50000000        17120.39453125        26101.19335937          930.99432373 
        4993.45054073            0.50000000        17188.39453125        26405.19335937          930.99432373 
        4993.93571286            0.50000000        17087.39453125        26357.19335937          955.99432373 
        4994.42604354            0.50000000        17103.39453125        26486.19335937          935.99432373 
        4994.96198916            0.50000000        17149.39453125        26529.19335937          946.99432373 
        4995.44748237            0.50000000        17106.39453125        26430.19335937          911.99432373 
        4996.00390349            0.50000000        16974.39453125        26129.19335937          914.99432373 
        4996.47443794            0.50000000        17098.39453125        26167.19335937          920.99432373 
        4996.97037476            0.50000000        17056.39453125        25971.19335937          893.99432373 
        4997.45629475            0.50000000        16955.39453125        25653.19335937          873.99432373 
        4997.92206499            0.50000000        17011.39453125        25513.19335937          886.99432373 
        4998.44363774            0.50000000        16920.39453125        25113.19335937          835.99432373 
        4998.95013286            0.50000000        16844.39453125        24798.19335937          842.99432373 
        4999.45167354            0.50000000        16975.39453125        24801.19335937          848.99432373 
        4999.98373080            0.50000000        16998.39453125        24708.19335937          854.99432373 
        5000.48549814            0.50000000        16889.39453125        24510.19335937          829.99432373 
        5000.95695558            0.50000000        16864.39453125        24394.19335937          826.99432373 
        5001.46907854            0.50000000        16995.39453125        24594.19335937          825.99432373 
        5001.92045021            0.50000000        16909.39453125        24596.19335937          817.99432373 
        5002.44293529            0.50000000        16893.39453125        24632.19335937          810.99432373 
        5002.91479613            0.50000000        16746.39453125        24528.19335937          799.99432373 
        5003.45273462            0.50000000        16859.39453125        24992.19335937          815.99432373 
        5003.96033963            0.50000000        16661.39453125        24920.19335937          788.99432373 
        5004.49852381            0.50000000        16755.39453125        25356.19335937          790.99432373 
        5004.93525674            0.50000000        16687.39453125        25537.19335937          792.99432373 
        5005.46351015            0.50000000        16813.39453125        25928.19335937          807.99432373 
        5005.91058895            0.50000000        16654.39453125        26036.19335937          809.99432373 
        5007.58791178            0.50000000        16658.39453125        27067.19335937          822.99432373 
        5009.39367596            0.50000000        16602.39453125        27732.19335937          826.99432373 
        5011.19067790            0.50000000        16433.39453125        27911.19335937          849.99432373 
        5013.01966861            0.50000000        16385.39453125        28046.19335937          878.99432373 
        5014.82971498            0.50000000        16256.39355469        27839.19335937          879.99432373 
        5016.80454738            0.50000000        16258.39355469        27821.19335937          876.99432373 
        5018.74531260            0.50000000        16130.39355469        27799.19335937          872.99432373 
        5020.78488144            0.50000000        16122.39355469        28103.19335937          877.99432373 
        5022.77507644            0.50000000        16080.39355469        28377.19335937          864.99432373 
        5024.86945353            0.50000000        15896.39355469        28293.19335937          877.99432373 
        5026.90933386            0.50000000        15831.39355469        28331.19335937          866.99432373 
        5029.05880037            0.50000000        15646.39355469        28043.19335937          839.99432373 
        5031.19486261            0.50000000        15768.39355469        28215.19335937          837.99432373 
        5033.46145744            0.50000000        15724.39355469        27986.19335937          793.99432373 
        5035.73542923            0.50000000        15541.39355469        27404.19335937          763.99432373 
        5038.00649172            0.50000000        15493.39355469        27014.19335937          720.99432373 
        5040.25916073            0.50000000        15298.39355469        26550.19335937          695.99432373 
        5042.63276678            0.50000000        15305.39355469        26659.19335937          688.99432373 
        5045.10700638            0.50000000        15174.39355469        26716.19335937          682.99432373 
        5047.44420937            0.50000000        15035.39355469        26786.19335937          686.99432373 
        5049.97539323            0.50000000        14987.39355469        26849.19335937          695.99432373 
        5052.42639273            0.50000000        14712.39355469        26570.19335937          704.99432373 
        5054.94226943            0.50000000        14677.39355469        26715.19335937          731.99432373 
        5057.56999460            0.50000000        14580.39355469        26760.19335937          751.99432373 
        5060.15908454            0.50000000        14505.39355469        26978.19335937          747.99432373 
        5062.79272772            0.50000000        14330.39355469        26925.19335937          734.99432373 
        5065.55970684            0.50000000        14303.39355469        27095.19335937          766.99432373 
        5068.26212267            0.50000000        14147.39355469        27040.19335937          765.99432373 
        5071.06698117            0.50000000        13828.39355469        26763.19335937          751.99432373 
        5073.95894866            0.50000000        13975.39355469        27228.19335937          747.99432373 
        5076.77592328            0.50000000        13701.39355469        27107.19335937          737.99432373 
        5079.66974605            0.50000000        13430.39355469        26813.19335937          697.99432373 
        5082.70897868            0.50000000        13454.39355469        27133.19335937          667.99432373 
        5085.72587834            0.50000000        13258.39355469        27075.19335937          656.99432373 
        5088.70981837            0.50000000        13287.39355469        27248.19335937          649.99432373 
        5091.83467007            0.50000000        13125.39355469        27249.19335937          632.99432373 
        5094.96370323            0.50000000        12931.39355469        27088.19335937          610.99432373 
        5098.05991575            0.50000000        12874.39355469        27277.19335937          658.99432373 
        5101.24493511            0.50000000        12706.39355469        27305.19335937          664.99432373 
        5104.51381344            0.50000000        12542.39355469        27300.19335937          698.99432373 
        5107.79256341            0.50000000        12445.39355469        27301.19335937          705.99432373 
        5111.07058345            0.50000000        12474.39355469        27501.19335937          717.99432373 
        5114.40110086            0.50000000        12334.39355469        27380.19335937          711.99432373 
        5117.77899722            0.50000000        12098.39355469        27205.19335937          706.99432373 
        5121.18310842            0.50000000        11903.39355469        27029.19335937          702.99432373 
        5124.61353740            0.50000000        11729.39355469        26720.19335937          705.99432373 
        5128.08645346            0.50000000        11841.39355469        27214.19335937          721.99432373 
        5131.61275934            0.50000000        11543.39355469        26808.19335937          713.99432373 
        5135.14434185            0.50000000        11412.39355469        26922.19335937          711.99432373 
        5138.72424650            0.50000000        11223.39355469        26735.19335937          699.99432373 
        5142.42272008            0.50000000        11187.39355469        26829.19335937          692.99432373 
        5145.98668794            0.50000000        10792.39355469        26323.19335937          642.99432373 
        5149.70193983            0.50000000        10719.39355469        26410.19335937          640.99432373 
        5153.42843777            0.50000000        10610.39355469        26399.19335937          662.99432373 
        5157.18248472            0.50000000        10355.39355469        26210.19335937          643.99432373 
        5161.03478849            0.50000000        10240.39355469        26212.19335937          648.99432373 
        5164.85527509            0.50000000         9976.39355469        26053.19335937          655.99432373 
        5168.74728178            0.50000000         9912.39355469        26143.19335937          667.99432373 
        5172.69477363            0.50000000         9664.39355469        25787.19335937          682.99432373 
        5176.53950083            0.50000000         9403.39355469        25545.19335937          664.99432373 
        5180.55467736            0.50000000         7635.39404297        21110.19335937          579.99432373 
        5184.54371529            0.50000000         9261.39355469        25691.19335937          715.99432373 
        5188.53393181            0.50000000         9047.39355469        25455.19335937          704.99432373 
        5192.70139770            0.50000000         8745.39355469        24936.19335937          682.99432373 
        5196.82652178            0.50000000         8450.39355469        24414.19335937          660.99432373 
        5200.93667411            0.50000000         8248.39355469        24082.19335937          656.99432373 
        5205.14238426            0.50000000         7969.39404297        23468.19335937          652.99432373 
        5208.91776827            0.50000000         7563.39404297        22491.19335937          590.99432373 
