# 1-D Scan File created by LabVIEW Control Panel  12/6/2011  6:37:53 AM; Scan time 0 hrs 4 min 28 sec. 
#
# Beamline 20 BM
#
# Scan config: 
#                 E0: 4966.00 eV   223 points
#        Scan bounds:  -100.00 -30.00 40.00 243.35 (7.99 (k))
#       Scan step(s):  5.00 0.50 0.07
#  Integration times:  0.50 0.50 0.50    kwgt in EXAFS region: 0.0 
#
# User Comment:
# 50oC
#
#
# Amplifier Sensitivities:
# Preslit: 20 nA/V  I0: 20 nA/V  I: 100 pA/V  IREF: 50 pA/V  
#
# Analog Input Voltages at start/end of scan:
# Preslit: 0.032/0.033  I0: 0.313/0.170  Ignore: 0.008/0.005  I: 0.611/0.310  IREF: 0.196/0.132  
#
# Mono Info:
# 
#
# ID Info:
# 
#
# Slit Info:
# Kappa S1:  Center is at -542 (H), 500 (V)   Size is 8000 wide x 2000 high
# Vacuum Slits:  Center is at 850 (H), -25 (V)   Size is 899 wide x 1000 high
#
# Motor Positions:
# SMV (20bm:m29): -37594.243125 SMH (20bm:m30): 4802.187500 
#
# Detector Names/PVs:
# I0/20bm:scaler1_netA.C  I/20bm:scaler1_netA.E  IREF/20bm:scaler1_netA.F  
#
# Positioner names/Drive PVs/Readback PVs:
# Mono Energy */20bm:monoE.VAL/20bm:EnctoE.VAL  Scaler preset time */20bm:scaler1.TP/  
# Here is a readable list of column headings:
#  1) Mono Energy *        
#  2) Scaler preset time * 
#  3) I0                   
#  4) I                    
#  5) IREF                 
#
# Column Headings:
#Mono Energy *        Scaler preset time * I0                   I                    IREF                 
        4865.38181436            0.50000000        10699.39355469        25434.19335937         3549.99438477 
        4870.45241530            0.50000000        10535.39355469        25172.19335937         3522.99438477 
        4875.46271053            0.50000000        10378.39355469        25039.19335937         3406.99438477 
        4880.54201781            0.50000000        10175.39355469        24762.19335937         3290.99438477 
        4885.59442313            0.50000000         9997.39355469        24579.19335937         3208.99438477 
        4890.58590492            0.50000000         9887.39355469        24498.19335937         3159.99438477 
        4895.67085951            0.50000000         9795.39355469        24431.19335937         3079.99438477 
        4900.77228306            0.50000000         9647.39355469        24309.19335937         3031.99438477 
        4905.79788426            0.50000000         9508.39355469        24099.19335937         2952.99438477 
        4910.80557360            0.50000000         9402.39355469        24142.19335937         2922.99438477 
        4915.81960583            0.50000000         9166.39355469        23770.19335937         2816.99438477 
        4920.84487846            0.50000000         9135.39355469        23959.19335937         2789.99438477 
        4925.87652315            0.50000000         8955.39355469        23720.19335937         2787.99438477 
        4930.88504862            0.50000000         8861.39355469        23698.19335937         2740.99438477 
        4935.95401645            0.50000000         8709.39355469        23552.19335937         2676.99438477 
        4936.47139734            0.50000000         8779.39355469        23810.19335937         2758.99438477 
        4936.93467723            0.50000000         8783.39355469        23842.19335937         2699.99438477 
        4937.43749298            0.50000000         8796.39355469        23879.19335937         2712.99438477 
        4937.91083384            0.50000000         8664.39355469        23553.19335937         2668.99438477 
        4938.42866425            0.50000000         8744.39355469        23713.19335937         2677.99438477 
        4938.93181345            0.50000000         8759.39355469        23848.19335937         2749.99438477 
        4939.43507497            0.50000000         8712.39355469        23872.19335937         2709.99438477 
        4939.98286958            0.50000000         8716.39355469        23776.19335937         2693.99438477 
        4940.46661871            0.50000000         8726.39355469        23886.19335937         2698.99438477 
        4940.97022292            0.50000000         8687.39355469        23846.19335937         2702.99438477 
        4941.43936721            0.50000000         8615.39355469        23662.19335937         2651.99438477 
        4941.93330875            0.50000000         8626.39355469        23705.19335937         2662.99438477 
        4942.42735845            0.50000000         8729.39355469        24009.19335937         2725.99438477 
        4942.96599587            0.50000000         8611.39355469        23760.19335937         2669.99438477 
        4943.45038517            0.50000000         8616.39355469        23746.19335937         2692.99438477 
        4944.00904478            0.50000000         8658.39355469        23861.19335937         2673.99438477 
        4944.46398482            0.50000000         8558.39355469        23633.19335937         2649.99438477 
        4944.98826857            0.50000000         8562.39355469        23637.19335937         2661.99438477 
        4945.45330132            0.50000000         8476.39355469        23466.19335937         2637.99438477 
        4945.94812217            0.50000000         8504.39355469        23535.19335937         2632.99438477 
        4946.42820201            0.50000000         8584.39355469        23717.19335937         2649.99438477 
        4946.98264797            0.50000000         8531.39355469        23652.19335937         2634.99438477 
        4947.46294777            0.50000000         8520.39355469        23669.19335937         2663.99438477 
        4948.03746103            0.50000000         8544.39355469        23816.19335937         2680.99438477 
        4948.46844186            0.50000000         8462.39355469        23588.19335937         2647.99438477 
        4949.00852239            0.50000000         8463.39355469        23589.19335937         2662.99438477 
        4949.46942710            0.50000000         8488.39355469        23759.19335937         2667.99438477 
        4949.97504359            0.50000000         8408.39355469        23558.19335937         2618.99438477 
        4950.43118686            0.50000000         8443.39355469        23697.19335937         2671.99438477 
        4951.00149541            0.50000000         8544.39355469        23978.19335937         2695.99438477 
        4951.46776753            0.50000000         8436.39355469        23686.19335937         2637.99438477 
        4952.07307262            0.50000000         8509.39355469        23860.19335937         2673.99438477 
        4952.47504501            0.50000000         8482.39355469        23842.19335937         2658.99438477 
        4953.02601211            0.50000000         8487.39355469        23832.19335937         2631.99438477 
        4953.47780599            0.50000000         8492.39355469        23940.19335937         2662.99438477 
        4953.99425236            0.50000000         8426.39355469        23791.19335937         2666.99438477 
        4954.43630488            0.50000000         8429.39355469        23828.19335937         2622.99438477 
        4955.01259288            0.50000000         8480.39355469        23950.19335937         2653.99438477 
        4955.47969254            0.50000000         8363.39355469        23726.19335937         2634.99438477 
        4956.07115912            0.50000000         8460.39355469        23999.19335937         2643.99438477 
        4956.47881427            0.50000000         8315.39355469        23605.19335937         2613.99438477 
        4957.03075711            0.50000000         8394.39355469        23854.19335937         2622.99438477 
        4957.48832523            0.50000000         8405.39355469        23864.19335937         2643.99438477 
        4958.02061316            0.50000000         8390.39355469        23887.19335937         2631.99438477 
        4958.44852407            0.50000000         8395.39355469        23899.19335937         2621.99438477 
        4959.02085687            0.50000000         8429.39355469        24052.19335937         2634.99438477 
        4959.48878414            0.50000000         8341.39355469        23789.19335937         2587.99438477 
        4960.07631904            0.50000000         8377.39355469        23956.19335937         2612.99438477 
        4960.48967639            0.50000000         8310.39355469        23746.19335937         2587.99438477 
        4961.03761559            0.50000000         8464.39355469        24238.19335937         2631.99438477 
        4961.48602802            0.50000000         8256.39355469        23659.19335937         2553.99438477 
        4962.02424006            0.50000000         8449.39355469        24209.19335937         2612.99438477 
        4962.44293777            0.50000000         8261.39355469        23733.19335937         2565.99438477 
        4963.01628030            0.50000000         8408.39355469        24162.19335937         2608.99438477 
        4963.49002044            0.50000000         8191.39404297        23594.19335937         2509.99438477 
        4964.09355911            0.50000000         8280.39355469        23862.19335937         2508.99438477 
        4964.48270224            0.50000000         8178.39404297        23646.19335937         2438.99438477 
        4965.03160731            0.50000000         8290.39355469        23919.19335937         2400.99438477 
        4965.47581862            0.50000000         8194.39355469        23730.19335937         2265.99438477 
        4966.01997121            0.50000000         8282.39355469        23888.19335937         1994.99438477 
        4966.42941972            0.50000000         8155.39404297        23639.19335937         1577.99438477 
        4967.01875579            0.50000000         8233.39355469        23710.19335937         1373.99438477 
        4967.47834432            0.50000000         8123.39404297        23464.19335937         1445.99438477 
        4968.07794749            0.50000000         8206.39355469        23563.19335937         1632.99438477 
        4968.46777448            0.50000000         8112.39404297        23206.19335937         1695.99438477 
        4969.02264369            0.50000000         8178.39404297        23252.19335937         1684.99438477 
        4969.47263719            0.50000000         8112.39404297        23082.19335937         1603.99438477 
        4970.01274711            0.50000000         8184.39404297        23039.19335937         1538.99438477 
        4970.42791887            0.50000000         8119.39404297        22449.19335937         1439.99438477 
        4971.01328989            0.50000000         8198.39355469        22153.19335937         1402.99438477 
        4971.47869241            0.50000000         8082.39404297        21981.19335937         1358.99438477 
        4972.07935267            0.50000000         8150.39404297        22327.19335937         1367.99438477 
        4972.46485998            0.50000000         8066.39404297        22535.19335937         1321.99438477 
        4973.02070638            0.50000000         8101.39404297        22924.19335937         1304.99438477 
        4973.47149245            0.50000000         8039.39404297        22808.19335937         1262.99438477 
        4974.00754334            0.50000000         8070.39404297        22785.19335937         1178.99438477 
        4974.42344557            0.50000000         8021.39404297        22650.19335937         1116.99438477 
        4975.01987187            0.50000000         8072.39404297        22739.19335937         1081.99438477 
        4975.47105449            0.50000000         7991.39404297        22632.19335937         1035.99438477 
        4976.06274067            0.50000000         8132.39404297        22935.19335937         1010.99432373 
        4976.45895557            0.50000000         7952.39404297        22306.19335937          940.99432373 
        4977.01076217            0.50000000         8101.39404297        22358.19335937          929.99432373 
        4977.46233985            0.50000000         7960.39404297        21633.19335937          865.99432373 
        4977.99431297            0.50000000         8086.39404297        21572.19335937          860.99432373 
        4978.40592465            0.50000000         7972.39404297        20969.19335937          802.99432373 
        4978.99837457            0.50000000         8041.39404297        20900.19335937          807.99432373 
        4979.46541411            0.50000000         7952.39404297        20332.19335937          743.99432373 
        4980.05813984            0.50000000         8053.39404297        20092.19335937          736.99432373 
        4980.45505094            0.50000000         7927.39404297        19294.19335937          717.99432373 
        4981.01787894            0.50000000         7918.39404297        18681.19335937          704.99432373 
        4981.46522538            0.50000000         7911.39404297        18309.19335937          667.99432373 
        4981.99310665            0.50000000         7894.39404297        17920.19335937          643.99432373 
        4982.42052871            0.50000000         7914.39404297        17710.19335937          645.99432373 
        4982.99390305            0.50000000         7908.39404297        17364.19335937          632.99432373 
        4983.46176268            0.50000000         7837.39404297        16983.19335937          631.99432373 
        4984.03539909            0.50000000         7893.39404297        16874.19335937          637.99432373 
        4984.45817096            0.50000000         7850.39404297        16571.19335937          602.99432373 
        4984.99681538            0.50000000         7840.39404297        16298.19433594          591.99432373 
        4985.45501500            0.50000000         7830.39404297        15998.19433594          613.99432373 
        4985.97878448            0.50000000         7822.39404297        15734.19433594          593.99432373 
        4986.41703024            0.50000000         7849.39404297        15485.19433594          622.99432373 
        4986.98637175            0.50000000         7792.39404297        15073.19433594          610.99432373 
        4987.46009158            0.50000000         7772.39404297        14806.19433594          601.99432373 
        4988.03977627            0.50000000         7821.39404297        14540.19433594          602.99432373 
        4988.45824893            0.50000000         7743.39404297        14131.19433594          567.99432373 
        4988.99279551            0.50000000         7812.39404297        13956.19433594          595.99432373 
        4989.45684313            0.50000000         7672.39404297        13454.19433594          568.99432373 
        4989.96134976            0.50000000         7668.39404297        13340.19433594          573.99432373 
        4990.41045447            0.50000000         7706.39404297        13433.19433594          571.99432373 
        4990.98079340            0.50000000         7656.39404297        13522.19433594          564.99432373 
        4991.45029430            0.50000000         7650.39404297        13807.19433594          566.99432373 
        4992.01584291            0.50000000         7635.39404297        14207.19433594          589.99432373 
        4992.45019853            0.50000000         7663.39404297        14615.19433594          573.99432373 
        4992.98568077            0.50000000         7589.39404297        14795.19433594          564.99432373 
        4993.45054073            0.50000000         7708.39404297        15236.19433594          590.99432373 
        4993.93065845            0.50000000         7590.39404297        15157.19433594          578.99432373 
        4994.42098805            0.50000000         7668.39404297        15434.19433594          582.99432373 
        4994.95693249            0.50000000         7626.39404297        15410.19433594          569.99432373 
        4995.43736688            0.50000000         7636.39404297        15482.19433594          582.99432373 
        4995.98872657            0.50000000         7536.39404297        15348.19433594          567.99432373 
        4996.46937791            0.50000000         7628.39404297        15496.19433594          564.99432373 
        4996.96531364            0.50000000         7595.39404297        15423.19433594          544.99432373 
        4997.44617036            0.50000000         7499.39404297        15221.19433594          553.99432373 
        4997.91193854            0.50000000         7569.39404297        15285.19433594          562.99432373 
        4998.43857335            0.50000000         7518.39404297        15114.19433594          538.99432373 
        4998.95013286            0.50000000         7438.39404297        14801.19433594          528.99432373 
        4999.44660692            0.50000000         7552.39404297        14883.19433594          524.99432373 
        4999.98373080            0.50000000         7543.39404297        14718.19433594          539.99432373 
        5000.48549814            0.50000000         7489.39404297        14505.19433594          501.99432373 
        5000.96202554            0.50000000         7449.39404297        14249.19433594          484.99432373 
        5001.46907854            0.50000000         7553.39404297        14346.19433594          499.99432373 
        5001.92552231            0.50000000         7474.39404297        14136.19433594          491.99432373 
        5002.45308181            0.50000000         7461.39404297        14098.19433594          510.99432373 
        5002.91987043            0.50000000         7434.39404297        14076.19433594          495.99432373 
        5003.45273462            0.50000000         7498.39404297        14287.19433594          510.99432373 
        5003.97049288            0.50000000         7360.39404297        14115.19433594          486.99432373 
        5004.49852381            0.50000000         7427.39404297        14397.19433594          484.99432373 
        5004.94033552            0.50000000         7362.39404297        14368.19433594          479.99432373 
        5005.46859010            0.50000000         7444.39404297        14630.19433594          489.99432373 
        5005.90550802            0.50000000         7337.39404297        14580.19433594          493.99432373 
        5007.59299644            0.50000000         7298.39404297        14950.19433594          483.99432373 
        5009.40385331            0.50000000         7292.39404297        15349.19433594          521.99432373 
        5011.20086323            0.50000000         7156.39404297        15390.19433594          520.99432373 
        5013.02476533            0.50000000         7090.39404297        15590.19433594          539.99432373 
        5014.83991647            0.50000000         7024.39404297        15692.19433594          526.99432373 
        5016.80965250            0.50000000         7007.39404297        15820.19433594          523.99432373 
        5018.75553150            0.50000000         6935.39404297        15837.19433594          511.99432373 
        5020.79510940            0.50000000         6899.39404297        15797.19433594          544.99432373 
        5022.78531325            0.50000000         6884.39404297        15871.19433594          516.99432373 
        5024.88482276            0.50000000         6763.39404297        15722.19433594          503.99432373 
        5026.92471671            0.50000000         6739.39404297        15707.19433594          497.99432373 
        5029.06393276            0.50000000         6610.39404297        15482.19433594          481.99432373 
        5031.21541128            0.50000000         6665.39404297        15587.19433594          468.99432373 
        5033.47688409            0.50000000         6632.39404297        15547.19433594          455.99432373 
        5035.75087109            0.50000000         6492.39404297        15237.19433594          426.99432373 
        5038.02710115            0.50000000         6468.39404297        15169.19433594          404.99432373 
        5040.28494769            0.50000000         6337.39404297        14819.19433594          402.99432373 
        5042.66890571            0.50000000         6384.39404297        14876.19433594          390.99432373 
        5045.13284748            0.50000000         6283.39404297        14759.19433594          389.99432373 
        5047.45972967            0.50000000         6181.39404297        14700.19433594          385.99432373 
        5049.98575141            0.50000000         6207.39404297        14859.19433594          394.99432373 
        5052.43676187            0.50000000         6031.39404297        14620.19433594          385.99432373 
        5054.95784006            0.50000000         6020.39404297        14688.19433594          424.99432373 
        5057.58558288            0.50000000         5920.39404297        14479.19433594          413.99432373 
        5060.16428642            0.50000000         5876.39404297        14411.19433594          423.99432373 
        5062.79272772            0.50000000         5782.39404297        14295.19433594          408.99432373 
        5065.56492084            0.50000000         5775.39404297        14340.19433594          419.99432373 
        5068.26212267            0.50000000         5693.39404297        14312.19433594          415.99432373 
        5071.07220752            0.50000000         5501.39404297        14025.19433594          399.99432373 
        5073.96418151            0.50000000         5546.39404297        14150.19433594          411.99432373 
        5076.79164087            0.50000000         5432.39404297        14085.19433594          393.99432373 
        5079.67499175            0.50000000         5233.39404297        13742.19433594          390.99432373 
        5082.71948375            0.50000000         5190.39404297        13838.19433594          355.99432373 
        5085.72587834            0.50000000         5082.39404297        13630.19433594          332.99432373 
        5088.70981837            0.50000000         5050.39404297        13614.19433594          325.99432373 
        5091.84521627            0.50000000         4967.39404297        13597.19433594          317.99432373 
        5094.96370323            0.50000000         4818.39404297        13392.19433594          308.99432373 
        5098.07049004            0.50000000         4811.39404297        13515.19433594          318.99432373 
        5101.24493511            0.50000000         4674.39404297        13362.19433594          322.99432373 
        5104.50851173            0.50000000         4563.39404297        13193.19433594          326.99432373 
        5107.78725428            0.50000000         4506.39404297        13171.19433594          356.99432373 
        5111.07058345            0.50000000         4464.39404297        13140.19433594          348.99432373 
        5114.40110086            0.50000000         4396.39404297        13015.19433594          332.99432373 
        5117.77899722            0.50000000         4257.39404297        12807.19433594          336.99432373 
        5121.18310842            0.50000000         4141.39404297        12672.19433594          316.99432373 
        5124.60284295            0.50000000         4078.39404297        12469.19433594          344.99432373 
        5128.08645346            0.50000000         4119.39404297        12704.19433594          328.99432373 
        5131.61812249            0.50000000         3995.39404297        12431.19433594          310.99432373 
        5135.13897069            0.50000000         3927.39404297        12384.19433594          324.99432373 
        5138.71348792            0.50000000         3831.39404297        12177.19433594          317.99432373 
        5142.42272008            0.50000000         3817.39404297        12196.19433594          311.99432373 
        5145.98668794            0.50000000         3621.39404297        11826.19433594          275.99432373 
        5149.70193983            0.50000000         3602.39404297        11849.19433594          278.99432373 
        5153.42843777            0.50000000         3566.39404297        11802.19433594          279.99432373 
        5157.17706334            0.50000000         3515.39404297        11876.19433594          283.99432373 
        5161.02935832            0.50000000         3428.39404297        11689.19433594          299.99432373 
        5164.84439729            0.50000000         3306.39404297        11439.19433594          286.99432373 
        5168.74728178            0.50000000         3268.39404297        11452.19433594          293.99432373 
        5172.70023049            0.50000000         3136.39404297        11099.19433594          282.99432373 
        5176.55043219            0.50000000         3019.39404297        10866.19433594          286.99432373 
        5180.55467736            0.50000000         2433.39404297         8833.19433594          238.99432373 
        5184.54919932            0.50000000         2911.39404297        10655.19433594          291.99432373 
        5188.53942501            0.50000000         2805.39404297        10471.19433594          286.99432373 
        5192.70690048            0.50000000         2711.39404297        10208.19433594          285.99432373 
        5196.83203404            0.50000000         2608.39404297         9909.19433594          279.99432373 
        5200.94771756            0.50000000         2491.39404297         9583.19433594          258.99432373 
        5205.14791567            0.50000000         2376.39404297         9214.19433594          228.99432373 
        5208.92884851            0.50000000         2211.39404297         8586.19433594          236.99432373 
