# 1-D Scan File created by LabVIEW Control Panel  12/6/2011  3:27:05 AM; Scan time 0 hrs 4 min 28 sec. 
#
# Beamline 20 BM
#
# Scan config: 
#                 E0: 4966.00 eV   223 points
#        Scan bounds:  -100.00 -30.00 40.00 243.35 (7.99 (k))
#       Scan step(s):  5.00 0.50 0.07
#  Integration times:  0.50 0.50 0.50    kwgt in EXAFS region: 0.0 
#
# User Comment:
# 50oC
#
#
# Amplifier Sensitivities:
# Preslit: 20 nA/V  I0: 20 nA/V  I: 100 pA/V  IREF: 50 pA/V  
#
# Analog Input Voltages at start/end of scan:
# Preslit: 0.033/0.032  I0: 0.423/0.214  Ignore: 0.011/0.005  I: 0.756/0.465  IREF: 0.215/0.136  
#
# Mono Info:
# 
#
# ID Info:
# 
#
# Slit Info:
# Kappa S1:  Center is at -542 (H), 500 (V)   Size is 8000 wide x 2000 high
# Vacuum Slits:  Center is at 850 (H), -25 (V)   Size is 899 wide x 1000 high
#
# Motor Positions:
# SMV (20bm:m29): -37594.243125 SMH (20bm:m30): 4802.187500 
#
# Detector Names/PVs:
# I0/20bm:scaler1_netA.C  I/20bm:scaler1_netA.E  IREF/20bm:scaler1_netA.F  
#
# Positioner names/Drive PVs/Readback PVs:
# Mono Energy */20bm:monoE.VAL/20bm:EnctoE.VAL  Scaler preset time */20bm:scaler1.TP/  
# Here is a readable list of column headings:
#  1) Mono Energy *        
#  2) Scaler preset time * 
#  3) I0                   
#  4) I                    
#  5) IREF                 
#
# Column Headings:
#Mono Energy *        Scaler preset time * I0                   I                    IREF                 
        4865.38181436            0.50000000        16393.39453125        32735.19335937         4544.99414062 
        4870.45241530            0.50000000        16185.39355469        32569.19335937         4480.99414062 
        4875.46271053            0.50000000        16068.39355469        32611.19335937         4375.99414062 
        4880.54201781            0.50000000        15880.39355469        32544.19335937         4279.99414062 
        4885.59442313            0.50000000        15664.39355469        32373.19335937         4144.99414062 
        4890.57624875            0.50000000        15598.39355469        32477.19335937         4135.99414062 
        4895.66118128            0.50000000        15489.39355469        32593.19335937         4075.99438477 
        4900.77228306            0.50000000        15331.39355469        32681.19335937         4015.99438477 
        4905.80274538            0.50000000        15213.39355469        32597.19335937         3953.99438477 
        4910.81044561            0.50000000        15148.39355469        32885.19531250         3920.99438477 
        4915.82448876            0.50000000        14890.39355469        32731.19335937         3861.99438477 
        4920.85466623            0.50000000        14881.39355469        33084.19531250         3879.99438477 
        4925.88142801            0.50000000        14735.39355469        33116.19531250         3820.99438477 
        4930.88996442            0.50000000        14582.39355469        33094.19531250         3748.99438477 
        4935.95894332            0.50000000        14531.39355469        33247.19531250         3761.99438477 
        4936.47139734            0.50000000        14561.39355469        33626.19531250         3784.99438477 
        4936.94453528            0.50000000        14595.39355469        33662.19531250         3793.99438477 
        4937.44242310            0.50000000        14562.39355469        33648.19531250         3786.99438477 
        4937.92069616            0.50000000        14471.39355469        33516.19531250         3750.99438477 
        4938.43359654            0.50000000        14523.39355469        33547.19531250         3780.99438477 
        4938.95154708            0.50000000        14489.39355469        33464.19531250         3768.99438477 
        4939.44494397            0.50000000        14429.39355469        33508.19531250         3750.99438477 
        4939.98780527            0.50000000        14439.39355469        33486.19531250         3734.99438477 
        4940.47155546            0.50000000        14442.39355469        33602.19531250         3740.99438477 
        4940.98009864            0.50000000        14432.39355469        33710.19531250         3761.99438477 
        4941.44430609            0.50000000        14342.39355469        33516.19531250         3724.99438477 
        4941.93824871            0.50000000        14339.39355469        33538.19531250         3711.99438477 
        4942.42735845            0.50000000        14445.39355469        33759.19531250         3766.99438477 
        4942.97093809            0.50000000        14340.39355469        33673.19531250         3739.99438477 
        4943.46027175            0.50000000        14305.39355469        33475.19531250         3731.99438477 
        4944.02387833            0.50000000        14332.39355469        33599.19531250         3738.99438477 
        4944.46893032            0.50000000        14272.39355469        33531.19531250         3688.99438477 
        4944.99321522            0.50000000        14311.39355469        33634.19531250         3725.99438477 
        4945.46319667            0.50000000        14195.39355469        33483.19531250         3696.99438477 
        4945.96296847            0.50000000        14240.39355469        33526.19531250         3696.99438477 
        4946.43315182            0.50000000        14301.39355469        33561.19531250         3728.99438477 
        4946.99255003            0.50000000        14246.39355469        33698.19531250         3723.99438477 
        4947.46789985            0.50000000        14222.39355469        33641.19531250         3720.99438477 
        4948.04736771            0.50000000        14258.39355469        33823.19531250         3745.99438477 
        4948.47339614            0.50000000        14191.39355469        33679.19531250         3720.99438477 
        4949.01347785            0.50000000        14229.39355469        33832.19531250         3717.99438477 
        4949.47934006            0.50000000        14207.39355469        33819.19531250         3717.99438477 
        4949.98991638            0.50000000        14175.39355469        33827.19531250         3698.99438477 
        4950.44110404            0.50000000        14157.39355469        33754.19531250         3712.99438477 
        4951.01141509            0.50000000        14301.39355469        34181.19531250         3740.99438477 
        4951.47272839            0.50000000        14201.39355469        33870.19531250         3704.99438477 
        4952.07307262            0.50000000        14236.39355469        33962.19531250         3767.99438477 
        4952.48000808            0.50000000        14244.39355469        34016.19531250         3740.99438477 
        4953.02601211            0.50000000        14225.39355469        33949.19531250         3735.99438477 
        4953.48773654            0.50000000        14229.39355469        34092.19531250         3736.99438477 
        4953.99425236            0.50000000        14158.39355469        34026.19531250         3728.99438477 
        4954.44127225            0.50000000        14163.39355469        34032.19531250         3694.99438477 
        4955.01756152            0.50000000        14232.39355469        34328.19531250         3727.99438477 
        4955.48466220            0.50000000        14135.39355469        34109.19531250         3697.99438477 
        4956.08110105            0.50000000        14196.39355469        34324.19531250         3718.99438477 
        4956.48875800            0.50000000        14076.39355469        34047.19531250         3705.99438477 
        4957.03573018            0.50000000        14135.39355469        34193.19531250         3714.99438477 
        4957.48832523            0.50000000        14059.39355469        34004.19531250         3697.99438477 
        4958.02061316            0.50000000        14117.39355469        34259.19531250         3703.99438477 
        4958.44852407            0.50000000        14102.39355469        34232.19531250         3692.99438477 
        4959.02085687            0.50000000        14109.39355469        34348.19531250         3728.99438477 
        4959.49376261            0.50000000        14021.39355469        34115.19531250         3677.99438477 
        4960.07631904            0.50000000        14089.39355469        34285.19531250         3670.99438477 
        4960.48469573            0.50000000        14008.39355469        34206.19531250         3656.99438477 
        4961.02765187            0.50000000        14181.39355469        34614.19531250         3723.99438477 
        4961.48602802            0.50000000        13937.39355469        34050.19531250         3639.99438477 
        4962.01925603            0.50000000        14180.39355469        34674.19531250         3727.99438477 
        4962.43795282            0.50000000        13931.39355469        34140.19531250         3630.99438477 
        4963.02126652            0.50000000        14151.39355469        34628.19531250         3688.99438477 
        4963.49002044            0.50000000        13849.39355469        33942.19531250         3548.99438477 
        4964.08857053            0.50000000        14003.39355469        34374.19531250         3574.99438477 
        4964.48270224            0.50000000        13909.39355469        34311.19531250         3502.99438477 
        4965.03160731            0.50000000        14002.39355469        34425.19531250         3398.99438477 
        4965.47082700            0.50000000        13901.39355469        34318.19531250         3231.99438477 
        4966.01497839            0.50000000        13948.39355469        34288.19531250         2824.99438477 
        4966.42941972            0.50000000        13883.39355469        34409.19531250         2236.99438477 
        4967.01376077            0.50000000        13934.39355469        34296.19531250         1923.99438477 
        4967.47834432            0.50000000        13823.39355469        34106.19531250         2031.99438477 
        4968.07794749            0.50000000        13913.39355469        34206.19531250         2314.99438477 
        4968.46777448            0.50000000        13822.39355469        33899.19531250         2382.99438477 
        4969.01264485            0.50000000        13865.39355469        33747.19531250         2396.99438477 
        4969.46763678            0.50000000        13816.39355469        33700.19531250         2295.99438477 
        4970.00774550            0.50000000        13867.39355469        33572.19531250         2159.99438477 
        4970.42291635            0.50000000        13789.39355469        33281.19531250         2071.99438477 
        4971.00828608            0.50000000        13848.39355469        33154.19531250         1998.99438477 
        4971.47368758            0.50000000        13741.39355469        33114.19531250         1936.99438477 
        4972.06934037            0.50000000        13859.39355469        33509.19531250         1956.99438477 
        4972.45484597            0.50000000        13799.39355469        33595.19531250         1930.99438477 
        4973.01068993            0.50000000        13797.39355469        33559.19531250         1833.99438477 
        4973.46147401            0.50000000        13702.39355469        33353.19531250         1757.99438477 
        4973.99251215            0.50000000        13763.39355469        33141.19531250         1680.99438477 
        4974.41342293            0.50000000        13734.39355469        32744.19335937         1575.99438477 
        4975.00984661            0.50000000        13747.39355469        31991.19335937         1471.99438477 
        4975.46102724            0.50000000        13689.39355469        31426.19335937         1381.99438477 
        4976.05772573            0.50000000        13816.39355469        30945.19335937         1330.99438477 
        4976.44892396            0.50000000        13691.39355469        30289.19335937         1262.99438477 
        4977.00574514            0.50000000        13799.39355469        29994.19335937         1226.99438477 
        4977.45732183            0.50000000        13651.39355469        29389.19335937         1160.99438477 
        4977.98929377            0.50000000        13835.39355469        29497.19335937         1137.99438477 
        4978.40090455            0.50000000        13676.39355469        28980.19335937         1081.99438477 
        4978.98833176            0.50000000        13754.39355469        28949.19335937         1058.99438477 
        4979.46039167            0.50000000        13670.39355469        28543.19335937         1008.99432373 
        4980.05311609            0.50000000        13767.39355469        28489.19335937          998.99432373 
        4980.45505094            0.50000000        13624.39355469        27928.19335937          951.99432373 
        4981.01285307            0.50000000        13648.39355469        27576.19335937          960.99432373 
        4981.46522538            0.50000000        13651.39355469        27162.19335937          909.99432373 
        4981.98807863            0.50000000        13612.39355469        26502.19335937          889.99432373 
        4982.41549975            0.50000000        13629.39355469        25907.19335937          890.99432373 
        4982.99893329            0.50000000        13660.39355469        25122.19335937          862.99432373 
        4983.46176268            0.50000000        13577.39355469        24291.19335937          839.99432373 
        4984.04043163            0.50000000        13621.39355469        23301.19335937          829.99432373 
        4984.45313750            0.50000000        13567.39355469        22493.19335937          836.99432373 
        4984.99681538            0.50000000        13557.39355469        21689.19335937          806.99432373 
        4985.45501500            0.50000000        13551.39355469        21101.19335937          810.99432373 
        4985.96871086            0.50000000        13486.39355469        20483.19335937          812.99432373 
        4986.41703024            0.50000000        13561.39355469        20363.19335937          797.99432373 
        4986.98637175            0.50000000        13492.39355469        20001.19335937          788.99432373 
        4987.45505149            0.50000000        13437.39355469        19801.19335937          788.99432373 
        4988.04481765            0.50000000        13513.39355469        19908.19335937          778.99432373 
        4988.45824893            0.50000000        13447.39355469        19973.19335937          783.99432373 
        4988.99279551            0.50000000        13452.39355469        20223.19335937          793.99432373 
        4989.45684313            0.50000000        13331.39355469        20311.19335937          782.99432373 
        4989.95630414            0.50000000        13335.39355469        20679.19335937          808.99432373 
        4990.41045447            0.50000000        13346.39355469        21134.19335937          807.99432373 
        4990.97574553            0.50000000        13348.39355469        21584.19335937          821.99432373 
        4991.45029430            0.50000000        13307.39355469        21966.19335937          806.99432373 
        4992.01079275            0.50000000        13320.39355469        22442.19335937          813.99432373 
        4992.45019853            0.50000000        13278.39355469        22686.19335937          795.99432373 
        4992.98062847            0.50000000        13223.39355469        22891.19335937          799.99432373 
        4993.44548739            0.50000000        13290.39355469        23151.19335937          830.99432373 
        4993.93065845            0.50000000        13183.39355469        23064.19335937          822.99432373 
        4994.41593257            0.50000000        13196.39355469        23202.19335937          820.99432373 
        4994.95693249            0.50000000        13261.39355469        23228.19335937          816.99432373 
        4995.43736688            0.50000000        13243.39355469        23219.19335937          813.99432373 
        4995.98872657            0.50000000        13098.39355469        22903.19335937          793.99432373 
        4996.46431790            0.50000000        13200.39355469        22912.19335937          792.99432373 
        4996.97037476            0.50000000        13178.39355469        22794.19335937          783.99432373 
        4997.44110819            0.50000000        13077.39355469        22477.19335937          775.99432373 
        4997.91700176            0.50000000        13145.39355469        22410.19335937          768.99432373 
        4998.43857335            0.50000000        13067.39355469        22053.19335937          740.99432373 
        4998.94506736            0.50000000        12956.39355469        21692.19335937          728.99432373 
        4999.44660692            0.50000000        13093.39355469        21799.19335937          732.99432373 
        4999.97866300            0.50000000        13110.39355469        21619.19335937          745.99432373 
        5000.48042923            0.50000000        13035.39355469        21445.19335937          713.99432373 
        5000.95695558            0.50000000        12972.39355469        21306.19335937          723.99432373 
        5001.46400746            0.50000000        13104.39355469        21473.19335937          700.99432373 
        5001.92045021            0.50000000        13032.39355469        21495.19335937          708.99432373 
        5002.44293529            0.50000000        13015.39355469        21557.19335937          700.99432373 
        5002.91479613            0.50000000        12913.39355469        21497.19335937          672.99432373 
        5003.44765914            0.50000000        13002.39355469        21928.19335937          709.99432373 
        5003.96033963            0.50000000        12840.39355469        21784.19335937          691.99432373 
        5004.49852381            0.50000000        12908.39355469        22216.19335937          685.99432373 
        5004.94033552            0.50000000        12826.39355469        22317.19335937          686.99432373 
        5005.45843021            0.50000000        12939.39355469        22649.19335937          711.99432373 
        5005.90550802            0.50000000        12802.39355469        22704.19335937          690.99432373 
        5007.58282713            0.50000000        12803.39355469        23658.19335937          731.99432373 
        5009.38858730            0.50000000        12743.39355469        24202.19335937          746.99432373 
        5011.19067790            0.50000000        12562.39355469        24252.19335937          752.99432373 
        5013.00947521            0.50000000        12503.39355469        24302.19335937          767.99432373 
        5014.82971498            0.50000000        12406.39355469        24162.19335937          748.99432373 
        5016.80454738            0.50000000        12386.39355469        24126.19335937          757.99432373 
        5018.74531260            0.50000000        12244.39355469        23986.19335937          756.99432373 
        5020.78999541            0.50000000        12270.39355469        24315.19335937          749.99432373 
        5022.77507644            0.50000000        12238.39355469        24567.19335937          753.99432373 
        5024.86433048            0.50000000        12111.39355469        24560.19335937          760.99432373 
        5026.90933386            0.50000000        12034.39355469        24431.19335937          774.99432373 
        5029.05366799            0.50000000        11857.39355469        24155.19335937          725.99432373 
        5031.19486261            0.50000000        11883.39355469        24152.19335937          718.99432373 
        5033.46145744            0.50000000        11876.39355469        24030.19335937          702.99432373 
        5035.73028197            0.50000000        11740.39355469        23564.19335937          648.99432373 
        5038.00649172            0.50000000        11665.39355469        23187.19335937          613.99432373 
        5040.25400337            0.50000000        11473.39355469        22705.19335937          605.99432373 
        5042.64309213            0.50000000        11458.39355469        22660.19335937          610.99432373 
        5045.10183820            0.50000000        11379.39355469        22751.19335937          599.99432373 
        5047.44938279            0.50000000        11266.39355469        22873.19335937          587.99432373 
        5049.97539323            0.50000000        11207.39355469        22910.19335937          616.99432373 
        5052.42639273            0.50000000        10958.39355469        22545.19335937          623.99432373 
        5054.94745963            0.50000000        10898.39355469        22640.19335937          627.99432373 
        5057.56999460            0.50000000        10832.39355469        22704.19335937          639.99432373 
        5060.16948832            0.50000000        10721.39355469        22678.19335937          652.99432373 
        5062.79272772            0.50000000        10580.39355469        22701.19335937          645.99432373 
        5065.55970684            0.50000000        10551.39355469        22694.19335937          637.99432373 
        5068.25690262            0.50000000        10384.39355469        22604.19335937          641.99432373 
        5071.06698117            0.50000000        10119.39355469        22317.19335937          646.99432373 
        5073.95371582            0.50000000        10206.39355469        22650.19335937          655.99432373 
        5076.77592328            0.50000000        10012.39355469        22574.19335937          655.99432373 
        5079.66974605            0.50000000         9731.39355469        22126.19335937          587.99432373 
        5082.70897868            0.50000000         9696.39355469        22378.19335937          568.99432373 
        5085.72587834            0.50000000         9563.39355469        22273.19335937          571.99432373 
        5088.70455233            0.50000000         9569.39355469        22368.19335937          545.99432373 
        5091.83467007            0.50000000         9430.39355469        22383.19335937          527.99432373 
        5094.95842309            0.50000000         9237.39355469        22092.19335937          526.99432373 
        5098.06520289            0.50000000         9218.39355469        22227.19335937          534.99432373 
        5101.23964079            0.50000000         9080.39355469        22270.19335937          541.99432373 
        5104.50851173            0.50000000         8961.39355469        22221.19335937          573.99432373 
        5107.78725428            0.50000000         8836.39355469        22200.19335937          575.99432373 
        5111.06526691            0.50000000         8832.39355469        22294.19335937          562.99432373 
        5114.39577678            0.50000000         8864.39355469        22408.19335937          580.99432373 
        5117.77366549            0.50000000         8570.39355469        22012.19335937          570.99432373 
        5121.17776897            0.50000000         8410.39355469        21835.19335937          564.99432373 
        5124.60284295            0.50000000         8301.39355469        21649.19335937          566.99432373 
        5128.08109834            0.50000000         8361.39355469        22072.19335937          589.99432373 
        5131.61275934            0.50000000         8162.39404297        21691.19335937          558.99432373 
        5135.13897069            0.50000000         8015.39404297        21667.19335937          573.99432373 
        5138.71886720            0.50000000         7885.39404297        21457.19335937          558.99432373 
        5142.42272008            0.50000000         7847.39404297        21538.19335937          533.99432373 
        5145.98668794            0.50000000         7548.39404297        21095.19335937          558.99432373 
        5149.69653553            0.50000000         7479.39404297        21088.19335937          539.99432373 
        5153.42843777            0.50000000         7388.39404297        21020.19335937          521.99432373 
        5157.17706334            0.50000000         7201.39404297        20856.19335937          541.99432373 
        5161.04564888            0.50000000         7083.39404297        20744.19335937          541.99432373 
        5164.85527509            0.50000000         6881.39404297        20532.19335937          549.99432373 
        5168.74728178            0.50000000         6826.39404297        20620.19335937          567.99432373 
        5172.70023049            0.50000000         6653.39404297        20283.19335937          554.99432373 
        5176.54496650            0.50000000         6447.39404297        19997.19335937          553.99432373 
        5180.56562714            0.50000000         5204.39404297        16379.19433594          472.99432373 
        5184.55468336            0.50000000         6344.39404297        20065.19335937          563.99432373 
        5188.54491822            0.50000000         6137.39404297        19798.19335937          570.99432373 
        5192.71240326            0.50000000         5945.39404297        19413.19335937          537.99432373 
        5196.83203404            0.50000000         5728.39404297        18824.19335937          528.99432373 
        5200.94771756            0.50000000         5520.39404297        18447.19335937          519.99432373 
        5205.15344710            0.50000000         5284.39404297        17831.19335937          509.99432373 
        5208.93438865            0.50000000         4995.39404297        16952.19335937          462.99432373 
