# 1-D Scan File created by LabVIEW Control Panel  12/6/2011  4:17:17 AM; Scan time 0 hrs 4 min 28 sec. 
#
# Beamline 20 BM
#
# Scan config: 
#                 E0: 4966.00 eV   223 points
#        Scan bounds:  -100.00 -30.00 40.00 243.35 (7.99 (k))
#       Scan step(s):  5.00 0.50 0.07
#  Integration times:  0.50 0.50 0.50    kwgt in EXAFS region: 0.0 
#
# User Comment:
# 50oC
#
#
# Amplifier Sensitivities:
# Preslit: 20 nA/V  I0: 20 nA/V  I: 100 pA/V  IREF: 50 pA/V  
#
# Analog Input Voltages at start/end of scan:
# Preslit: 0.033/0.032  I0: 0.391/0.180  Ignore: 0.010/0.005  I: 0.724/0.403  IREF: 0.208/0.133  
#
# Mono Info:
# 
#
# ID Info:
# 
#
# Slit Info:
# Kappa S1:  Center is at -542 (H), 500 (V)   Size is 8000 wide x 2000 high
# Vacuum Slits:  Center is at 850 (H), -25 (V)   Size is 899 wide x 1000 high
#
# Motor Positions:
# SMV (20bm:m29): -37594.243125 SMH (20bm:m30): 4802.187500 
#
# Detector Names/PVs:
# I0/20bm:scaler1_netA.C  I/20bm:scaler1_netA.E  IREF/20bm:scaler1_netA.F  
#
# Positioner names/Drive PVs/Readback PVs:
# Mono Energy */20bm:monoE.VAL/20bm:EnctoE.VAL  Scaler preset time */20bm:scaler1.TP/  
# Here is a readable list of column headings:
#  1) Mono Energy *        
#  2) Scaler preset time * 
#  3) I0                   
#  4) I                    
#  5) IREF                 
#
# Column Headings:
#Mono Energy *        Scaler preset time * I0                   I                    IREF                 
        4865.37704075            0.50000000        14613.39355469        31191.19335937         4237.99414062 
        4870.44763076            0.50000000        14409.39355469        30903.19335937         4198.99414062 
        4875.46271053            0.50000000        14299.39355469        30996.19335937         4112.99414062 
        4880.53721146            0.50000000        14102.39355469        30845.19335937         3983.99438477 
        4885.57997133            0.50000000        13920.39355469        30791.19335937         3912.99438477 
        4890.57142068            0.50000000        13848.39355469        30880.19335937         3844.99438477 
        4895.65150310            0.50000000        13703.39355469        30858.19335937         3812.99438477 
        4900.76743286            0.50000000        13615.39355469        31049.19335937         3754.99438477 
        4905.79788426            0.50000000        13449.39355469        30882.19335937         3702.99438477 
        4910.81044561            0.50000000        13324.39355469        30946.19335937         3663.99438477 
        4915.81960583            0.50000000        13086.39355469        30781.19335937         3568.99438477 
        4920.84977234            0.50000000        13093.39355469        31162.19335937         3562.99438477 
        4925.88142801            0.50000000        12957.39355469        31080.19335937         3536.99438477 
        4930.88996442            0.50000000        12820.39355469        31140.19335937         3513.99438477 
        4935.95894332            0.50000000        12724.39355469        31216.19335937         3483.99438477 
        4936.47139734            0.50000000        12800.39355469        31573.19335937         3548.99438477 
        4936.94453528            0.50000000        12819.39355469        31599.19335937         3528.99438477 
        4937.44242310            0.50000000        12811.39355469        31624.19335937         3557.99438477 
        4937.92069616            0.50000000        12687.39355469        31412.19335937         3504.99438477 
        4938.42866425            0.50000000        12755.39355469        31509.19335937         3508.99438477 
        4938.93674684            0.50000000        12718.39355469        31452.19335937         3483.99438477 
        4939.44000946            0.50000000        12684.39355469        31511.19335937         3481.99438477 
        4939.98286958            0.50000000        12669.39355469        31395.19335937         3513.99438477 
        4940.46661871            0.50000000        12675.39355469        31479.19335937         3505.99438477 
        4940.98009864            0.50000000        12645.39355469        31517.19335937         3475.99438477 
        4941.44430609            0.50000000        12567.39355469        31391.19335937         3468.99438477 
        4941.93824871            0.50000000        12617.39355469        31529.19335937         3475.99438477 
        4942.42735845            0.50000000        12675.39355469        31632.19335937         3487.99438477 
        4942.97093809            0.50000000        12584.39355469        31563.19335937         3474.99438477 
        4943.45532845            0.50000000        12573.39355469        31498.19335937         3457.99438477 
        4944.01893380            0.50000000        12613.39355469        31648.19335937         3488.99438477 
        4944.46893032            0.50000000        12524.39355469        31510.19335937         3441.99438477 
        4944.99816189            0.50000000        12530.39355469        31418.19335937         3430.99438477 
        4945.46319667            0.50000000        12424.39355469        31333.19335937         3448.99438477 
        4945.95801969            0.50000000        12450.39355469        31345.19335937         3429.99438477 
        4946.43315182            0.50000000        12537.39355469        31484.19335937         3442.99438477 
        4946.99255003            0.50000000        12497.39355469        31554.19335937         3442.99438477 
        4947.46789985            0.50000000        12472.39355469        31498.19335937         3443.99438477 
        4948.04736771            0.50000000        12461.39355469        31545.19335937         3472.99438477 
        4948.47339614            0.50000000        12393.39355469        31514.19335937         3455.99438477 
        4949.00852239            0.50000000        12379.39355469        31534.19335937         3467.99438477 
        4949.47438357            0.50000000        12421.39355469        31651.19335937         3450.99438477 
        4949.98000117            0.50000000        12378.39355469        31553.19335937         3433.99438477 
        4950.43614545            0.50000000        12379.39355469        31541.19335937         3467.99438477 
        4951.00645525            0.50000000        12464.39355469        31809.19335937         3474.99438477 
        4951.47272839            0.50000000        12370.39355469        31591.19335937         3453.99438477 
        4952.06811044            0.50000000        12453.39355469        31732.19335937         3444.99438477 
        4952.48000808            0.50000000        12418.39355469        31744.19335937         3430.99438477 
        4953.02104785            0.50000000        12403.39355469        31673.19335937         3444.99438477 
        4953.48277126            0.50000000        12439.39355469        31887.19335937         3460.99438477 
        4953.98928596            0.50000000        12380.39355469        31823.19335937         3453.99438477 
        4954.44127225            0.50000000        12366.39355469        31762.19335937         3451.99438477 
        4955.01259288            0.50000000        12399.39355469        31940.19335937         3441.99438477 
        4955.48466220            0.50000000        12307.39355469        31788.19335937         3438.99438477 
        4956.07115912            0.50000000        12357.39355469        32010.19335937         3444.99438477 
        4956.48378613            0.50000000        12224.39355469        31663.19335937         3399.99438477 
        4957.03573018            0.50000000        12282.39355469        31743.19335937         3428.99438477 
        4957.48832523            0.50000000        12278.39355469        31691.19335937         3407.99438477 
        4958.02061316            0.50000000        12274.39355469        31872.19335937         3430.99438477 
        4958.44354790            0.50000000        12215.39355469        31711.19335937         3389.99438477 
        4959.01587944            0.50000000        12264.39355469        31937.19335937         3430.99438477 
        4959.48878414            0.50000000        12187.39355469        31717.19335937         3372.99438477 
        4960.07133929            0.50000000        12240.39355469        31939.19335937         3415.99438477 
        4960.48469573            0.50000000        12114.39355469        31613.19335937         3366.99438477 
        4961.02765187            0.50000000        12330.39355469        32119.19335937         3408.99438477 
        4961.48104517            0.50000000        12109.39355469        31670.19335937         3356.99438477 
        4962.01427201            0.50000000        12310.39355469        32153.19335937         3420.99438477 
        4962.43296788            0.50000000        12058.39355469        31608.19335937         3312.99438477 
        4963.01628030            0.50000000        12265.39355469        32140.19335937         3377.99438477 
        4963.48503319            0.50000000        12060.39355469        31689.19335937         3306.99438477 
        4964.08857053            0.50000000        12118.39355469        31835.19335937         3256.99438477 
        4964.47771280            0.50000000        12016.39355469        31665.19335937         3196.99438477 
        4965.02661666            0.50000000        12099.39355469        31809.19335937         3160.99438477 
        4965.47082700            0.50000000        11994.39355469        31690.19335937         2975.99438477 
        4966.00998558            0.50000000        12082.39355469        31842.19335937         2586.99438477 
        4966.42941972            0.50000000        11984.39355469        31696.19335937         2057.99438477 
        4967.01376077            0.50000000        12030.39355469        31682.19335937         1729.99438477 
        4967.47334829            0.50000000        11935.39355469        31483.19335937         1830.99438477 
        4968.07794749            0.50000000        12014.39355469        31591.19335937         2109.99438477 
        4968.46277628            0.50000000        11914.39355469        31280.19335937         2186.99438477 
        4969.01764427            0.50000000        11983.39355469        31249.19335937         2214.99438477 
        4969.46263637            0.50000000        11950.39355469        31189.19335937         2109.99438477 
        4970.00774550            0.50000000        12008.39355469        31092.19335937         2013.99438477 
        4970.41791384            0.50000000        11918.39355469        30772.19335937         1911.99438477 
        4971.01328989            0.50000000        11938.39355469        30471.19335937         1830.99438477 
        4971.47368758            0.50000000        11877.39355469        30540.19335937         1801.99438477 
        4972.07434652            0.50000000        11956.39355469        30804.19335937         1766.99438477 
        4972.46485998            0.50000000        11928.39355469        31031.19335937         1772.99438477 
        4973.01569815            0.50000000        11947.39355469        31035.19335937         1726.99438477 
        4973.46648323            0.50000000        11914.39355469        31037.19335937         1649.99438477 
        4974.00253293            0.50000000        11931.39355469        30671.19335937         1541.99438477 
        4974.41843424            0.50000000        11886.39355469        30416.19335937         1455.99438477 
        4975.00984661            0.50000000        11920.39355469        29757.19335937         1371.99438477 
        4975.46604086            0.50000000        11841.39355469        29210.19335937         1281.99438477 
        4976.06274067            0.50000000        11963.39355469        28848.19335937         1265.99438477 
        4976.45393976            0.50000000        11823.39355469        28138.19335937         1179.99438477 
        4977.00574514            0.50000000        11941.39355469        28001.19335937         1127.99438477 
        4977.45732183            0.50000000        11756.39355469        27290.19335937         1070.99438477 
        4977.98929377            0.50000000        11896.39355469        27291.19335937         1068.99438477 
        4978.40592465            0.50000000        11741.39355469        26729.19335937         1007.99432373 
        4978.99335316            0.50000000        11845.39355469        26718.19335937          958.99432373 
        4979.46541411            0.50000000        11756.39355469        26389.19335937          937.99432373 
        4980.05813984            0.50000000        11855.39355469        26322.19335937          910.99432373 
        4980.45505094            0.50000000        11684.39355469        25612.19335937          868.99432373 
        4981.01285307            0.50000000        11708.39355469        25322.19335937          853.99432373 
        4981.46522538            0.50000000        11718.39355469        24951.19335937          853.99432373 
        4981.99310665            0.50000000        11689.39355469        24344.19335937          836.99432373 
        4982.40544186            0.50000000        11686.39355469        23858.19335937          829.99432373 
        4982.99390305            0.50000000        11657.39355469        23021.19335937          804.99432373 
        4983.46176268            0.50000000        11578.39355469        22281.19335937          788.99432373 
        4984.03539909            0.50000000        11647.39355469        21540.19335937          765.99432373 
        4984.45817096            0.50000000        11604.39355469        20819.19335937          787.99432373 
        4984.99178073            0.50000000        11596.39355469        20122.19335937          755.99432373 
        4985.45501500            0.50000000        11582.39355469        19601.19335937          738.99432373 
        4985.96871086            0.50000000        11478.39355469        19002.19335937          742.99432373 
        4986.41199245            0.50000000        11591.39355469        18860.19335937          728.99432373 
        4986.98637175            0.50000000        11497.39355469        18437.19335937          724.99432373 
        4987.45505149            0.50000000        11490.39355469        18333.19335937          724.99432373 
        4988.04481765            0.50000000        11536.39355469        18353.19335937          745.99432373 
        4988.45824893            0.50000000        11435.39355469        18242.19335937          751.99432373 
        4988.99279551            0.50000000        11480.39355469        18488.19335937          720.99432373 
        4989.45684313            0.50000000        11372.39355469        18523.19335937          711.99432373 
        4989.96134976            0.50000000        11341.39355469        18769.19335937          715.99432373 
        4990.41045447            0.50000000        11364.39355469        19149.19335937          725.99432373 
        4990.97574553            0.50000000        11350.39355469        19575.19335937          757.99432373 
        4991.45534322            0.50000000        11320.39355469        19910.19335937          761.99432373 
        4992.00574260            0.50000000        11336.39355469        20418.19335937          755.99432373 
        4992.45019853            0.50000000        11251.39355469        20567.19335937          749.99432373 
        4992.98062847            0.50000000        11234.39355469        20761.19335937          721.99432373 
        4993.45054073            0.50000000        11311.39355469        21132.19335937          747.99432373 
        4993.93571286            0.50000000        11203.39355469        21045.19335937          757.99432373 
        4994.42098805            0.50000000        11254.39355469        21192.19335937          756.99432373 
        4994.95187582            0.50000000        11265.39355469        21230.19335937          752.99432373 
        4995.43736688            0.50000000        11217.39355469        21128.19335937          729.99432373 
        4995.98366762            0.50000000        11106.39355469        20826.19335937          731.99432373 
        4996.46937791            0.50000000        11216.39355469        20920.19335937          726.99432373 
        4996.97037476            0.50000000        11195.39355469        20787.19335937          722.99432373 
        4997.45123255            0.50000000        11083.39355469        20507.19335937          706.99432373 
        4997.91700176            0.50000000        11157.39355469        20453.19335937          707.99432373 
        4998.43857335            0.50000000        11078.39355469        20141.19335937          691.99432373 
        4998.95519838            0.50000000        10968.39355469        19756.19335937          687.99432373 
        4999.44660692            0.50000000        11120.39355469        19875.19335937          682.99432373 
        4999.98879861            0.50000000        11154.39355469        19738.19335937          666.99432373 
        5000.48549814            0.50000000        11069.39355469        19565.19335937          664.99432373 
        5000.96709552            0.50000000        11007.39355469        19391.19335937          637.99432373 
        5001.46907854            0.50000000        11127.39355469        19536.19335937          650.99432373 
        5001.92552231            0.50000000        11026.39355469        19451.19335937          637.99432373 
        5002.44800855            0.50000000        11073.39355469        19622.19335937          640.99432373 
        5002.92494474            0.50000000        10950.39355469        19564.19335937          640.99432373 
        5003.45781011            0.50000000        11003.39355469        19827.19335937          653.99432373 
        5003.96541625            0.50000000        10838.39355469        19676.19335937          639.99432373 
        5004.50360162            0.50000000        10900.39355469        20010.19335937          634.99432373 
        5004.94033552            0.50000000        10819.39355469        20129.19335937          622.99432373 
        5005.46351015            0.50000000        10951.39355469        20538.19335937          652.99432373 
        5005.91058895            0.50000000        10806.39355469        20541.19335937          630.99432373 
        5007.59299644            0.50000000        10775.39355469        21292.19335937          651.99432373 
        5009.39876463            0.50000000        10754.39355469        21772.19335937          653.99432373 
        5011.19577056            0.50000000        10545.39355469        21763.19335937          676.99432373 
        5013.01966861            0.50000000        10494.39355469        21861.19335937          674.99432373 
        5014.83481572            0.50000000        10379.39355469        21644.19335937          689.99432373 
        5016.80965250            0.50000000        10353.39355469        21641.19335937          676.99432373 
        5018.75042204            0.50000000        10245.39355469        21573.19335937          692.99432373 
        5020.78999541            0.50000000        10269.39355469        21898.19335937          696.99432373 
        5022.78019484            0.50000000        10207.39355469        21957.19335937          685.99432373 
        5024.87457660            0.50000000        10076.39355469        21910.19335937          705.99432373 
        5026.91958908            0.50000000        10001.39355469        21795.19335937          660.99432373 
        5029.05880037            0.50000000         9851.39355469        21496.19335937          654.99432373 
        5031.19486261            0.50000000         9949.39355469        21647.19335937          659.99432373 
        5033.46145744            0.50000000         9868.39355469        21430.19335937          628.99432373 
        5035.73028197            0.50000000         9724.39355469        20945.19335937          572.99432373 
        5038.00649172            0.50000000         9704.39355469        20674.19335937          554.99432373 
        5040.25400337            0.50000000         9525.39355469        20206.19335937          535.99432373 
        5042.64309213            0.50000000         9531.39355469        20270.19335937          544.99432373 
        5045.10700638            0.50000000         9456.39355469        20326.19335937          524.99432373 
        5047.44420937            0.50000000         9355.39355469        20363.19335937          538.99432373 
        5049.97021416            0.50000000         9306.39355469        20402.19335937          548.99432373 
        5052.41083910            0.50000000         9102.39355469        20123.19335937          542.99432373 
        5054.93188907            0.50000000         9088.39355469        20259.19335937          557.99432373 
        5057.55960247            0.50000000         8937.39355469        20056.19335937          567.99432373 
        5060.14868081            0.50000000         8885.39355469        20121.19335937          562.99432373 
        5062.77710442            0.50000000         8756.39355469        20105.19335937          591.99432373 
        5065.54927889            0.50000000         8706.39355469        20074.19335937          592.99432373 
        5068.24124255            0.50000000         8574.39355469        19983.19335937          566.99432373 
        5071.06175482            0.50000000         8352.39355469        19630.19335937          567.99432373 
        5073.95371582            0.50000000         8382.39355469        19872.19335937          573.99432373 
        5076.77592328            0.50000000         8235.39355469        19812.19335937          564.99432373 
        5079.65400904            0.50000000         7998.39404297        19440.19335937          525.99432373 
        5082.70372616            0.50000000         7989.39404297        19708.19335937          506.99432373 
        5085.71535973            0.50000000         7915.39404297        19705.19335937          494.99432373 
        5088.70455233            0.50000000         7931.39404297        19869.19335937          477.99432373 
        5091.82939699            0.50000000         7776.39404297        19699.19335937          469.99432373 
        5094.95314296            0.50000000         7624.39404297        19515.19335937          466.99432373 
        5098.05462862            0.50000000         7600.39404297        19617.19335937          486.99432373 
        5101.22905218            0.50000000         7483.39404297        19617.19335937          505.99432373 
        5104.50321003            0.50000000         7421.39404297        19694.19335937          524.99432373 
        5107.77663607            0.50000000         7263.39404297        19516.19335937          523.99432373 
        5111.06526691            0.50000000         7272.39404297        19644.19335937          513.99432373 
        5114.39045271            0.50000000         7163.39404297        19405.19335937          518.99432373 
        5117.77899722            0.50000000         7026.39404297        19315.19335937          526.99432373 
        5121.18310842            0.50000000         6880.39404297        19074.19335937          501.99432373 
        5124.60284295            0.50000000         6751.39404297        18750.19335937          505.99432373 
        5128.08109834            0.50000000         6867.39404297        19366.19335937          513.99432373 
        5131.61275934            0.50000000         6716.39404297        18949.19335937          514.99432373 
        5135.13897069            0.50000000         6568.39404297        18905.19335937          501.99432373 
        5138.71348792            0.50000000         6401.39404297        18618.19335937          505.99432373 
        5142.42272008            0.50000000         6425.39404297        18800.19335937          484.99432373 
        5145.99208379            0.50000000         6121.39404297        18279.19335937          455.99432373 
        5149.70193983            0.50000000         6070.39404297        18304.19335937          456.99432373 
        5153.42843777            0.50000000         5965.39404297        18123.19335937          432.99432373 
        5157.17706334            0.50000000         5873.39404297        18192.19335937          461.99432373 
        5161.04021868            0.50000000         5749.39404297        18014.19335937          460.99432373 
        5164.84983618            0.50000000         5555.39404297        17748.19335937          474.99432373 
        5168.74728178            0.50000000         5515.39404297        17859.19335937          475.99432373 
        5172.69477363            0.50000000         5353.39404297        17524.19335937          466.99432373 
        5176.53950083            0.50000000         5174.39404297        17222.19335937          480.99432373 
        5180.56015224            0.50000000         4182.39404297        14086.19433594          413.99432373 
        5184.54371529            0.50000000         5067.39404297        17170.19335937          482.99432373 
        5188.53942501            0.50000000         4919.39404297        17051.19335937          486.99432373 
        5192.70690048            0.50000000         4742.39404297        16529.19335937          468.99432373 
        5196.83203404            0.50000000         4547.39404297        16069.19433594          472.99432373 
        5200.94219583            0.50000000         4388.39404297        15724.19433594          444.99432373 
        5205.14238426            0.50000000         4189.39404297        15122.19433594          414.99432373 
        5208.92330839            0.50000000         3958.39404297        14371.19433594          389.99432373 
