# 1-D Scan File created by LabVIEW Control Panel  12/5/2011  11:46:09 PM; Scan time 0 hrs 4 min 28 sec. 
#
# Beamline 20 BM
#
# Scan config: 
#                 E0: 4966.00 eV   223 points
#        Scan bounds:  -100.00 -30.00 40.00 243.35 (7.99 (k))
#       Scan step(s):  5.00 0.50 0.07
#  Integration times:  0.50 0.50 0.50    kwgt in EXAFS region: 0.0 
#
# User Comment:
# 50oC
#
#
# Amplifier Sensitivities:
# Preslit: 20 nA/V  I0: 20 nA/V  I: 100 pA/V  IREF: 50 pA/V  
#
# Analog Input Voltages at start/end of scan:
# Preslit: 0.034/0.031  I0: 0.673/0.427  Ignore: 0.017/0.012  I: 0.901/0.848  IREF: 0.240/0.144  
#
# Mono Info:
# 
#
# ID Info:
# 
#
# Slit Info:
# Kappa S1:  Center is at -542 (H), 500 (V)   Size is 8000 wide x 2000 high
# Vacuum Slits:  Center is at 850 (H), -25 (V)   Size is 899 wide x 1000 high
#
# Motor Positions:
# SMV (20bm:m29): -37594.243125 SMH (20bm:m30): 4802.187500 
#
# Detector Names/PVs:
# I0/20bm:scaler1_netA.C  I/20bm:scaler1_netA.E  IREF/20bm:scaler1_netA.F  
#
# Positioner names/Drive PVs/Readback PVs:
# Mono Energy */20bm:monoE.VAL/20bm:EnctoE.VAL  Scaler preset time */20bm:scaler1.TP/  
# Here is a readable list of column headings:
#  1) Mono Energy *        
#  2) Scaler preset time * 
#  3) I0                   
#  4) I                    
#  5) IREF                 
#
# Column Headings:
#Mono Energy *        Scaler preset time * I0                   I                    IREF                 
        4865.41045621            0.50000000        28567.39453125        40022.19531250         5796.99414062 
        4870.46198442            0.50000000        28482.39453125        40203.19531250         5764.99414062 
        4875.47230129            0.50000000        28404.39453125        40443.19531250         5675.99414062 
        4880.54682416            0.50000000        28231.39453125        40499.19531250         5563.99414062 
        4885.59924042            0.50000000        28115.39453125        40715.19531250         5444.99414062 
        4890.59556114            0.50000000        28112.39453125        41126.19531250         5466.99414062 
        4895.68053777            0.50000000        28040.39453125        41363.19531250         5403.99414062 
        4900.80138442            0.50000000        27909.39453125        41591.19531250         5321.99414062 
        4905.82218997            0.50000000        27780.39453125        41789.19531250         5268.99414062 
        4910.83480583            0.50000000        27781.39453125        42238.19531250         5255.99414062 
        4915.84890357            0.50000000        27431.39453125        42112.19531250         5123.99414062 
        4920.87424191            0.50000000        27526.39453125        42676.19531250         5153.99414062 
        4925.91085739            0.50000000        27425.39453125        43091.19531250         5145.99414062 
        4930.92437529            0.50000000        27385.39453125        43440.19531250         5116.99414062 
        4935.98850481            0.50000000        27341.39453125        43907.19531250         5098.99414062 
        4936.49603748            0.50000000        27441.39453125        44215.19531250         5109.99414062 
        4936.96918061            0.50000000        27500.39453125        44339.19531250         5140.99414062 
        4937.46214370            0.50000000        27481.39453125        44330.19531250         5150.99414062 
        4937.94535217            0.50000000        27315.39453125        44178.19531250         5073.99414062 
        4938.45332581            0.50000000        27406.39453125        44278.19531250         5108.99414062 
        4938.97128088            0.50000000        27399.39453125        44283.19531250         5109.99414062 
        4939.46468209            0.50000000        27346.39453125        44392.19531250         5084.99414062 
        4940.01248389            0.50000000        27340.39453125        44352.19531250         5097.99414062 
        4940.48636577            0.50000000        27397.39453125        44474.19531250         5140.99414062 
        4940.99985020            0.50000000        27380.39453125        44527.19531250         5113.99414062 
        4941.47393960            0.50000000        27176.39453125        44247.19531250         5072.99414062 
        4941.97776879            0.50000000        27241.39453125        44486.19531250         5059.99414062 
        4942.44712268            0.50000000        27370.39453125        44679.19531250         5108.99414062 
        4942.99564937            0.50000000        27187.39453125        44513.19531250         5058.99414062 
        4943.48004504            0.50000000        27216.39453125        44539.19531250         5090.99414062 
        4944.04365656            0.50000000        27336.39453125        44785.19531250         5105.99414062 
        4944.48871245            0.50000000        27208.39453125        44649.19531250         5067.99414062 
        4945.01794865            0.50000000        27194.39453125        44659.19531250         5023.99414062 
        4945.48793525            0.50000000        27018.39453125        44445.19531250         4998.99414062 
        4945.98771252            0.50000000        27111.39453125        44622.19531250         5031.99414062 
        4946.45790102            0.50000000        27238.39453125        44773.19531250         5032.99414062 
        4947.01235427            0.50000000        27179.39453125        44912.19531250         5101.99414062 
        4947.50256469            0.50000000        27173.39453125        44980.19531250         5118.99414062 
        4948.07708802            0.50000000        27320.39453125        45148.19531250         5119.99414062 
        4948.49816771            0.50000000        27275.39453125        45233.19531250         5110.99414062 
        4949.03825534            0.50000000        27270.39453125        45324.19531250         5099.99414062 
        4949.50412266            0.50000000        27305.39453125        45374.19531250         5083.99414062 
        4950.01966224            0.50000000        27205.39453125        45242.19531250         5107.99414062 
        4950.46589719            0.50000000        27219.39453125        45378.19531250         5083.99414062 
        4951.03621449            0.50000000        27408.39453125        45696.19531250         5145.99414062 
        4951.50745470            0.50000000        27243.39453125        45486.19531250         5100.99414062 
        4952.10284590            0.50000000        27328.39453125        45605.19531250         5104.99414062 
        4952.50978672            0.50000000        27354.39453125        45739.19531250         5103.99414062 
        4953.05083361            0.50000000        27335.39453125        45754.19531250         5117.99414062 
        4953.51256311            0.50000000        27403.39453125        45888.19531250         5117.99414062 
        4954.02901740            0.50000000        27273.39453125        45810.19531250         5069.99414062 
        4954.46610928            0.50000000        27302.39453125        45861.19531250         5079.99414062 
        4955.03743618            0.50000000        27379.39453125        46075.19531250         5110.99414062 
        4955.50951068            0.50000000        27252.39453125        45917.19531250         5064.99414062 
        4956.10595608            0.50000000        27349.39453125        46186.19531250         5095.99414062 
        4956.51361750            0.50000000        27170.39453125        45915.19531250         5086.99414062 
        4957.06556882            0.50000000        27226.39453125        46040.19531250         5051.99414062 
        4957.51816984            0.50000000        27241.39453125        46125.19531250         5073.99414062 
        4958.04548949            0.50000000        27201.39453125        46113.19531250         5061.99414062 
        4958.47340510            0.50000000        27214.39453125        46110.19531250         5081.99414062 
        4959.04076670            0.50000000        27268.39453125        46358.19531250         5067.99414062 
        4959.51367660            0.50000000        27143.39453125        46169.19531250         5052.99414062 
        4960.10121795            0.50000000        27238.39453125        46394.19531250         5070.99414062 
        4960.51457984            0.50000000        27085.39453125        46223.19531250         5020.99414062 
        4961.05256124            0.50000000        27348.39453125        46623.19531250         5127.99414062 
        4961.50595952            0.50000000        27010.39453125        46134.19531250         5004.99414062 
        4962.03919222            0.50000000        27319.39453125        46661.19531250         5052.99414062 
        4962.46287769            0.50000000        26964.39453125        46228.19531250         4986.99414062 
        4963.04619780            0.50000000        27306.39453125        46775.19531250         5025.99414062 
        4963.51495688            0.50000000        26968.39453125        46360.19531250         4946.99414062 
        4964.11351354            0.50000000        27110.39453125        46597.19531250         4906.99414062 
        4964.50764959            0.50000000        27005.39453125        46522.19531250         4835.99414062 
        4965.05157000            0.50000000        27106.39453125        46682.19531250         4742.99414062 
        4965.50576858            0.50000000        26976.39453125        46512.19531250         4483.99414062 
        4966.03994259            0.50000000        27113.39453125        46763.19531250         3900.99438477 
        4966.45438849            0.50000000        26951.39453125        46565.19531250         3110.99438477 
        4967.03873596            0.50000000        27069.39453125        46579.19531250         2744.99438477 
        4967.50332462            0.50000000        26862.39453125        46215.19531250         2868.99438477 
        4968.10293439            0.50000000        27033.39453125        46546.19531250         3268.99438477 
        4968.49276568            0.50000000        26905.39453125        46159.19531250         3344.99438477 
        4969.03764204            0.50000000        27002.39453125        46048.19531250         3346.99438477 
        4969.49263898            0.50000000        26898.39453125        45736.19531250         3175.99438477 
        4970.03275365            0.50000000        27012.39453125        45714.19531250         3056.99438477 
        4970.44292650            0.50000000        26931.39453125        45445.19531250         2937.99438477 
        4971.03330524            0.50000000        26939.39453125        45258.19531250         2815.99438477 
        4971.49370698            0.50000000        26854.39453125        45425.19531250         2748.99438477 
        4972.09437122            0.50000000        26929.39453125        45753.19531250         2770.99438477 
        4972.48989518            0.50000000        26846.39453125        45694.19531250         2715.99438477 
        4973.03573114            0.50000000        26953.39453125        45943.19531250         2622.99438477 
        4973.48151094            0.50000000        26804.39453125        45533.19531250         2511.99438477 
        4974.02257462            0.50000000        26905.39453125        45229.19531250         2377.99438477 
        4974.43346825            0.50000000        26769.39453125        44512.19531250         2233.99438477 
        4975.02488452            0.50000000        26947.39453125        43742.19531250         2112.99438477 
        4975.48609545            0.50000000        26792.39453125        42710.19531250         2009.99438477 
        4976.08280052            0.50000000        27033.39453125        42014.19531250         1942.99438477 
        4976.47400307            0.50000000        26738.39453125        41001.19531250         1783.99438477 
        4977.02079626            0.50000000        27034.39453125        40907.19531250         1768.99438477 
        4977.48241205            0.50000000        26788.39453125        40117.19531250         1679.99438477 
        4978.01438986            0.50000000        27009.39453125        40099.19531250         1625.99438477 
        4978.43102534            0.50000000        26749.39453125        39412.19531250         1566.99438477 
        4979.01343887            0.50000000        26952.39453125        39426.19531250         1563.99438477 
        4979.49052647            0.50000000        26763.39453125        38928.19531250         1511.99438477 
        4980.07823494            0.50000000        26895.39453125        38785.19531250         1480.99438477 
        4980.48017423            0.50000000        26702.39453125        38231.19531250         1408.99438477 
        4981.03295660            0.50000000        26726.39453125        37780.19531250         1396.99438477 
        4981.49035981            0.50000000        26731.39453125        37175.19531250         1382.99438477 
        4982.01824690            0.50000000        26708.39453125        36330.19531250         1305.99438477 
        4982.43561566            0.50000000        26722.39453125        35555.19531250         1312.99438477 
        4983.00899379            0.50000000        26766.39453125        34308.19531250         1312.99438477 
        4983.48188783            0.50000000        26614.39453125        33044.19531250         1279.99438477 
        4984.05552931            0.50000000        26768.39453125        31754.19335937         1246.99438477 
        4984.47830491            0.50000000        26669.39453125        30606.19335937         1236.99438477 
        4985.01191939            0.50000000        26680.39453125        29435.19335937         1199.99438477 
        4985.47515775            0.50000000        26625.39453125        28638.19335937         1203.99438477 
        4985.99389500            0.50000000        26580.39453125        27951.19335937         1181.99438477 
        4986.43214366            0.50000000        26712.39453125        27716.19335937         1206.99438477 
        4987.00652804            0.50000000        26631.39453125        27399.19335937         1192.99438477 
        4987.47521192            0.50000000        26643.39453125        27281.19335937         1181.99438477 
        4988.06498329            0.50000000        26660.39453125        27383.19335937         1211.99438477 
        4988.47841822            0.50000000        26533.39453125        27505.19335937         1180.99438477 
        4989.01296954            0.50000000        26688.39453125        28052.19335937         1211.99438477 
        4989.47702126            0.50000000        26464.39453125        28363.19335937         1197.99438477 
        4989.98153235            0.50000000        26439.39453125        28885.19335937         1196.99438477 
        4990.43064102            0.50000000        26518.39453125        29603.19335937         1203.99438477 
        4991.00098500            0.50000000        26484.39453125        30217.19335937         1213.99438477 
        4991.47553902            0.50000000        26380.39453125        30642.19335937         1230.99438477 
        4992.03604366            0.50000000        26442.39453125        31363.19335937         1239.99438477 
        4992.47040313            0.50000000        26327.39453125        31593.19335937         1220.99438477 
        4993.00589011            0.50000000        26320.39453125        31886.19335937         1220.99438477 
        4993.47075418            0.50000000        26363.39453125        32260.19335937         1227.99438477 
        4993.95593060            0.50000000        26268.39453125        32195.19335937         1219.99438477 
        4994.43615456            0.50000000        26277.39453125        32340.19335937         1222.99438477 
        4994.98221599            0.50000000        26433.39453125        32501.19335937         1231.99438477 
        4995.46265570            0.50000000        26356.39453125        32385.19335937         1231.99438477 
        4996.02413953            0.50000000        26207.39453125        32053.19335937         1197.99438477 
        4996.48961808            0.50000000        26347.39453125        32061.19335937         1206.99438477 
        4996.99568054            0.50000000        26361.39453125        31894.19335937         1186.99438477 
        4997.47148141            0.50000000        26206.39453125        31537.19335937         1155.99438477 
        4997.93725475            0.50000000        26298.39453125        31283.19335937         1172.99438477 
        4998.45376654            0.50000000        26154.39453125        30868.19335937         1129.99438477 
        4998.97039500            0.50000000        26079.39453125        30485.19335937         1122.99438477 
        4999.46687346            0.50000000        26234.39453125        30494.19335937         1119.99438477 
        5000.01413781            0.50000000        26277.39453125        30378.19335937         1099.99438477 
        5000.49563599            0.50000000        26332.39453125        30397.19335937         1095.99438477 
        5000.98230551            0.50000000        26217.39453125        30237.19335937         1083.99438477 
        5001.47922075            0.50000000        26419.39453125        30486.19335937         1106.99438477 
        5001.93566654            0.50000000        26356.39453125        30544.19335937         1076.99438477 
        5002.45815509            0.50000000        26320.39453125        30611.19335937         1068.99438477 
        5002.93509340            0.50000000        26157.39453125        30626.19335937         1043.99438477 
        5003.46796113            0.50000000        26255.39453125        31070.19335937         1072.99438477 
        5003.98572284            0.50000000        26032.39453125        31096.19335937         1053.99438477 
        5004.51375728            0.50000000        26131.39453125        31562.19335937         1050.99438477 
        5004.95557193            0.50000000        26010.39453125        31711.19335937         1048.99438477 
        5005.47875003            0.50000000        26237.39453125        32413.19335937         1075.99438477 
        5005.92583181            0.50000000        26021.39453125        32528.19335937         1068.99438477 
        5007.60316580            0.50000000        26073.39453125        33836.19531250         1097.99438477 
        5009.39876463            0.50000000        26052.39453125        34744.19531250         1133.99438477 
        5011.20086323            0.50000000        25832.39453125        35005.19531250         1131.99438477 
        5013.02476533            0.50000000        25776.39453125        35210.19531250         1174.99438477 
        5014.83991647            0.50000000        25621.39453125        34926.19531250         1144.99438477 
        5016.81475764            0.50000000        25640.39453125        34921.19531250         1156.99438477 
        5018.75553150            0.50000000        25529.39453125        34945.19531250         1150.99438477 
        5020.79510940            0.50000000        25518.39453125        35453.19531250         1165.99438477 
        5022.78019484            0.50000000        25534.39453125        35914.19531250         1168.99438477 
        5024.86945353            0.50000000        25347.39453125        35940.19531250         1176.99438477 
        5026.91958908            0.50000000        25305.39453125        36075.19531250         1151.99438477 
        5029.05880037            0.50000000        25103.39453125        35758.19531250         1143.99438477 
        5031.19486261            0.50000000        25117.39453125        35714.19531250         1118.99438477 
        5033.47174186            0.50000000        25161.39453125        35635.19531250         1092.99438477 
        5035.74057651            0.50000000        24927.39453125        34867.19531250         1010.99432373 
        5038.01164406            0.50000000        24907.39453125        34512.19531250          979.99432373 
        5040.26947548            0.50000000        24684.39453125        33972.19531250          968.99432373 
        5042.64825482            0.50000000        24732.39453125        34234.19531250          962.99432373 
        5045.11217458            0.50000000        24576.39453125        34394.19531250          939.99432373 
        5047.45455623            0.50000000        24457.39453125        34550.19531250          950.99432373 
        5049.98057231            0.50000000        24439.39453125        34799.19531250          957.99432373 
        5052.43676187            0.50000000        24069.39453125        34412.19531250          987.99432373 
        5054.95264984            0.50000000        24022.39453125        34612.19531250         1002.99432373 
        5057.57519068            0.50000000        23977.39453125        34866.19531250          995.99432373 
        5060.16948832            0.50000000        23900.39453125        35194.19531250         1015.99432373 
        5062.79793550            0.50000000        23723.39453125        35315.19531250         1027.99438477 
        5065.56492084            0.50000000        23595.39453125        35426.19531250         1036.99438477 
        5068.27256280            0.50000000        23507.39453125        35554.19531250         1050.99438477 
        5071.08266027            0.50000000        23151.39453125        35402.19531250         1055.99438477 
        5073.97464726            0.50000000        23332.39453125        36072.19531250         1060.99438477 
        5076.79164087            0.50000000        23073.39453125        36083.19531250         1039.99438477 
        5079.68023745            0.50000000        22665.39453125        35736.19531250          976.99432373 
        5082.72473631            0.50000000        22713.39453125        36191.19531250          948.99432373 
        5085.73639701            0.50000000        22523.39453125        36238.19531250          935.99432373 
        5088.72035048            0.50000000        22594.39453125        36690.19531250          906.99432373 
        5091.86103566            0.50000000        22336.39453125        36594.19531250          886.99432373 
        5094.98482391            0.50000000        22163.39453125        36551.19531250          883.99432373 
        5098.08635157            0.50000000        22081.39453125        36802.19531250          898.99432373 
        5101.26081815            0.50000000        21876.39453125        36822.19531250          925.99432373 
        5104.53502039            0.50000000        21760.39453125        37150.19531250          990.99432373 
        5107.81380002            0.50000000        21548.39453125        37187.19531250         1004.99432373 
        5111.09184973            0.50000000        21647.39453125        37632.19531250         1043.99438477 
        5114.42239730            0.50000000        21487.39453125        37539.19531250         1028.99438477 
        5117.79499250            0.50000000        21185.39453125        37299.19531250         1010.99432373 
        5121.19912685            0.50000000        20880.39453125        36934.19531250         1013.99432373 
        5124.62423191            0.50000000        20680.39453125        36953.19531250         1007.99432373 
        5128.10251888            0.50000000        20920.39453125        37671.19531250         1031.99438477 
        5131.62884880            0.50000000        20567.39453125        37436.19531250         1030.99438477 
        5135.14971302            0.50000000        20371.39453125        37430.19531250         1030.99438477 
        5138.73500514            0.50000000        20200.39453125        37531.19531250          996.99432373 
        5142.43349555            0.50000000        20133.39453125        37744.19531250         1009.99432373 
        5145.99747965            0.50000000        19601.39453125        37178.19531250          964.99432373 
        5149.71274848            0.50000000        19469.39453125        37464.19531250          943.99432373 
        5153.43926342            0.50000000        19447.39453125        37816.19531250          940.99432373 
        5157.19332751            0.50000000        19081.39453125        37556.19531250          945.99432373 
        5161.04021868            0.50000000        18956.39453125        37812.19531250          984.99432373 
        5164.86615295            0.50000000        18597.39453125        37694.19531250         1006.99432373 
        5168.75272961            0.50000000        18504.39453125        37997.19531250         1002.99432373 
        5172.70568737            0.50000000        18238.39453125        38009.19531250         1010.99432373 
        5176.55043219            0.50000000        17814.39453125        37654.19531250         1056.99438477 
        5180.56015224            0.50000000        14771.39355469        31779.19335937          913.99432373 
        5184.54919932            0.50000000        17827.39453125        38396.19531250         1091.99438477 
        5188.54491822            0.50000000        17442.39453125        38238.19531250         1078.99438477 
        5192.70690048            0.50000000        16969.39453125        37736.19531250         1075.99438477 
        5196.83203404            0.50000000        16614.39453125        37350.19531250         1051.99438477 
        5200.94771756            0.50000000        16353.39355469        37216.19531250         1049.99438477 
        5205.14238426            0.50000000        15936.39355469        36757.19531250         1045.99438477 
        5208.91776827            0.50000000        15353.39355469        35860.19531250         1013.99432373 
