# 1-D Scan File created by LabVIEW Control Panel  12/5/2011  9:30:36 PM; Scan time 0 hrs 4 min 28 sec. 
#
# Beamline 20 BM
#
# Scan config: 
#                 E0: 4966.00 eV   223 points
#        Scan bounds:  -100.00 -30.00 40.00 243.35 (7.99 (k))
#       Scan step(s):  5.00 0.50 0.07
#  Integration times:  0.50 0.50 0.50    kwgt in EXAFS region: 0.0 
#
# User Comment:
# 50oC
#
#
# Amplifier Sensitivities:
# Preslit: 20 nA/V  I0: 20 nA/V  I: 100 pA/V  IREF: 50 pA/V  
#
# Analog Input Voltages at start/end of scan:
# Preslit: 0.034/0.030  I0: 0.938/0.742  Ignore: 0.028/0.020  I: 0.986/1.188  IREF: 0.257/0.155  
#
# Mono Info:
# 
#
# ID Info:
# 
#
# Slit Info:
# Kappa S1:  Center is at -542 (H), 500 (V)   Size is 8000 wide x 2000 high
# Vacuum Slits:  Center is at 850 (H), -25 (V)   Size is 899 wide x 1000 high
#
# Motor Positions:
# SMV (20bm:m29): -37594.243125 SMH (20bm:m30): 4802.187500 
#
# Detector Names/PVs:
# I0/20bm:scaler1_netA.C  I/20bm:scaler1_netA.E  IREF/20bm:scaler1_netA.F  
#
# Positioner names/Drive PVs/Readback PVs:
# Mono Energy */20bm:monoE.VAL/20bm:EnctoE.VAL  Scaler preset time */20bm:scaler1.TP/  
# Here is a readable list of column headings:
#  1) Mono Energy *        
#  2) Scaler preset time * 
#  3) I0                   
#  4) I                    
#  5) IREF                 
#
# Column Headings:
#Mono Energy *        Scaler preset time * I0                   I                    IREF                 
        4865.42477727            0.50000000        41630.39453125        44340.19531250         6584.99414062 
        4870.49069203            0.50000000        41541.39453125        44534.19531250         6605.99414062 
        4875.51066475            0.50000000        41609.39453125        44971.19531250         6529.99414062 
        4880.59488829            0.50000000        41542.39453125        45252.19531250         6415.99414062 
        4885.64741389            0.50000000        41428.39453125        45597.19531250         6372.99414062 
        4890.62935822            0.50000000        41499.39453125        46132.19531250         6355.99414062 
        4895.71441204            0.50000000        41506.39453125        46595.19531250         6290.99414062 
        4900.83048617            0.50000000        41413.39453125        46939.19531250         6206.99414062 
        4905.85621841            0.50000000        41348.39453125        47307.19531250         6172.99414062 
        4910.86891060            0.50000000        41347.39453125        47832.19531250         6233.99414062 
        4915.89285089            0.50000000        40988.39453125        47947.19531250         5975.99414062 
        4920.91828780            0.50000000        41189.39453125        48736.19531250         5995.99414062 
        4925.95009715            0.50000000        41129.39453125        49262.19531250         5945.99414062 
        4930.96861862            0.50000000        41115.39453125        49735.19531250         5929.99414062 
        4936.02792073            0.50000000        41080.39453125        50234.19531250         5990.99414062 
        4936.53053415            0.50000000        41359.39453125        50581.19531250         5925.99414062 
        4937.01354287            0.50000000        41443.39453125        50848.19531250         5977.99414062 
        4937.51144594            0.50000000        41456.39453125        50954.19531250         6037.99414062 
        4937.98973365            0.50000000        41242.39453125        50744.19531250         5933.99414062 
        4938.48785245            0.50000000        41382.39453125        50936.19531250         6021.99414062 
        4939.01074901            0.50000000        41375.39453125        50953.19531250         6064.99414062 
        4939.50909349            0.50000000        41377.39453125        51075.19531250         5964.99414062 
        4940.06677781            0.50000000        41297.39453125        51020.19531250         5973.99414062 
        4940.53079730            0.50000000        41371.39453125        51146.19531250         5952.99414062 
        4941.04922986            0.50000000        41394.39453125        51284.19531250         5955.99414062 
        4941.51345155            0.50000000        41113.39453125        51071.19531250         5888.99414062 
        4942.01234943            0.50000000        41203.39453125        51192.19531250         5864.99414062 
        4942.48171052            0.50000000        41420.39453125        51558.19531250         5984.99414062 
        4943.03518797            0.50000000        41250.39453125        51352.19531250         5928.99414062 
        4943.52453557            0.50000000        41246.39453125        51387.19531250         5918.99414062 
        4944.08815820            0.50000000        41414.39453125        51650.19531250         5985.99414062 
        4944.52827722            0.50000000        41216.39453125        51493.19531250         5918.99414062 
        4945.05752270            0.50000000        41216.39453125        51557.19531250         5942.99414062 
        4945.53741321            0.50000000        41085.39453125        51445.19531250         5898.99414062 
        4946.03720144            0.50000000        41301.39453125        51816.19531250         5917.99414062 
        4946.49750031            0.50000000        41252.39453125        51808.19531250         5977.99414062 
        4947.05196329            0.50000000        41270.39453125        51913.19531250         5976.99414062 
        4947.54713455            0.50000000        41236.39453125        51998.19531250         5995.99414062 
        4948.12166921            0.50000000        41246.39453125        52018.19531250         6006.99414062 
        4948.54275721            0.50000000        41249.39453125        52131.19531250         5917.99414062 
        4949.07789988            0.50000000        41128.39453125        52065.19531250         5931.99414062 
        4949.54377537            0.50000000        41267.39453125        52239.19531250         5934.99414062 
        4950.05932400            0.50000000        41321.39453125        52349.19531250         5995.99414062 
        4950.50556678            0.50000000        41169.39453125        52267.19531250         5936.99414062 
        4951.07093410            0.50000000        41324.39453125        52446.19531250         5997.99414062 
        4951.55210361            0.50000000        41238.39453125        52497.19531250         5965.99414062 
        4952.14750656            0.50000000        41291.39453125        52594.19531250         6019.99414062 
        4952.54949218            0.50000000        41331.39453125        52680.19531250         6010.99414062 
        4953.09054857            0.50000000        41223.39453125        52644.19531250         5969.99414062 
        4953.55725161            0.50000000        41331.39453125        52744.19531250         5985.99414062 
        4954.07371611            0.50000000        41243.39453125        52814.19531250         5957.99414062 
        4954.51081662            0.50000000        41284.39453125        52933.19531250         6014.99414062 
        4955.07718603            0.50000000        41392.39453125        53166.19531250         5994.99414062 
        4955.55423864            0.50000000        41175.39453125        52862.19531250         5942.99414062 
        4956.14572470            0.50000000        41399.39453125        53217.19531250         5976.99414062 
        4956.55339328            0.50000000        41084.39453125        52905.19531250         5934.99414062 
        4957.09540786            0.50000000        41247.39453125        53134.19531250         5951.99414062 
        4957.55796326            0.50000000        41252.39453125        53217.19531250         5956.99414062 
        4958.09026757            0.50000000        41156.39453125        53216.19531250         5956.99414062 
        4958.51819164            0.50000000        41252.39453125        53385.19531250         5991.99414062 
        4959.08058688            0.50000000        41342.39453125        53550.19531250         5945.99414062 
        4959.55848371            0.50000000        41147.39453125        53305.19531250         5941.99414062 
        4960.14603668            0.50000000        41354.39453125        53714.19531250         5973.99414062 
        4960.55940675            0.50000000        41178.39453125        53581.19531250         5936.99414062 
        4961.09739878            0.50000000        41402.39453125        53857.19531250         5961.99414062 
        4961.55080604            0.50000000        41050.39453125        53497.19531250         5883.99414062 
        4962.08903346            0.50000000        41417.39453125        54007.19531250         5946.99414062 
        4962.50774314            0.50000000        41151.39453125        53777.19531250         5854.99414062 
        4963.08110205            0.50000000        41426.39453125        54192.19531250         5927.99414062 
        4963.55984315            0.50000000        41008.39453125        53693.19531250         5802.99414062 
        4964.15342294            0.50000000        41111.39453125        53869.19531250         5758.99414062 
        4964.54756592            0.50000000        41078.39453125        53924.19531250         5663.99414062 
        4965.08650512            0.50000000        41196.39453125        54091.19531250         5521.99414062 
        4965.54071070            0.50000000        41054.39453125        54024.19531250         5212.99414062 
        4966.07988589            0.50000000        41145.39453125        54175.19531250         4536.99414062 
        4966.49433908            0.50000000        41041.39453125        54013.19531250         3593.99438477 
        4967.07869684            0.50000000        41195.39453125        54136.19531250         3242.99438477 
        4967.55328606            0.50000000        40956.39453125        53802.19531250         3463.99438477 
        4968.14291401            0.50000000        41172.39453125        53922.19531250         3907.99438477 
        4968.53775051            0.50000000        40988.39453125        53589.19531250         3990.99438477 
        4969.08263767            0.50000000        41177.39453125        53501.19531250         3942.99438477 
        4969.53264307            0.50000000        40986.39453125        53144.19531250         3776.99438477 
        4970.07776900            0.50000000        41091.39453125        52963.19531250         3637.99438477 
        4970.48794999            0.50000000        40999.39453125        52745.19531250         3461.99438477 
        4971.07333647            0.50000000        41092.39453125        52754.19531250         3379.99438477 
        4971.54375627            0.50000000        40983.39453125        52947.19531250         3328.99438477 
        4972.13442114            0.50000000        41098.39453125        53330.19531250         3326.99438477 
        4972.52995208            0.50000000        41021.39453125        53315.19531250         3227.99438477 
        4973.07579766            0.50000000        41093.39453125        53311.19531250         3110.99438477 
        4973.53160402            0.50000000        41025.39453125        53079.19531250         2988.99438477 
        4974.07267963            0.50000000        41053.39453125        52590.19531250         2850.99438477 
        4974.48358231            0.50000000        41039.39453125        51850.19531250         2676.99438477 
        4975.06999885            0.50000000        41071.39453125        50606.19531250         2530.99438477 
        4975.53623271            0.50000000        40975.39453125        49406.19531250         2428.99438477 
        4976.12793584            0.50000000        41227.39453125        48448.19531250         2285.99438477 
        4976.52416211            0.50000000        40931.39453125        47449.19531250         2189.99438477 
        4977.07096735            0.50000000        41220.39453125        47158.19531250         2143.99438477 
        4977.53259333            0.50000000        40936.39453125        46415.19531250         2040.99438477 
        4978.06960222            0.50000000        41230.39453125        46293.19531250         2013.99438477 
        4978.48122753            0.50000000        40951.39453125        45707.19531250         1931.99438477 
        4979.05863235            0.50000000        41225.39453125        45710.19531250         1890.99438477 
        4979.53572943            0.50000000        40988.39453125        45253.19531250         1839.99438477 
        4980.12847347            0.50000000        41224.39453125        45108.19531250         1829.99438477 
        4980.53042163            0.50000000        40959.39453125        44505.19531250         1751.99438477 
        4981.07316419            0.50000000        40940.39453125        43922.19531250         1736.99438477 
        4981.53560248            0.50000000        40969.39453125        43220.19531250         1718.99438477 
        4982.06852825            0.50000000        40904.39453125        42111.19531250         1671.99438477 
        4982.47584802            0.50000000        41038.39453125        41301.19531250         1684.99438477 
        4983.05426663            0.50000000        41053.39453125        39723.19531250         1628.99438477 
        4983.53723290            0.50000000        40889.39453125        38085.19531250         1584.99438477 
        4984.11088832            0.50000000        41007.39453125        36473.19531250         1559.99438477 
        4984.52864057            0.50000000        40957.39453125        35167.19531250         1544.99438477 
        4985.05723203            0.50000000        40975.39453125        33833.19531250         1528.99438477 
        4985.52551542            0.50000000        40943.39453125        32954.19531250         1524.99438477 
        4986.04426413            0.50000000        40779.39453125        32107.19335937         1470.99438477 
        4986.47748454            0.50000000        40990.39453125        31879.19335937         1513.99438477 
        4987.05188033            0.50000000        40851.39453125        31521.19335937         1488.99438477 
        4987.52561377            0.50000000        40885.39453125        31419.19335937         1464.99438477 
        4988.11539818            0.50000000        40971.39453125        31732.19335937         1473.99438477 
        4988.52379979            0.50000000        40722.39453125        31920.19335937         1450.99438477 
        4989.05836174            0.50000000        41158.39453125        32856.19531250         1505.99438477 
        4989.52746735            0.50000000        40919.39453125        33287.19531250         1495.99438477 
        4990.03703537            0.50000000        40912.39453125        34054.19531250         1494.99438477 
        4990.47101467            0.50000000        40972.39453125        34891.19531250         1512.99438477 
        4991.04136874            0.50000000        40944.39453125        35657.19531250         1516.99438477 
        4991.52602929            0.50000000        40867.39453125        36237.19531250         1499.99438477 
        4992.09159666            0.50000000        40894.39453125        36952.19531250         1519.99438477 
        4992.51586413            0.50000000        40825.39453125        37295.19531250         1502.99438477 
        4993.04630932            0.50000000        40789.39453125        37622.19531250         1516.99438477 
        4993.52128858            0.50000000        40897.39453125        37915.19531250         1538.99438477 
        4994.01153032            0.50000000        40726.39453125        37960.19531250         1503.99438477 
        4994.47659908            0.50000000        40837.39453125        38152.19531250         1534.99438477 
        4995.02267018            0.50000000        41008.39453125        38261.19531250         1530.99438477 
        4995.51323417            0.50000000        40820.39453125        37991.19531250         1507.99438477 
        4996.07473044            0.50000000        40707.39453125        37729.19531250         1497.99438477 
        4996.53009895            0.50000000        40947.39453125        37770.19531250         1506.99438477 
        4997.03617038            0.50000000        40841.39453125        37430.19531250         1488.99438477 
        4997.52210436            0.50000000        40714.39453125        37027.19531250         1448.99438477 
        4997.98282463            0.50000000        40844.39453125        36795.19531250         1420.99438477 
        4998.48921771            0.50000000        40651.39453125        36321.19531250         1403.99438477 
        4999.00585418            0.50000000        40616.39453125        35960.19531250         1385.99438477 
        4999.50740707            0.50000000        40786.39453125        35890.19531250         1397.99438477 
        5000.05468112            0.50000000        40821.39453125        35762.19531250         1385.99438477 
        5000.53111881            0.50000000        40807.39453125        35695.19531250         1357.99438477 
        5001.02286597            0.50000000        40631.39453125        35516.19531250         1330.99438477 
        5001.51471882            0.50000000        40911.39453125        35843.19531250         1363.99438477 
        5001.98131612            0.50000000        40748.39453125        35892.19531250         1348.99438477 
        5002.48859499            0.50000000        40800.39453125        36104.19531250         1348.99438477 
        5002.97568848            0.50000000        40587.39453125        36246.19531250         1322.99438477 
        5003.50856566            0.50000000        40754.39453125        36729.19531250         1326.99438477 
        5004.01110632            0.50000000        40492.39453125        36837.19531250         1318.99438477 
        5004.54422452            0.50000000        40603.39453125        37357.19531250         1318.99438477 
        5004.99112394            0.50000000        40459.39453125        37653.19531250         1340.99438477 
        5005.51431016            0.50000000        40674.39453125        38365.19531250         1345.99438477 
        5005.96139888            0.50000000        40523.39453125        38604.19531250         1351.99438477 
        5007.64384369            0.50000000        40549.39453125        40189.19531250         1393.99438477 
        5009.44456316            0.50000000        40572.39453125        41360.19531250         1448.99438477 
        5011.24669776            0.50000000        40371.39453125        41813.19531250         1455.99438477 
        5013.08082998            0.50000000        40294.39453125        41981.19531250         1447.99438477 
        5014.88072287            0.50000000        40255.39453125        41776.19531250         1458.99438477 
        5016.85559915            0.50000000        40243.39453125        41716.19531250         1460.99438477 
        5018.78618844            0.50000000        40131.39453125        41917.19531250         1468.99438477 
        5020.83090762            0.50000000        40107.39453125        42455.19531250         1467.99438477 
        5022.81602397            0.50000000        40070.39453125        42956.19531250         1467.99438477 
        5024.91043836            0.50000000        39938.39453125        43265.19531250         1484.99438477 
        5026.95035502            0.50000000        39896.39453125        43418.19531250         1453.99438477 
        5029.09985983            0.50000000        39759.39453125        43234.19531250         1412.99438477 
        5031.24109738            0.50000000        39910.39453125        43347.19531250         1398.99438477 
        5033.51287999            0.50000000        39954.39453125        43108.19531250         1363.99438477 
        5035.78175512            0.50000000        39811.39453125        42451.19531250         1297.99438477 
        5038.05286320            0.50000000        39752.39453125        41918.19531250         1249.99438477 
        5040.31073494            0.50000000        39556.39453125        41528.19531250         1230.99438477 
        5042.69471958            0.50000000        39605.39453125        41815.19531250         1200.99438477 
        5045.16385719            0.50000000        39523.39453125        42155.19531250         1220.99438477 
        5047.48559707            0.50000000        39427.39453125        42437.19531250         1213.99438477 
        5050.02718457            0.50000000        39422.39453125        42808.19531250         1241.99438477 
        5052.46786958            0.50000000        39165.39453125        42714.19531250         1265.99438477 
        5054.98898162            0.50000000        39156.39453125        43076.19531250         1284.99438477 
        5057.62195594            0.50000000        39084.39453125        43401.19531250         1308.99438477 
        5060.21110389            0.50000000        38970.39453125        43823.19531250         1311.99438477 
        5062.82918247            0.50000000        38927.39453125        44293.19531250         1361.99438477 
        5065.61184730            0.50000000        38902.39453125        44648.19531250         1355.99438477 
        5068.31432378            0.50000000        38793.39453125        44800.19531250         1345.99438477 
        5071.12447173            0.50000000        38471.39453125        44805.19531250         1361.99438477 
        5074.02174367            0.50000000        38736.39453125        45717.19531250         1393.99438477 
        5076.83879428            0.50000000        38494.39453125        45864.19531250         1345.99438477 
        5079.73269516            0.50000000        38111.39453125        45754.19531250         1298.99438477 
        5082.78251522            0.50000000        38193.39453125        46366.19531250         1254.99438477 
        5085.78899104            0.50000000        37941.39453125        46567.19531250         1229.99438477 
        5088.76774556            0.50000000        38089.39453125        47222.19531250         1238.99438477 
        5091.90849446            0.50000000        37956.39453125        47364.19531250         1187.99438477 
        5095.03234613            0.50000000        37709.39453125        47378.19531250         1176.99438477 
        5098.13922411            0.50000000        37613.39453125        47653.19531250         1199.99438477 
        5101.30846791            0.50000000        37371.39453125        47965.19531250         1243.99438477 
        5104.58273674            0.50000000        37373.39453125        48498.19531250         1304.99438477 
        5107.86158310            0.50000000        37251.39453125        48863.19531250         1362.99438477 
        5111.13969956            0.50000000        37342.39453125        49322.19531250         1383.99438477 
        5114.47031501            0.50000000        37175.39453125        49524.19531250         1375.99438477 
        5117.83231523            0.50000000        36818.39453125        49207.19531250         1360.99438477 
        5121.23650360            0.50000000        36448.39453125        48955.19531250         1366.99438477 
        5124.67235778            0.50000000        36352.39453125        49276.19531250         1384.99438477 
        5128.15607109            0.50000000        36616.39453125        50056.19531250         1412.99438477 
        5131.67711783            0.50000000        36347.39453125        50198.19531250         1403.99438477 
        5135.20342537            0.50000000        36084.39453125        50235.19531250         1401.99438477 
        5138.78341960            0.50000000        35925.39453125        50517.19531250         1374.99438477 
        5142.48737365            0.50000000        36045.39453125        51169.19531250         1361.99438477 
        5146.04604295            0.50000000        35304.39453125        50634.19531250         1336.99438477 
        5149.76138801            0.50000000        35362.39453125        51329.19531250         1329.99438477 
        5153.47715358            0.50000000        35334.39453125        51816.19531250         1337.99438477 
        5157.23669915            0.50000000        34973.39453125        51854.19531250         1357.99438477 
        5161.10538190            0.50000000        34899.39453125        52495.19531250         1387.99438477 
        5164.91510392            0.50000000        34491.39453125        52649.19531250         1411.99438477 
        5168.79631266            0.50000000        34408.39453125        53197.19531250         1449.99438477 
        5172.75479982            0.50000000        34133.39453125        53636.19531250         1487.99438477 
        5176.59962392            0.50000000        33697.39453125        53511.19531250         1494.99438477 
        5180.61490173            0.50000000        28382.39453125        46019.19531250         1343.99438477 
        5184.60404034            0.50000000        34032.39453125        55148.19531250         1561.99438477 
        5188.59985099            0.50000000        33662.39453125        55260.19531250         1579.99438477 
        5192.75092312            0.50000000        33053.39453125        54863.19531250         1572.99438477 
        5196.88164496            0.50000000        32497.39453125        54684.19531250         1555.99438477 
        5200.99741374            0.50000000        32232.39453125        54794.19531250         1567.99438477 
        5205.19216741            0.50000000        31690.39453125        54652.19531250         1540.99438477 
        5208.96762975            0.50000000        30953.39453125        54119.19531250         1534.99438477 
