# 1-D Scan File created by LabVIEW Control Panel  12/5/2011  11:36:07 PM; Scan time 0 hrs 4 min 28 sec. 
#
# Beamline 20 BM
#
# Scan config: 
#                 E0: 4966.00 eV   223 points
#        Scan bounds:  -100.00 -30.00 40.00 243.35 (7.99 (k))
#       Scan step(s):  5.00 0.50 0.07
#  Integration times:  0.50 0.50 0.50    kwgt in EXAFS region: 0.0 
#
# User Comment:
# 50oC
#
#
# Amplifier Sensitivities:
# Preslit: 20 nA/V  I0: 20 nA/V  I: 100 pA/V  IREF: 50 pA/V  
#
# Analog Input Voltages at start/end of scan:
# Preslit: 0.035/0.032  I0: 0.685/0.430  Ignore: 0.018/0.011  I: 0.905/0.856  IREF: 0.240/0.147  
#
# Mono Info:
# 
#
# ID Info:
# 
#
# Slit Info:
# Kappa S1:  Center is at -542 (H), 500 (V)   Size is 8000 wide x 2000 high
# Vacuum Slits:  Center is at 850 (H), -25 (V)   Size is 899 wide x 1000 high
#
# Motor Positions:
# SMV (20bm:m29): -37594.243125 SMH (20bm:m30): 4802.187500 
#
# Detector Names/PVs:
# I0/20bm:scaler1_netA.C  I/20bm:scaler1_netA.E  IREF/20bm:scaler1_netA.F  
#
# Positioner names/Drive PVs/Readback PVs:
# Mono Energy */20bm:monoE.VAL/20bm:EnctoE.VAL  Scaler preset time */20bm:scaler1.TP/  
# Here is a readable list of column headings:
#  1) Mono Energy *        
#  2) Scaler preset time * 
#  3) I0                   
#  4) I                    
#  5) IREF                 
#
# Column Headings:
#Mono Energy *        Scaler preset time * I0                   I                    IREF                 
        4865.41522989            0.50000000        29379.39453125        40171.19531250         5711.99414062 
        4870.46676900            0.50000000        29242.39453125        40316.19531250         5746.99414062 
        4875.47709668            0.50000000        29204.39453125        40602.19531250         5665.99414062 
        4880.55163053            0.50000000        29084.39453125        40804.19531250         5541.99414062 
        4885.60405772            0.50000000        28865.39453125        40786.19531250         5445.99414062 
        4890.59556114            0.50000000        28871.39453125        41212.19531250         5394.99414062 
        4895.68053777            0.50000000        28749.39453125        41501.19531250         5370.99414062 
        4900.79653417            0.50000000        28690.39453125        41792.19531250         5278.99414062 
        4905.82218997            0.50000000        28601.39453125        42029.19531250         5264.99414062 
        4910.82993377            0.50000000        28561.39453125        42508.19531250         5211.99414062 
        4915.84890357            0.50000000        28205.39453125        42402.19531250         5090.99414062 
        4920.87424191            0.50000000        28310.39453125        43056.19531250         5131.99414062 
        4925.91085739            0.50000000        28208.39453125        43417.19531250         5099.99414062 
        4930.91454356            0.50000000        28154.39453125        43766.19531250         5093.99414062 
        4935.98357787            0.50000000        28108.39453125        44192.19531250         5064.99414062 
        4936.49110943            0.50000000        28250.39453125        44616.19531250         5093.99414062 
        4936.95932245            0.50000000        28229.39453125        44535.19531250         5132.99414062 
        4937.46214370            0.50000000        28281.39453125        44693.19531250         5098.99414062 
        4937.94535217            0.50000000        28112.39453125        44519.19531250         5080.99414062 
        4938.44839348            0.50000000        28198.39453125        44548.19531250         5094.99414062 
        4938.96634742            0.50000000        28226.39453125        44676.19531250         5125.99414062 
        4939.45974754            0.50000000        28105.39453125        44706.19531250         5049.99414062 
        4940.01248389            0.50000000        28112.39453125        44619.19531250         5056.99414062 
        4940.48142899            0.50000000        28123.39453125        44671.19531250         5068.99414062 
        4940.99491229            0.50000000        28151.39453125        44878.19531250         5086.99414062 
        4941.46900066            0.50000000        27958.39453125        44597.19531250         5026.99414062 
        4941.96788870            0.50000000        28052.39453125        44755.19531250         5043.99414062 
        4942.44712268            0.50000000        28149.39453125        45029.19531250         5099.99414062 
        4942.99070709            0.50000000        28049.39453125        44931.19531250         5061.99414062 
        4943.47510170            0.50000000        27978.39453125        44765.19531250         5064.99414062 
        4944.03871198            0.50000000        28064.39453125        45042.19531250         5028.99414062 
        4944.48871245            0.50000000        27951.39453125        44927.19531250         5018.99414062 
        4945.01300194            0.50000000        27950.39453125        44899.19531250         5043.99414062 
        4945.48298751            0.50000000        27819.39453125        44802.19531250         5012.99414062 
        4945.98276369            0.50000000        27846.39453125        44890.19531250         5007.99414062 
        4946.44800131            0.50000000        28002.39453125        45113.19531250         5041.99414062 
        4947.00740320            0.50000000        27921.39453125        45191.19531250         5042.99414062 
        4947.49761254            0.50000000        27945.39453125        45282.19531250         5100.99414062 
        4948.07213461            0.50000000        28005.39453125        45379.19531250         5078.99414062 
        4948.49321337            0.50000000        27870.39453125        45279.19531250         5067.99414062 
        4949.03329982            0.50000000        27929.39453125        45348.19531250         5085.99414062 
        4949.49916612            0.50000000        28102.39453125        45677.19531250         5093.99414062 
        4950.00974691            0.50000000        28000.39453125        45630.19531250         5056.99414062 
        4950.46093854            0.50000000        28039.39453125        45723.19531250         5089.99414062 
        4951.03125459            0.50000000        28160.39453125        45965.19531250         5130.99414062 
        4951.50249377            0.50000000        28003.39453125        45775.19531250         5052.99414062 
        4952.10284590            0.50000000        28136.39453125        46005.19531250         5111.99414062 
        4952.49986046            0.50000000        28136.39453125        46013.19531250         5129.99414062 
        4953.04586929            0.50000000        28118.39453125        46037.19531250         5113.99414062 
        4953.50759777            0.50000000        28137.39453125        46160.19531250         5138.99414062 
        4954.02405094            0.50000000        28018.39453125        46072.19531250         5100.99414062 
        4954.46114186            0.50000000        28074.39453125        46176.19531250         5125.99414062 
        4955.03743618            0.50000000        28153.39453125        46422.19531250         5169.99414062 
        4955.50951068            0.50000000        27992.39453125        46169.19531250         5090.99414062 
        4956.10098505            0.50000000        28135.39453125        46533.19531250         5116.99414062 
        4956.50864558            0.50000000        27866.39453125        46164.19531250         5051.99414062 
        4957.06059569            0.50000000        28016.39453125        46436.19531250         5092.99414062 
        4957.51319571            0.50000000        28037.39453125        46382.19531250         5101.99414062 
        4958.04548949            0.50000000        28017.39453125        46456.19531250         5093.99414062 
        4958.46842887            0.50000000        27949.39453125        46408.19531250         5070.99414062 
        4959.03578922            0.50000000        28026.39453125        46627.19531250         5087.99414062 
        4959.51367660            0.50000000        27888.39453125        46445.19531250         5092.99414062 
        4960.10121795            0.50000000        27989.39453125        46695.19531250         5080.99414062 
        4960.51457984            0.50000000        27900.39453125        46550.19531250         5039.99414062 
        4961.05256124            0.50000000        28113.39453125        46954.19531250         5079.99414062 
        4961.50595952            0.50000000        27809.39453125        46522.19531250         5002.99414062 
        4962.04417629            0.50000000        28128.39453125        47024.19531250         5047.99414062 
        4962.45789269            0.50000000        27745.39453125        46568.19531250         4976.99414062 
        4963.03622526            0.50000000        28137.39453125        47125.19531250         5036.99414062 
        4963.51495688            0.50000000        27715.39453125        46576.19531250         4926.99414062 
        4964.11351354            0.50000000        27868.39453125        46872.19531250         4898.99414062 
        4964.50764959            0.50000000        27766.39453125        46853.19531250         4819.99414062 
        4965.05157000            0.50000000        27877.39453125        46974.19531250         4717.99414062 
        4965.50576858            0.50000000        27726.39453125        46787.19531250         4410.99414062 
        4966.03994259            0.50000000        27867.39453125        47034.19531250         3870.99438477 
        4966.45438849            0.50000000        27781.39453125        46940.19531250         3093.99438477 
        4967.03873596            0.50000000        27815.39453125        46860.19531250         2717.99438477 
        4967.50332462            0.50000000        27653.39453125        46577.19531250         2868.99438477 
        4968.10293439            0.50000000        27824.39453125        46769.19531250         3269.99438477 
        4968.48776741            0.50000000        27662.39453125        46445.19531250         3331.99438477 
        4969.03764204            0.50000000        27787.39453125        46342.19531250         3334.99438477 
        4969.49263898            0.50000000        27594.39453125        45904.19531250         3183.99438477 
        4970.02775200            0.50000000        27771.39453125        45956.19531250         3039.99438477 
        4970.44292650            0.50000000        27672.39453125        45657.19531250         2874.99438477 
        4971.03330524            0.50000000        27743.39453125        45645.19531250         2796.99438477 
        4971.49871186            0.50000000        27663.39453125        45742.19531250         2722.99438477 
        4972.09437122            0.50000000        27725.39453125        46046.19531250         2735.99438477 
        4972.47988107            0.50000000        27637.39453125        46029.19531250         2686.99438477 
        4973.03573114            0.50000000        27721.39453125        46174.19531250         2598.99438477 
        4973.48652020            0.50000000        27627.39453125        45910.19531250         2460.99438477 
        4974.02257462            0.50000000        27645.39453125        45482.19531250         2343.99438477 
        4974.43346825            0.50000000        27589.39453125        44905.19531250         2220.99438477 
        4975.02989718            0.50000000        27614.39453125        43803.19531250         2108.99438477 
        4975.48609545            0.50000000        27526.39453125        42810.19531250         1970.99438477 
        4976.08280052            0.50000000        27795.39453125        42171.19531250         1893.99438477 
        4976.47901892            0.50000000        27437.39453125        41027.19531250         1769.99438477 
        4977.02581332            0.50000000        27742.39453125        40977.19531250         1723.99438477 
        4977.48241205            0.50000000        27487.39453125        40156.19531250         1669.99438477 
        4978.01940911            0.50000000        27731.39453125        40208.19531250         1597.99438477 
        4978.43102534            0.50000000        27462.39453125        39460.19531250         1539.99438477 
        4979.01343887            0.50000000        27619.39453125        39482.19531250         1533.99438477 
        4979.49052647            0.50000000        27529.39453125        39089.19531250         1468.99438477 
        4980.08828256            0.50000000        27654.39453125        38978.19531250         1463.99438477 
        4980.48519892            0.50000000        27465.39453125        38333.19531250         1387.99438477 
        4981.03295660            0.50000000        27484.39453125        37913.19531250         1404.99438477 
        4981.49035981            0.50000000        27515.39453125        37389.19531250         1332.99438477 
        4982.02327499            0.50000000        27425.39453125        36391.19531250         1317.99438477 
        4982.43561566            0.50000000        27510.39453125        35609.19531250         1296.99438477 
        4983.01905435            0.50000000        27516.39453125        34319.19531250         1285.99438477 
        4983.48691914            0.50000000        27349.39453125        33026.19531250         1226.99438477 
        4984.06559448            0.50000000        27431.39453125        31693.19335937         1243.99438477 
        4984.47830491            0.50000000        27445.39453125        30556.19335937         1196.99438477 
        4985.01695408            0.50000000        27403.39453125        29396.19335937         1183.99438477 
        4985.47515775            0.50000000        27411.39453125        28637.19335937         1189.99438477 
        4985.99893187            0.50000000        27315.39453125        27879.19335937         1140.99438477 
        4986.43214366            0.50000000        27408.39453125        27580.19335937         1155.99438477 
        4987.00652804            0.50000000        27347.39453125        27241.19335937         1162.99438477 
        4987.48025205            0.50000000        27347.39453125        27201.19335937         1166.99438477 
        4988.07002473            0.50000000        27415.39453125        27376.19335937         1171.99438477 
        4988.47841822            0.50000000        27206.39453125        27364.19335937         1136.99438477 
        4989.01801307            0.50000000        27402.39453125        28034.19335937         1182.99438477 
        4989.48206582            0.50000000        27179.39453125        28279.19335937         1159.99438477 
        4989.98153235            0.50000000        27145.39453125        28852.19335937         1172.99438477 
        4990.42559437            0.50000000        27188.39453125        29505.19335937         1195.99438477 
        4991.00603293            0.50000000        27221.39453125        30244.19335937         1179.99438477 
        4991.47553902            0.50000000        27080.39453125        30636.19335937         1179.99438477 
        4992.04109388            0.50000000        27104.39453125        31332.19335937         1177.99438477 
        4992.47545431            0.50000000        27029.39453125        31563.19335937         1204.99438477 
        4993.00589011            0.50000000        27015.39453125        31955.19335937         1193.99438477 
        4993.47075418            0.50000000        27061.39453125        32170.19335937         1227.99438477 
        4993.95593060            0.50000000        26962.39453125        32214.19335937         1179.99438477 
        4994.43615456            0.50000000        27023.39453125        32410.19335937         1195.99438477 
        4994.98727272            0.50000000        27148.39453125        32486.19335937         1192.99438477 
        4995.46265570            0.50000000        27050.39453125        32339.19335937         1169.99438477 
        4996.01908050            0.50000000        26943.39453125        32091.19335937         1168.99438477 
        4996.48961808            0.50000000        27097.39453125        32086.19335937         1169.99438477 
        4996.99568054            0.50000000        27070.39453125        31922.19335937         1156.99438477 
        4997.47654366            0.50000000        26860.39453125        31364.19335937         1128.99438477 
        4997.93725475            0.50000000        26995.39453125        31273.19335937         1120.99438477 
        4998.45883096            0.50000000        26875.39453125        30924.19335937         1100.99438477 
        4998.97546057            0.50000000        26728.39453125        30444.19335937         1078.99438477 
        4999.46180681            0.50000000        26940.39453125        30503.19335937         1072.99438477 
        5000.00906995            0.50000000        26944.39453125        30339.19335937         1066.99438477 
        5000.49563599            0.50000000        26887.39453125        30167.19335937         1066.99438477 
        5000.98230551            0.50000000        26770.39453125        29986.19335937         1020.99432373 
        5001.48429187            0.50000000        27141.39453125        30542.19335937         1059.99438477 
        5001.94073867            0.50000000        27043.39453125        30547.19335937         1033.99438477 
        5002.46322838            0.50000000        26957.39453125        30583.19335937         1037.99438477 
        5002.94016775            0.50000000        26805.39453125        30620.19335937         1004.99432373 
        5003.47303666            0.50000000        26991.39453125        31130.19335937         1027.99438477 
        5003.98572284            0.50000000        26751.39453125        31185.19335937         1023.99432373 
        5004.51375728            0.50000000        26841.39453125        31635.19335937         1020.99432373 
        5004.95557193            0.50000000        26729.39453125        31823.19335937         1008.99432373 
        5005.47875003            0.50000000        26883.39453125        32421.19335937         1057.99438477 
        5005.93091279            0.50000000        26735.39453125        32592.19335937         1046.99438477 
        5007.60316580            0.50000000        26758.39453125        33936.19531250         1063.99438477 
        5009.40385331            0.50000000        26757.39453125        34800.19531250         1100.99438477 
        5011.20595591            0.50000000        26514.39453125        35113.19531250         1098.99438477 
        5013.02476533            0.50000000        26486.39453125        35284.19531250         1137.99438477 
        5014.83991647            0.50000000        26342.39453125        35087.19531250         1114.99438477 
        5016.80965250            0.50000000        26326.39453125        34960.19531250         1150.99438477 
        5018.75553150            0.50000000        26273.39453125        35124.19531250         1151.99438477 
        5020.79510940            0.50000000        26200.39453125        35547.19531250         1159.99438477 
        5022.78019484            0.50000000        26161.39453125        35884.19531250         1144.99438477 
        5024.87969967            0.50000000        26020.39453125        36079.19531250         1153.99438477 
        5026.91958908            0.50000000        25968.39453125        36135.19531250         1123.99438477 
        5029.06393276            0.50000000        25779.39453125        35867.19531250         1124.99438477 
        5031.19999976            0.50000000        25811.39453125        35837.19531250         1104.99438477 
        5033.47174186            0.50000000        25785.39453125        35684.19531250         1038.99438477 
        5035.74572380            0.50000000        25661.39453125        35075.19531250         1000.99432373 
        5038.01164406            0.50000000        25579.39453125        34608.19531250          952.99432373 
        5040.26947548            0.50000000        25361.39453125        34130.19531250          932.99432373 
        5042.65341753            0.50000000        25485.39453125        34480.19531250          931.99432373 
        5045.11734279            0.50000000        25241.39453125        34485.19531250          921.99432373 
        5047.45455623            0.50000000        25159.39453125        34711.19531250          946.99432373 
        5049.99093051            0.50000000        25119.39453125        34940.19531250          942.99432373 
        5052.43676187            0.50000000        24715.39453125        34523.19531250          945.99432373 
        5054.96303029            0.50000000        24765.39453125        34950.19531250          982.99432373 
        5057.58038677            0.50000000        24706.39453125        35158.19531250         1005.99432373 
        5060.16948832            0.50000000        24598.39453125        35449.19531250         1013.99432373 
        5062.79793550            0.50000000        24452.39453125        35622.19531250         1023.99432373 
        5065.57013484            0.50000000        24424.39453125        35923.19531250         1050.99438477 
        5068.27778288            0.50000000        24277.39453125        35932.19531250         1034.99438477 
        5071.08266027            0.50000000        23824.39453125        35642.19531250         1040.99438477 
        5073.96941438            0.50000000        24091.39453125        36447.19531250         1054.99438477 
        5076.78640166            0.50000000        23768.39453125        36307.19531250         1038.99438477 
        5079.68023745            0.50000000        23423.39453125        36080.19531250          987.99432373 
        5082.72473631            0.50000000        23440.39453125        36549.19531250          966.99432373 
        5085.73639701            0.50000000        23246.39453125        36663.19531250          940.99432373 
        5088.72035048            0.50000000        23339.39453125        37115.19531250          933.99432373 
        5091.85048939            0.50000000        23116.39453125        37040.19531250          894.99432373 
        5094.97954372            0.50000000        22846.39453125        36884.19531250          903.99432373 
        5098.08106438            0.50000000        22834.39453125        37220.19531250          919.99432373 
        5101.25022945            0.50000000        22514.39453125        37194.19531250          940.99432373 
        5104.52441689            0.50000000        22378.39453125        37411.19531250          994.99432373 
        5107.80849085            0.50000000        22290.39453125        37631.19531250         1018.99432373 
        5111.08121656            0.50000000        22285.39453125        37919.19531250         1014.99432373 
        5114.41707317            0.50000000        22196.39453125        38049.19531250         1028.99438477 
        5117.78966073            0.50000000        21772.39453125        37534.19531250          997.99432373 
        5121.18844788            0.50000000        21534.39453125        37430.19531250         1001.99432373 
        5124.61888465            0.50000000        21318.39453125        37289.19531250         1022.99432373 
        5128.09716373            0.50000000        21472.39453125        37884.19531250         1020.99432373 
        5131.62348564            0.50000000        21149.39453125        37731.19531250         1029.99438477 
        5135.14434185            0.50000000        21032.39453125        37935.19531250         1002.99432373 
        5138.71886720            0.50000000        20753.39453125        37793.19531250          994.99432373 
        5142.42810781            0.50000000        20842.39453125        38246.19531250          988.99432373 
        5145.98668794            0.50000000        20170.39453125        37571.19531250          943.99432373 
        5149.70734415            0.50000000        20116.39453125        37930.19531250          956.99432373 
        5153.43385059            0.50000000        20031.39453125        38193.19531250          952.99432373 
        5157.17706334            0.50000000        19792.39453125        38224.19531250          984.99432373 
        5161.04564888            0.50000000        19609.39453125        38369.19531250          981.99432373 
        5164.86071401            0.50000000        19248.39453125        38327.19531250         1010.99432373 
        5168.75272961            0.50000000        19176.39453125        38649.19531250         1009.99432373 
        5172.70568737            0.50000000        18938.39453125        38714.19531250         1030.99438477 
        5176.55043219            0.50000000        18510.39453125        38380.19531250         1051.99438477 
        5180.56015224            0.50000000        15324.39355469        32310.19335937          916.99432373 
        5184.56016742            0.50000000        18538.39453125        39269.19531250         1100.99438477 
        5188.55041144            0.50000000        18127.39453125        39049.19531250         1104.99438477 
        5192.71240326            0.50000000        17730.39453125        38643.19531250         1088.99438477 
        5196.84857090            0.50000000        17296.39453125        38113.19531250         1068.99438477 
        5200.95876107            0.50000000        16994.39453125        37911.19531250         1053.99438477 
        5205.15897853            0.50000000        16598.39453125        37560.19531250         1034.99438477 
        5208.93438865            0.50000000        15995.39355469        36660.19531250         1015.99432373 
