# 1-D Scan File created by LabVIEW Control Panel  12/6/2011  6:02:45 AM; Scan time 0 hrs 4 min 28 sec. 
#
# Beamline 20 BM
#
# Scan config: 
#                 E0: 4966.00 eV   223 points
#        Scan bounds:  -100.00 -30.00 40.00 243.35 (7.99 (k))
#       Scan step(s):  5.00 0.50 0.07
#  Integration times:  0.50 0.50 0.50    kwgt in EXAFS region: 0.0 
#
# User Comment:
# 50oC
#
#
# Amplifier Sensitivities:
# Preslit: 20 nA/V  I0: 20 nA/V  I: 100 pA/V  IREF: 50 pA/V  
#
# Analog Input Voltages at start/end of scan:
# Preslit: 0.033/0.032  I0: 0.324/0.155  Ignore: 0.009/0.003  I: 0.629/0.325  IREF: 0.199/0.131  
#
# Mono Info:
# 
#
# ID Info:
# 
#
# Slit Info:
# Kappa S1:  Center is at -542 (H), 500 (V)   Size is 8000 wide x 2000 high
# Vacuum Slits:  Center is at 850 (H), -25 (V)   Size is 899 wide x 1000 high
#
# Motor Positions:
# SMV (20bm:m29): -37594.243125 SMH (20bm:m30): 4802.187500 
#
# Detector Names/PVs:
# I0/20bm:scaler1_netA.C  I/20bm:scaler1_netA.E  IREF/20bm:scaler1_netA.F  
#
# Positioner names/Drive PVs/Readback PVs:
# Mono Energy */20bm:monoE.VAL/20bm:EnctoE.VAL  Scaler preset time */20bm:scaler1.TP/  
# Here is a readable list of column headings:
#  1) Mono Energy *        
#  2) Scaler preset time * 
#  3) I0                   
#  4) I                    
#  5) IREF                 
#
# Column Headings:
#Mono Energy *        Scaler preset time * I0                   I                    IREF                 
        4865.39613524            0.50000000        11540.39355469        26403.19335937         3659.99438477 
        4870.45719986            0.50000000        11353.39355469        26030.19335937         3572.99438477 
        4875.46750590            0.50000000        11231.39355469        26032.19335937         3511.99438477 
        4880.54682416            0.50000000        11048.39355469        25853.19335937         3432.99438477 
        4885.59924042            0.50000000        10857.39355469        25531.19335937         3312.99438477 
        4890.58590492            0.50000000        10766.39355469        25611.19335937         3272.99438477 
        4895.67085951            0.50000000        10640.39355469        25476.19335937         3197.99438477 
        4900.77713326            0.50000000        10520.39355469        25475.19335937         3160.99438477 
        4905.80760651            0.50000000        10365.39355469        25160.19335937         3093.99438477 
        4910.81044561            0.50000000        10283.39355469        25344.19335937         3068.99438477 
        4915.82448876            0.50000000        10039.39355469        25004.19335937         2956.99438477 
        4920.85466623            0.50000000        10060.39355469        25282.19335937         2968.99438477 
        4925.88633288            0.50000000         9904.39355469        25181.19335937         2924.99438477 
        4930.88996442            0.50000000         9822.39355469        25188.19335937         2914.99438477 
        4935.96879711            0.50000000         9704.39355469        25148.19335937         2861.99438477 
        4936.47632534            0.50000000         9759.39355469        25402.19335937         2889.99438477 
        4936.94453528            0.50000000         9805.39355469        25525.19335937         2909.99438477 
        4937.44242310            0.50000000         9794.39355469        25547.19335937         2921.99438477 
        4937.92562734            0.50000000         9693.39355469        25354.19335937         2884.99438477 
        4938.43359654            0.50000000         9721.39355469        25359.19335937         2878.99438477 
        4938.94168024            0.50000000         9737.39355469        25375.19335937         2853.99438477 
        4939.44494397            0.50000000         9675.39355469        25376.19335937         2841.99438477 
        4939.98780527            0.50000000         9643.39355469        25198.19335937         2837.99438477 
        4940.47155546            0.50000000         9676.39355469        25404.19335937         2864.99438477 
        4940.97516077            0.50000000         9669.39355469        25453.19335937         2842.99438477 
        4941.44430609            0.50000000         9558.39355469        25192.19335937         2820.99438477 
        4941.93824871            0.50000000         9560.39355469        25220.19335937         2848.99438477 
        4942.42735845            0.50000000         9676.39355469        25507.19335937         2882.99438477 
        4942.97093809            0.50000000         9592.39355469        25334.19335937         2840.99438477 
        4943.45532845            0.50000000         9576.39355469        25318.19335937         2836.99438477 
        4944.01893380            0.50000000         9594.39355469        25396.19335937         2848.99438477 
        4944.46893032            0.50000000         9528.39355469        25237.19335937         2819.99438477 
        4944.99816189            0.50000000         9502.39355469        25171.19335937         2809.99438477 
        4945.46319667            0.50000000         9427.39355469        25052.19335937         2773.99438477 
        4945.96296847            0.50000000         9467.39355469        25124.19335937         2773.99438477 
        4946.42820201            0.50000000         9565.39355469        25388.19335937         2820.99438477 
        4946.98264797            0.50000000         9504.39355469        25275.19335937         2799.99438477 
        4947.46789985            0.50000000         9465.39355469        25202.19335937         2803.99438477 
        4948.04241437            0.50000000         9493.39355469        25363.19335937         2838.99438477 
        4948.46844186            0.50000000         9428.39355469        25278.19335937         2819.99438477 
        4949.01347785            0.50000000         9421.39355469        25267.19335937         2835.99438477 
        4949.47438357            0.50000000         9425.39355469        25288.19335937         2808.99438477 
        4949.98495877            0.50000000         9436.39355469        25348.19335937         2777.99438477 
        4950.43614545            0.50000000         9387.39355469        25240.19335937         2797.99438477 
        4951.00645525            0.50000000         9475.39355469        25490.19335937         2849.99438477 
        4951.47768926            0.50000000         9439.39355469        25420.19335937         2822.99438477 
        4952.07307262            0.50000000         9444.39355469        25359.19335937         2810.99438477 
        4952.47504501            0.50000000         9410.39355469        25320.19335937         2809.99438477 
        4953.02104785            0.50000000         9426.39355469        25405.19335937         2806.99438477 
        4953.48277126            0.50000000         9447.39355469        25527.19335937         2790.99438477 
        4953.98928596            0.50000000         9365.39355469        25400.19335937         2815.99438477 
        4954.44127225            0.50000000         9393.39355469        25401.19335937         2793.99438477 
        4955.01756152            0.50000000         9422.39355469        25531.19335937         2831.99438477 
        4955.48466220            0.50000000         9294.39355469        25298.19335937         2767.99438477 
        4956.07115912            0.50000000         9386.39355469        25501.19335937         2789.99438477 
        4956.48378613            0.50000000         9241.39355469        25200.19335937         2749.99438477 
        4957.03573018            0.50000000         9317.39355469        25374.19335937         2772.99438477 
        4957.49329930            0.50000000         9325.39355469        25409.19335937         2751.99438477 
        4958.02558841            0.50000000         9306.39355469        25422.19335937         2760.99438477 
        4958.44852407            0.50000000         9260.39355469        25274.19335937         2720.99438477 
        4959.02085687            0.50000000         9311.39355469        25515.19335937         2762.99438477 
        4959.48878414            0.50000000         9219.39355469        25217.19335937         2707.99438477 
        4960.07631904            0.50000000         9251.39355469        25404.19335937         2748.99438477 
        4960.48967639            0.50000000         9203.39355469        25260.19335937         2713.99438477 
        4961.03761559            0.50000000         9341.39355469        25677.19335937         2748.99438477 
        4961.49101088            0.50000000         9135.39355469        25146.19335937         2686.99438477 
        4962.01925603            0.50000000         9317.39355469        25675.19335937         2747.99438477 
        4962.43795282            0.50000000         9154.39355469        25284.19335937         2690.99438477 
        4963.02126652            0.50000000         9305.39355469        25676.19335937         2717.99438477 
        4963.49500771            0.50000000         9096.39355469        25171.19335937         2640.99438477 
        4964.09355911            0.50000000         9155.39355469        25302.19335937         2607.99438477 
        4964.48270224            0.50000000         9081.39355469        25169.19335937         2562.99438477 
        4965.03160731            0.50000000         9139.39355469        25295.19335937         2508.99438477 
        4965.48081026            0.50000000         9031.39355469        25077.19335937         2379.99438477 
        4966.01997121            0.50000000         9120.39355469        25284.19335937         2068.99438477 
        4966.43441345            0.50000000         9016.39355469        25078.19335937         1642.99438477 
        4967.01875579            0.50000000         9041.39355469        25009.19335937         1435.99438477 
        4967.47834432            0.50000000         9000.39355469        24987.19335937         1501.99438477 
        4968.08294485            0.50000000         9054.39355469        24999.19335937         1719.99438477 
        4968.46777448            0.50000000         9011.39355469        24842.19335937         1763.99438477 
        4969.02264369            0.50000000         9053.39355469        24710.19335937         1760.99438477 
        4969.47263719            0.50000000         8983.39355469        24677.19335937         1683.99438477 
        4970.01774873            0.50000000         9024.39355469        24409.19335937         1620.99438477 
        4970.42791887            0.50000000         8991.39355469        23881.19335937         1512.99438477 
        4971.01829371            0.50000000         8990.39355469        23336.19335937         1429.99438477 
        4971.47869241            0.50000000         8928.39355469        23310.19335937         1415.99438477 
        4972.07935267            0.50000000         8990.39355469        23716.19335937         1401.99438477 
        4972.46986700            0.50000000         8941.39355469        23989.19335937         1394.99438477 
        4973.02571462            0.50000000         8956.39355469        24290.19335937         1388.99438477 
        4973.47149245            0.50000000         8893.39355469        24269.19335937         1312.99438477 
        4974.00754334            0.50000000         8940.39355469        24237.19335937         1243.99438477 
        4974.42344557            0.50000000         8907.39355469        24210.19335937         1162.99438477 
        4975.01987187            0.50000000         8902.39355469        24137.19335937         1090.99438477 
        4975.47606813            0.50000000         8859.39355469        24119.19335937         1045.99438477 
        4976.07277057            0.50000000         8982.39355469        24402.19335937         1044.99438477 
        4976.45895557            0.50000000         8850.39355469        23822.19335937          974.99432373 
        4977.01076217            0.50000000         8940.39355469        23665.19335937          945.99432373 
        4977.46233985            0.50000000         8798.39355469        22900.19335937          893.99432373 
        4977.98929377            0.50000000         8895.39355469        22717.19335937          856.99432373 
        4978.41094477            0.50000000         8784.39355469        22059.19335937          826.99432373 
        4978.99335316            0.50000000         8845.39355469        21971.19335937          817.99432373 
        4979.46541411            0.50000000         8767.39355469        21463.19335937          747.99432373 
        4980.05813984            0.50000000         8844.39355469        21107.19335937          750.99432373 
        4980.46007558            0.50000000         8720.39355469        20289.19335937          698.99432373 
        4981.01285307            0.50000000         8739.39355469        19740.19335937          693.99432373 
        4981.47025225            0.50000000         8765.39355469        19461.19335937          684.99432373 
        4981.99813468            0.50000000         8703.39355469        18933.19335937          661.99432373 
        4982.41549975            0.50000000         8742.39355469        18719.19335937          666.99432373 
        4982.99390305            0.50000000         8742.39355469        18410.19335937          642.99432373 
        4983.46176268            0.50000000         8639.39355469        18010.19335937          626.99432373 
        4984.04043163            0.50000000         8696.39355469        17869.19335937          651.99432373 
        4984.45817096            0.50000000         8668.39355469        17576.19335937          632.99432373 
        4984.99681538            0.50000000         8655.39355469        17307.19335937          626.99432373 
        4985.45501500            0.50000000         8637.39355469        16962.19335937          626.99432373 
        4985.97878448            0.50000000         8617.39355469        16669.19335937          621.99432373 
        4986.41703024            0.50000000         8697.39355469        16508.19335937          617.99432373 
        4986.99141081            0.50000000         8658.39355469        16052.19433594          616.99432373 
        4987.46009158            0.50000000         8623.39355469        15744.19433594          612.99432373 
        4988.04985905            0.50000000         8664.39355469        15414.19433594          600.99432373 
        4988.45824893            0.50000000         8539.39355469        14925.19433594          596.99432373 
        4988.99783900            0.50000000         8640.39355469        14775.19433594          601.99432373 
        4989.46693217            0.50000000         8513.39355469        14344.19433594          581.99432373 
        4989.96639539            0.50000000         8486.39355469        14140.19433594          583.99432373 
        4990.41550109            0.50000000         8500.39355469        14257.19433594          578.99432373 
        4990.98584129            0.50000000         8488.39355469        14434.19433594          557.99432373 
        4991.45534322            0.50000000         8442.39355469        14686.19433594          555.99432373 
        4992.01079275            0.50000000         8477.39355469        15193.19433594          560.99432373 
        4992.45019853            0.50000000         8437.39355469        15462.19433594          579.99432373 
        4992.98568077            0.50000000         8405.39355469        15785.19433594          586.99432373 
        4993.45054073            0.50000000         8487.39355469        16202.19433594          626.99432373 
        4993.93571286            0.50000000         8368.39355469        16156.19433594          600.99432373 
        4994.42604354            0.50000000         8393.39355469        16315.19433594          587.99432373 
        4994.96198916            0.50000000         8441.39355469        16471.19335937          607.99432373 
        4995.44242462            0.50000000         8398.39355469        16445.19335937          607.99432373 
        4995.99884450            0.50000000         8286.39355469        16268.19433594          578.99432373 
        4996.46937791            0.50000000         8368.39355469        16408.19335937          582.99432373 
        4996.97037476            0.50000000         8351.39355469        16397.19335937          579.99432373 
        4997.45123255            0.50000000         8238.39355469        16100.19433594          553.99432373 
        4997.91700176            0.50000000         8316.39355469        16224.19433594          568.99432373 
        4998.43857335            0.50000000         8266.39355469        16002.19433594          542.99432373 
        4998.95013286            0.50000000         8170.39404297        15684.19433594          547.99432373 
        4999.44660692            0.50000000         8284.39355469        15734.19433594          534.99432373 
        4999.98373080            0.50000000         8262.39355469        15522.19433594          542.99432373 
        5000.49056706            0.50000000         8238.39355469        15349.19433594          505.99432373 
        5000.96709552            0.50000000         8183.39404297        15086.19433594          521.99432373 
        5001.47414964            0.50000000         8290.39355469        15202.19433594          528.99432373 
        5001.92045021            0.50000000         8249.39355469        15100.19433594          528.99432373 
        5002.45308181            0.50000000         8175.39404297        14878.19433594          499.99432373 
        5002.91987043            0.50000000         8111.39404297        14811.19433594          495.99432373 
        5003.46288562            0.50000000         8216.39355469        15153.19433594          510.99432373 
        5003.96541625            0.50000000         8067.39404297        14941.19433594          502.99432373 
        5004.50867945            0.50000000         8134.39404297        15224.19433594          482.99432373 
        5004.94541431            0.50000000         8045.39404297        15176.19433594          491.99432373 
        5005.47367006            0.50000000         8169.39404297        15504.19433594          503.99432373 
        5005.91566990            0.50000000         8045.39404297        15461.19433594          508.99432373 
        5007.59299644            0.50000000         8006.39404297        15894.19433594          525.99432373 
        5009.40385331            0.50000000         7993.39404297        16311.19433594          526.99432373 
        5011.20086323            0.50000000         7853.39404297        16341.19433594          530.99432373 
        5013.02476533            0.50000000         7794.39404297        16594.19335937          538.99432373 
        5014.83991647            0.50000000         7707.39404297        16616.19335937          532.99432373 
        5016.81475764            0.50000000         7680.39404297        16779.19335937          537.99432373 
        5018.75553150            0.50000000         7581.39404297        16670.19335937          545.99432373 
        5020.79510940            0.50000000         7555.39404297        16719.19335937          542.99432373 
        5022.78019484            0.50000000         7551.39404297        16847.19335937          540.99432373 
        5024.87969967            0.50000000         7437.39404297        16696.19335937          525.99432373 
        5026.91958908            0.50000000         7367.39404297        16632.19335937          520.99432373 
        5029.06393276            0.50000000         7262.39404297        16373.19433594          488.99432373 
        5031.21027410            0.50000000         7262.39404297        16416.19335937          480.99432373 
        5033.47688409            0.50000000         7212.39404297        16313.19433594          457.99432373 
        5035.75087109            0.50000000         7130.39404297        16120.19433594          454.99432373 
        5038.02710115            0.50000000         7082.39404297        16005.19433594          425.99432373 
        5040.27979028            0.50000000         6929.39404297        15583.19433594          413.99432373 
        5042.66890571            0.50000000         6951.39404297        15622.19433594          408.99432373 
        5045.13284748            0.50000000         6855.39404297        15485.19433594          396.99432373 
        5047.46490313            0.50000000         6792.39404297        15505.19433594          395.99432373 
        5049.99610963            0.50000000         6758.39404297        15582.19433594          399.99432373 
        5052.44194646            0.50000000         6567.39404297        15283.19433594          402.99432373 
        5054.96303029            0.50000000         6545.39404297        15330.19433594          413.99432373 
        5057.59077899            0.50000000         6438.39404297        15163.19433594          429.99432373 
        5060.17469022            0.50000000         6383.39404297        15053.19433594          429.99432373 
        5062.80314330            0.50000000         6313.39404297        15003.19433594          428.99432373 
        5065.57013484            0.50000000         6274.39404297        14948.19433594          426.99432373 
        5068.26734273            0.50000000         6184.39404297        14952.19433594          426.99432373 
        5071.07220752            0.50000000         5979.39404297        14606.19433594          413.99432373 
        5073.96418151            0.50000000         6016.39404297        14763.19433594          428.99432373 
        5076.78640166            0.50000000         5902.39404297        14690.19433594          398.99432373 
        5079.66974605            0.50000000         5690.39404297        14369.19433594          386.99432373 
        5082.71948375            0.50000000         5642.39404297        14414.19433594          371.99432373 
        5085.72587834            0.50000000         5525.39404297        14225.19433594          350.99432373 
        5088.70981837            0.50000000         5499.39404297        14232.19433594          335.99432373 
        5091.84521627            0.50000000         5392.39404297        14145.19433594          337.99432373 
        5094.96370323            0.50000000         5278.39404297        14072.19433594          324.99432373 
        5098.06520289            0.50000000         5218.39404297        14008.19433594          329.99432373 
        5101.23964079            0.50000000         5125.39404297        14005.19433594          320.99432373 
        5104.50851173            0.50000000         5009.39404297        13854.19433594          358.99432373 
        5107.78725428            0.50000000         4943.39404297        13835.19433594          362.99432373 
        5111.06526691            0.50000000         4935.39404297        13884.19433594          359.99432373 
        5114.39577678            0.50000000         4869.39404297        13803.19433594          360.99432373 
        5117.77366549            0.50000000         4748.39404297        13655.19433594          349.99432373 
        5121.17776897            0.50000000         4634.39404297        13500.19433594          350.99432373 
        5124.59749574            0.50000000         4551.39404297        13285.19433594          349.99432373 
        5128.07574324            0.50000000         4627.39404297        13624.19433594          367.99432373 
        5131.60739622            0.50000000         4466.39404297        13253.19433594          356.99432373 
        5135.13359955            0.50000000         4393.39404297        13275.19433594          345.99432373 
        5138.71348792            0.50000000         4345.39404297        13197.19433594          331.99432373 
        5142.41733236            0.50000000         4326.39404297        13224.19433594          325.99432373 
        5145.97589628            0.50000000         4119.39404297        12877.19433594          310.99432373 
        5149.69653553            0.50000000         4072.39404297        12863.19433594          319.99432373 
        5153.42302496            0.50000000         4028.39404297        12719.19433594          302.99432373 
        5157.17706334            0.50000000         3876.39404297        12549.19433594          280.99432373 
        5161.03478849            0.50000000         3802.39404297        12456.19433594          299.99432373 
        5164.84439729            0.50000000         3695.39404297        12294.19433594          285.99432373 
        5168.74728178            0.50000000         3650.39404297        12310.19433594          304.99432373 
        5172.69477363            0.50000000         3636.39404297        12234.19433594          325.99432373 
        5176.53950083            0.50000000         3427.39404297        11842.19433594          302.99432373 
        5180.55467736            0.50000000         2730.39404297         9536.19433594          246.99432373 
        5184.54371529            0.50000000         3304.39404297        11595.19433594          289.99432373 
        5188.53942501            0.50000000         3194.39404297        11464.19433594          300.99432373 
        5192.70690048            0.50000000         3066.39404297        11122.19433594          287.99432373 
        5196.83754631            0.50000000         2942.39404297        10778.19433594          289.99432373 
        5200.94219583            0.50000000         2831.39404297        10517.19433594          279.99432373 
        5205.14791567            0.50000000         2681.39404297        10050.19433594          267.99432373 
        5208.92330839            0.50000000         2506.39404297         9437.19433594          239.99432373 
