# 1-D Scan File created by LabVIEW Control Panel  12/6/2011  3:42:08 AM; Scan time 0 hrs 4 min 28 sec. 
#
# Beamline 20 BM
#
# Scan config: 
#                 E0: 4966.00 eV   223 points
#        Scan bounds:  -100.00 -30.00 40.00 243.35 (7.99 (k))
#       Scan step(s):  5.00 0.50 0.07
#  Integration times:  0.50 0.50 0.50    kwgt in EXAFS region: 0.0 
#
# User Comment:
# 50oC
#
#
# Amplifier Sensitivities:
# Preslit: 20 nA/V  I0: 20 nA/V  I: 100 pA/V  IREF: 50 pA/V  
#
# Analog Input Voltages at start/end of scan:
# Preslit: 0.033/0.031  I0: 0.413/0.188  Ignore: 0.011/0.006  I: 0.747/0.434  IREF: 0.213/0.136  
#
# Mono Info:
# 
#
# ID Info:
# 
#
# Slit Info:
# Kappa S1:  Center is at -542 (H), 500 (V)   Size is 8000 wide x 2000 high
# Vacuum Slits:  Center is at 850 (H), -25 (V)   Size is 899 wide x 1000 high
#
# Motor Positions:
# SMV (20bm:m29): -37594.243125 SMH (20bm:m30): 4802.187500 
#
# Detector Names/PVs:
# I0/20bm:scaler1_netA.C  I/20bm:scaler1_netA.E  IREF/20bm:scaler1_netA.F  
#
# Positioner names/Drive PVs/Readback PVs:
# Mono Energy */20bm:monoE.VAL/20bm:EnctoE.VAL  Scaler preset time */20bm:scaler1.TP/  
# Here is a readable list of column headings:
#  1) Mono Energy *        
#  2) Scaler preset time * 
#  3) I0                   
#  4) I                    
#  5) IREF                 
#
# Column Headings:
#Mono Energy *        Scaler preset time * I0                   I                    IREF                 
        4865.38658797            0.50000000        15800.39355469        32297.19335937         4479.99414062 
        4870.45241530            0.50000000        15565.39355469        31989.19335937         4379.99414062 
        4875.46271053            0.50000000        15445.39355469        32063.19335937         4295.99414062 
        4880.54201781            0.50000000        15259.39355469        31977.19335937         4205.99414062 
        4885.59442313            0.50000000        15058.39355469        31816.19335937         4136.99414062 
        4890.57624875            0.50000000        15007.39355469        31991.19335937         4044.99438477 
        4895.66602039            0.50000000        14885.39355469        32070.19335937         3987.99438477 
        4900.77228306            0.50000000        14736.39355469        32078.19335937         3935.99438477 
        4905.80760651            0.50000000        14593.39355469        31937.19335937         3912.99438477 
        4910.81531763            0.50000000        14480.39355469        32116.19335937         3834.99438477 
        4915.82937170            0.50000000        14247.39355469        31999.19335937         3786.99438477 
        4920.85466623            0.50000000        14255.39355469        32366.19335937         3755.99438477 
        4925.89123776            0.50000000        14164.39355469        32520.19335937         3765.99438477 
        4930.89979604            0.50000000        14020.39355469        32578.19335937         3701.99438477 
        4935.97372402            0.50000000        13898.39355469        32565.19335937         3662.99438477 
        4936.48125336            0.50000000        13981.39355469        32992.19531250         3722.99438477 
        4936.94946433            0.50000000        13989.39355469        32989.19531250         3712.99438477 
        4937.44735323            0.50000000        13971.39355469        33009.19531250         3726.99438477 
        4937.92562734            0.50000000        13856.39355469        32800.19531250         3670.99438477 
        4938.43852885            0.50000000        13898.39355469        32763.19335937         3703.99438477 
        4938.95154708            0.50000000        13922.39355469        32867.19531250         3671.99438477 
        4939.44987848            0.50000000        13901.39355469        33059.19531250         3698.99438477 
        4939.99767669            0.50000000        13854.39355469        32821.19531250         3650.99438477 
        4940.47155546            0.50000000        13874.39355469        32925.19531250         3685.99438477 
        4940.98009864            0.50000000        13870.39355469        33090.19531250         3701.99438477 
        4941.44924499            0.50000000        13759.39355469        32822.19531250         3633.99438477 
        4941.94318868            0.50000000        13764.39355469        32931.19531250         3671.99438477 
        4942.43229949            0.50000000        13873.39355469        33142.19531250         3702.99438477 
        4942.97588032            0.50000000        13772.39355469        33012.19531250         3672.99438477 
        4943.46521506            0.50000000        13769.39355469        32939.19531250         3640.99438477 
        4944.02387833            0.50000000        13802.39355469        33095.19531250         3670.99438477 
        4944.47387584            0.50000000        13662.39355469        32804.19531250         3628.99438477 
        4945.00805525            0.50000000        13721.39355469        32918.19531250         3648.99438477 
        4945.46814437            0.50000000        13630.39355469        32844.19531250         3626.99438477 
        4945.96791726            0.50000000        13658.39355469        32894.19531250         3633.99438477 
        4946.43315182            0.50000000        13750.39355469        33040.19531250         3629.99438477 
        4946.99255003            0.50000000        13680.39355469        33004.19531250         3651.99438477 
        4947.47780404            0.50000000        13669.39355469        33010.19531250         3634.99438477 
        4948.05232107            0.50000000        13643.39355469        33010.19531250         3665.99438477 
        4948.47835043            0.50000000        13590.39355469        32958.19531250         3632.99438477 
        4949.02338881            0.50000000        13595.39355469        33039.19531250         3632.99438477 
        4949.48429656            0.50000000        13627.39355469        33142.19531250         3645.99438477 
        4949.98991638            0.50000000        13618.39355469        33160.19531250         3647.99438477 
        4950.44606265            0.50000000        13640.39355469        33249.19531250         3661.99438477 
        4951.01637495            0.50000000        13756.39355469        33525.19531250         3693.99438477 
        4951.48761103            0.50000000        13660.39355469        33401.19531250         3653.99438477 
        4952.08299700            0.50000000        13717.39355469        33432.19531250         3674.99438477 
        4952.48497116            0.50000000        13707.39355469        33477.19531250         3656.99438477 
        4953.03097639            0.50000000        13702.39355469        33457.19531250         3641.99438477 
        4953.48773654            0.50000000        13698.39355469        33609.19531250         3698.99438477 
        4954.00418517            0.50000000        13654.39355469        33591.19531250         3658.99438477 
        4954.44623964            0.50000000        13633.39355469        33485.19531250         3654.99438477 
        4955.02253017            0.50000000        13734.39355469        33839.19531250         3667.99438477 
        4955.48963188            0.50000000        13585.39355469        33575.19531250         3618.99438477 
        4956.08110105            0.50000000        13668.39355469        33762.19531250         3663.99438477 
        4956.49372988            0.50000000        13518.39355469        33446.19531250         3602.99438477 
        4957.04567635            0.50000000        13554.39355469        33540.19531250         3618.99438477 
        4957.50324748            0.50000000        13575.39355469        33536.19531250         3606.99438477 
        4958.03056366            0.50000000        13553.39355469        33588.19531250         3640.99438477 
        4958.45350026            0.50000000        13536.39355469        33530.19531250         3617.99438477 
        4959.03081176            0.50000000        13566.39355469        33733.19531250         3593.99438477 
        4959.49874109            0.50000000        13506.39355469        33593.19531250         3594.99438477 
        4960.08129880            0.50000000        13586.39355469        33804.19531250         3622.99438477 
        4960.49465706            0.50000000        13471.39355469        33534.19531250         3574.99438477 
        4961.04259746            0.50000000        13656.39355469        33994.19531250         3632.99438477 
        4961.49101088            0.50000000        13394.39355469        33463.19531250         3549.99438477 
        4962.02424006            0.50000000        13629.39355469        34040.19531250         3617.99438477 
        4962.44293777            0.50000000        13381.39355469        33417.19531250         3533.99438477 
        4963.03123900            0.50000000        13606.39355469        34026.19531250         3593.99438477 
        4963.49999498            0.50000000        13372.39355469        33515.19531250         3487.99438477 
        4964.09854770            0.50000000        13465.39355469        33753.19531250         3464.99438477 
        4964.48769169            0.50000000        13350.39355469        33650.19531250         3404.99438477 
        4965.03160731            0.50000000        13466.39355469        33821.19531250         3338.99438477 
        4965.48081026            0.50000000        13347.39355469        33704.19531250         3168.99438477 
        4966.02496404            0.50000000        13447.39355469        33771.19531250         2760.99438477 
        4966.43940720            0.50000000        13351.39355469        33674.19531250         2189.99438477 
        4967.02375081            0.50000000        13391.39355469        33560.19531250         1881.99438477 
        4967.48334036            0.50000000        13304.39355469        33509.19531250         1993.99438477 
        4968.08294485            0.50000000        13407.39355469        33570.19531250         2264.99438477 
        4968.47277270            0.50000000        13267.39355469        33298.19531250         2358.99438477 
        4969.02264369            0.50000000        13357.39355469        33250.19531250         2349.99438477 
        4969.47263719            0.50000000        13258.39355469        32994.19531250         2237.99438477 
        4970.01774873            0.50000000        13344.39355469        32982.19531250         2136.99438477 
        4970.42791887            0.50000000        13300.39355469        32789.19531250         2047.99438477 
        4971.01829371            0.50000000        13334.39355469        32560.19335937         1976.99438477 
        4971.47869241            0.50000000        13271.39355469        32706.19335937         1925.99438477 
        4972.07935267            0.50000000        13277.39355469        32773.19531250         1919.99438477 
        4972.46986700            0.50000000        13197.39355469        32829.19531250         1866.99438477 
        4973.02070638            0.50000000        13273.39355469        32960.19531250         1826.99438477 
        4973.47149245            0.50000000        13201.39355469        32798.19531250         1717.99438477 
        4974.01255376            0.50000000        13240.39355469        32547.19335937         1638.99438477 
        4974.42344557            0.50000000        13199.39355469        32110.19335937         1559.99438477 
        4975.01987187            0.50000000        13222.39355469        31425.19335937         1427.99438477 
        4975.47606813            0.50000000        13174.39355469        30870.19335937         1367.99438477 
        4976.07277057            0.50000000        13320.39355469        30460.19335937         1303.99438477 
        4976.46397139            0.50000000        13155.39355469        29780.19335937         1231.99438477 
        4977.01577921            0.50000000        13316.39355469        29678.19335937         1200.99438477 
        4977.46735789            0.50000000        13104.39355469        28864.19335937         1142.99438477 
        4977.99933217            0.50000000        13282.39355469        28891.19335937         1104.99438477 
        4978.41596489            0.50000000        13089.39355469        28243.19335937         1060.99438477 
        4979.00339599            0.50000000        13147.39355469        28239.19335937         1035.99438477 
        4979.47545902            0.50000000        13155.39355469        28098.19335937         1011.99432373 
        4980.06818737            0.50000000        13192.39355469        27883.19335937          977.99432373 
        4980.46510022            0.50000000        13127.39355469        27491.19335937          945.99432373 
        4981.01787894            0.50000000        13059.39355469        26933.19335937          900.99432373 
        4981.47527912            0.50000000        13096.39355469        26606.19335937          891.99432373 
        4982.00316272            0.50000000        13032.39355469        25916.19335937          881.99432373 
        4982.42052871            0.50000000        13067.39355469        25414.19335937          858.99432373 
        4983.00396353            0.50000000        13074.39355469        24569.19335937          867.99432373 
        4983.47182523            0.50000000        12963.39355469        23642.19335937          826.99432373 
        4984.04043163            0.50000000        13029.39355469        22804.19335937          827.99432373 
        4984.45817096            0.50000000        13018.39355469        22038.19335937          800.99432373 
        4985.00185004            0.50000000        12982.39355469        21239.19335937          799.99432373 
        4985.46005067            0.50000000        12977.39355469        20673.19335937          800.99432373 
        4985.98382131            0.50000000        12911.39355469        20060.19335937          772.99432373 
        4986.41703024            0.50000000        13005.39355469        19899.19335937          790.99432373 
        4986.99141081            0.50000000        12944.39355469        19570.19335937          766.99432373 
        4987.46513168            0.50000000        12900.39355469        19483.19335937          748.99432373 
        4988.04985905            0.50000000        12985.39355469        19537.19335937          773.99432373 
        4988.46329124            0.50000000        12849.39355469        19562.19335937          763.99432373 
        4988.99783900            0.50000000        12924.39355469        19834.19335937          764.99432373 
        4989.46188765            0.50000000        12790.39355469        19888.19335937          761.99432373 
        4989.96639539            0.50000000        12766.39355469        20235.19335937          760.99432373 
        4990.41550109            0.50000000        12797.39355469        20677.19335937          777.99432373 
        4990.98584129            0.50000000        12757.39355469        21069.19335937          780.99432373 
        4991.46039215            0.50000000        12689.39355469        21371.19335937          769.99432373 
        4992.02089308            0.50000000        12697.39355469        21834.19335937          799.99432373 
        4992.46030081            0.50000000        12674.39355469        22110.19335937          772.99432373 
        4992.98568077            0.50000000        12641.39355469        22333.19335937          782.99432373 
        4993.45559407            0.50000000        12736.39355469        22701.19335937          772.99432373 
        4993.94076728            0.50000000        12587.39355469        22511.19335937          782.99432373 
        4994.42604354            0.50000000        12586.39355469        22666.19335937          797.99432373 
        4994.96198916            0.50000000        12715.39355469        22766.19335937          796.99432373 
        4995.44748237            0.50000000        12664.39355469        22696.19335937          786.99432373 
        4996.00390349            0.50000000        12525.39355469        22375.19335937          765.99432373 
        4996.47443794            0.50000000        12631.39355469        22432.19335937          779.99432373 
        4996.97543589            0.50000000        12595.39355469        22270.19335937          760.99432373 
        4997.45629475            0.50000000        12478.39355469        21912.19335937          752.99432373 
        4997.92206499            0.50000000        12578.39355469        21908.19335937          761.99432373 
        4998.44870213            0.50000000        12513.39355469        21606.19335937          734.99432373 
        4998.95519838            0.50000000        12393.39355469        21252.19335937          722.99432373 
        4999.45167354            0.50000000        12562.39355469        21333.19335937          724.99432373 
        4999.99386642            0.50000000        12524.39355469        21071.19335937          712.99432373 
        5000.49056706            0.50000000        12479.39355469        20949.19335937          701.99432373 
        5000.97216550            0.50000000        12411.39355469        20805.19335937          681.99432373 
        5001.47414964            0.50000000        12524.39355469        20939.19335937          707.99432373 
        5001.92045021            0.50000000        12497.39355469        21054.19335937          710.99432373 
        5002.45308181            0.50000000        12460.39355469        21048.19335937          690.99432373 
        5002.92494474            0.50000000        12403.39355469        21132.19335937          671.99432373 
        5003.45781011            0.50000000        12498.39355469        21492.19335937          683.99432373 
        5003.97049288            0.50000000        12358.39355469        21413.19335937          685.99432373 
        5004.50360162            0.50000000        12386.39355469        21750.19335937          676.99432373 
        5004.94541431            0.50000000        12330.39355469        21877.19335937          654.99432373 
        5005.46351015            0.50000000        12435.39355469        22191.19335937          682.99432373 
        5005.91566990            0.50000000        12293.39355469        22275.19335937          652.99432373 
        5007.59299644            0.50000000        12261.39355469        23127.19335937          672.99432373 
        5009.39876463            0.50000000        12232.39355469        23631.19335937          725.99432373 
        5011.20086323            0.50000000        12069.39355469        23796.19335937          724.99432373 
        5013.02476533            0.50000000        12004.39355469        23785.19335937          740.99432373 
        5014.83991647            0.50000000        11872.39355469        23612.19335937          723.99432373 
        5016.81475764            0.50000000        11848.39355469        23616.19335937          728.99432373 
        5018.75553150            0.50000000        11772.39355469        23548.19335937          730.99432373 
        5020.79510940            0.50000000        11750.39355469        23802.19335937          746.99432373 
        5022.78531325            0.50000000        11708.39355469        23957.19335937          726.99432373 
        5024.87969967            0.50000000        11557.39355469        23939.19335937          735.99432373 
        5026.92471671            0.50000000        11516.39355469        23884.19335937          748.99432373 
        5029.06393276            0.50000000        11365.39355469        23629.19335937          704.99432373 
        5031.19999976            0.50000000        11392.39355469        23630.19335937          682.99432373 
        5033.47174186            0.50000000        11327.39355469        23369.19335937          679.99432373 
        5035.74057651            0.50000000        11178.39355469        22912.19335937          622.99432373 
        5038.01679641            0.50000000        11196.39355469        22658.19335937          603.99432373 
        5040.26431810            0.50000000        10980.39355469        22194.19335937          595.99432373 
        5042.65341753            0.50000000        10994.39355469        22200.19335937          573.99432373 
        5045.11734279            0.50000000        10895.39355469        22272.19335937          582.99432373 
        5047.44938279            0.50000000        10807.39355469        22340.19335937          558.99432373 
        5049.98575141            0.50000000        10745.39355469        22419.19335937          580.99432373 
        5052.43676187            0.50000000        10483.39355469        22109.19335937          590.99432373 
        5054.95264984            0.50000000        10486.39355469        22252.19335937          619.99432373 
        5057.58558288            0.50000000        10341.39355469        22153.19335937          609.99432373 
        5060.16428642            0.50000000        10249.39355469        22122.19335937          621.99432373 
        5062.79272772            0.50000000        10076.39355469        22046.19335937          606.99432373 
        5065.55970684            0.50000000        10023.39355469        22059.19335937          614.99432373 
        5068.26212267            0.50000000         9916.39355469        22063.19335937          625.99432373 
        5071.07220752            0.50000000         9634.39355469        21743.19335937          605.99432373 
        5073.96418151            0.50000000         9664.39355469        21938.19335937          621.99432373 
        5076.78116247            0.50000000         9519.39355469        21945.19335937          609.99432373 
        5079.67499175            0.50000000         9300.39355469        21637.19335937          579.99432373 
        5082.71948375            0.50000000         9225.39355469        21778.19335937          574.99432373 
        5085.73113767            0.50000000         9074.39355469        21655.19335937          550.99432373 
        5088.71508442            0.50000000         9100.39355469        21765.19335937          524.99432373 
        5091.83994316            0.50000000         8936.39355469        21624.19335937          495.99432373 
        5094.96370323            0.50000000         8768.39355469        21454.19335937          523.99432373 
        5098.07049004            0.50000000         8707.39355469        21441.19335937          502.99432373 
        5101.23964079            0.50000000         8605.39355469        21645.19335937          533.99432373 
        5104.50851173            0.50000000         8469.39355469        21498.19335937          563.99432373 
        5107.78725428            0.50000000         8342.39355469        21455.19335937          560.99432373 
        5111.07058345            0.50000000         8355.39355469        21526.19335937          575.99432373 
        5114.40110086            0.50000000         8276.39355469        21515.19335937          578.99432373 
        5117.78432897            0.50000000         8059.39404297        21264.19335937          569.99432373 
        5121.18310842            0.50000000         7882.39404297        20971.19335937          576.99432373 
        5124.60819017            0.50000000         7803.39404297        20757.19335937          568.99432373 
        5128.08645346            0.50000000         7889.39404297        21282.19335937          565.99432373 
        5131.61812249            0.50000000         7654.39404297        20751.19335937          562.99432373 
        5135.14434185            0.50000000         7582.39404297        20936.19335937          545.99432373 
        5138.71886720            0.50000000         7445.39404297        20691.19335937          539.99432373 
        5142.42810781            0.50000000         7372.39404297        20671.19335937          528.99432373 
        5145.99208379            0.50000000         7077.39404297        20270.19335937          509.99432373 
        5149.70193983            0.50000000         7017.39404297        20262.19335937          507.99432373 
        5153.43926342            0.50000000         6945.39404297        20192.19335937          489.99432373 
        5157.18248472            0.50000000         6743.39404297        20022.19335937          491.99432373 
        5161.04021868            0.50000000         6615.39404297        19806.19335937          493.99432373 
        5164.86071401            0.50000000         6438.39404297        19658.19335937          490.99432373 
        5168.75817745            0.50000000         6366.39404297        19729.19335937          504.99432373 
        5172.70568737            0.50000000         6179.39404297        19281.19335937          509.99432373 
        5176.55589789            0.50000000         6000.39404297        19063.19335937          501.99432373 
        5180.57110204            0.50000000         4872.39404297        15706.19433594          429.99432373 
        5184.56016742            0.50000000         5866.39404297        18997.19335937          516.99432373 
        5188.55041144            0.50000000         5715.39404297        18803.19335937          519.99432373 
        5192.71790606            0.50000000         5533.39404297        18413.19335937          512.99432373 
        5196.84857090            0.50000000         5333.39404297        17928.19335937          487.99432373 
        5200.95323931            0.50000000         5128.39404297        17507.19335937          478.99432373 
        5205.16450998            0.50000000         4905.39404297        16880.19335937          462.99432373 
        5208.94546897            0.50000000         4651.39404297        16082.19433594          437.99432373 
