# 1-D Scan File created by LabVIEW Control Panel  12/6/2011  12:46:24 AM; Scan time 0 hrs 4 min 29 sec. 
#
# Beamline 20 BM
#
# Scan config: 
#                 E0: 4966.00 eV   223 points
#        Scan bounds:  -100.00 -30.00 40.00 243.35 (7.99 (k))
#       Scan step(s):  5.00 0.50 0.07
#  Integration times:  0.50 0.50 0.50    kwgt in EXAFS region: 0.0 
#
# User Comment:
# 50oC
#
#
# Amplifier Sensitivities:
# Preslit: 20 nA/V  I0: 20 nA/V  I: 100 pA/V  IREF: 50 pA/V  
#
# Analog Input Voltages at start/end of scan:
# Preslit: 0.033/0.032  I0: 0.588/0.370  Ignore: 0.017/0.010  I: 0.858/0.727  IREF: 0.233/0.142  
#
# Mono Info:
# 
#
# ID Info:
# 
#
# Slit Info:
# Kappa S1:  Center is at -542 (H), 500 (V)   Size is 8000 wide x 2000 high
# Vacuum Slits:  Center is at 850 (H), -25 (V)   Size is 899 wide x 1000 high
#
# Motor Positions:
# SMV (20bm:m29): -37594.243125 SMH (20bm:m30): 4802.187500 
#
# Detector Names/PVs:
# I0/20bm:scaler1_netA.C  I/20bm:scaler1_netA.E  IREF/20bm:scaler1_netA.F  
#
# Positioner names/Drive PVs/Readback PVs:
# Mono Energy */20bm:monoE.VAL/20bm:EnctoE.VAL  Scaler preset time */20bm:scaler1.TP/  
# Here is a readable list of column headings:
#  1) Mono Energy *        
#  2) Scaler preset time * 
#  3) I0                   
#  4) I                    
#  5) IREF                 
#
# Column Headings:
#Mono Energy *        Scaler preset time * I0                   I                    IREF                 
        4865.40090888            0.50000000        24337.39453125        37767.19531250         5402.99414062 
        4870.45719986            0.50000000        24191.39453125        37814.19531250         5342.99414062 
        4875.46271053            0.50000000        24156.39453125        38090.19531250         5273.99414062 
        4880.54682416            0.50000000        23938.39453125        38117.19531250         5151.99414062 
        4885.59442313            0.50000000        23754.39453125        38150.19531250         5097.99414062 
        4890.58107683            0.50000000        23747.39453125        38429.19531250         5067.99414062 
        4895.66602039            0.50000000        23637.39453125        38604.19531250         4942.99414062 
        4900.78683369            0.50000000        23573.39453125        38928.19531250         4918.99414062 
        4905.81246765            0.50000000        23410.39453125        39098.19531250         4799.99414062 
        4910.82018967            0.50000000        23342.39453125        39284.19531250         4825.99414062 
        4915.83425465            0.50000000        23038.39453125        39259.19531250         4676.99414062 
        4920.85466623            0.50000000        23138.39453125        39854.19531250         4699.99414062 
        4925.89123776            0.50000000        22950.39453125        40046.19531250         4681.99414062 
        4930.90471187            0.50000000        22939.39453125        40381.19531250         4692.99414062 
        4935.97372402            0.50000000        22833.39453125        40606.19531250         4645.99414062 
        4936.48125336            0.50000000        22885.39453125        40947.19531250         4668.99414062 
        4936.95439338            0.50000000        22951.39453125        41083.19531250         4678.99414062 
        4937.44735323            0.50000000        22945.39453125        41108.19531250         4700.99414062 
        4937.93055853            0.50000000        22759.39453125        40769.19531250         4606.99414062 
        4938.44346116            0.50000000        22884.39453125        41069.19531250         4679.99414062 
        4938.95154708            0.50000000        22863.39453125        41078.19531250         4711.99414062 
        4939.44987848            0.50000000        22796.39453125        40998.19531250         4647.99414062 
        4939.99767669            0.50000000        22836.39453125        41113.19531250         4677.99414062 
        4940.47155546            0.50000000        22857.39453125        41178.19531250         4629.99414062 
        4940.98009864            0.50000000        22858.39453125        41342.19531250         4649.99414062 
        4941.45912280            0.50000000        22715.39453125        41069.19531250         4658.99414062 
        4941.95306866            0.50000000        22921.39453125        41492.19531250         4648.99414062 
        4942.44218161            0.50000000        22999.39453125        41670.19531250         4673.99414062 
        4942.98576482            0.50000000        22881.39453125        41508.19531250         4666.99414062 
        4943.46521506            0.50000000        22843.39453125        41441.19531250         4682.99414062 
        4944.02882287            0.50000000        22930.39453125        41636.19531250         4685.99414062 
        4944.47882136            0.50000000        22792.39453125        41449.19531250         4630.99414062 
        4945.00310856            0.50000000        22788.39453125        41566.19531250         4645.99414062 
        4945.47309207            0.50000000        22684.39453125        41377.19531250         4627.99414062 
        4945.97286606            0.50000000        22733.39453125        41559.19531250         4646.99414062 
        4946.43810164            0.50000000        22845.39453125        41695.19531250         4656.99414062 
        4946.99750107            0.50000000        22770.39453125        41724.19531250         4703.99414062 
        4947.48770826            0.50000000        22783.39453125        41814.19531250         4725.99414062 
        4948.05727444            0.50000000        22776.39453125        41868.19531250         4692.99414062 
        4948.48330474            0.50000000        22686.39453125        41750.19531250         4637.99414062 
        4949.02338881            0.50000000        22692.39453125        41848.19531250         4676.99414062 
        4949.48925307            0.50000000        22741.39453125        41937.19531250         4658.99414062 
        4949.99983162            0.50000000        22669.39453125        41914.19531250         4633.99414062 
        4950.45102127            0.50000000        22757.39453125        42088.19531250         4684.99414062 
        4951.02133482            0.50000000        22859.39453125        42267.19531250         4707.99414062 
        4951.49257193            0.50000000        22675.39453125        42020.19531250         4674.99414062 
        4952.08299700            0.50000000        22787.39453125        42229.19531250         4687.99414062 
        4952.48993425            0.50000000        22800.39453125        42299.19531250         4700.99414062 
        4953.03097639            0.50000000        22771.39453125        42261.19531250         4705.99414062 
        4953.49270183            0.50000000        22779.39453125        42299.19531250         4657.99414062 
        4954.00418517            0.50000000        22713.39453125        42429.19531250         4660.99414062 
        4954.45120703            0.50000000        22705.39453125        42317.19531250         4687.99414062 
        4955.02749883            0.50000000        22759.39453125        42540.19531250         4691.99414062 
        4955.49957126            0.50000000        22622.39453125        42352.19531250         4653.99414062 
        4956.08110105            0.50000000        22767.39453125        42652.19531250         4682.99414062 
        4956.49372988            0.50000000        22572.39453125        42327.19531250         4623.99414062 
        4957.04567635            0.50000000        22590.39453125        42401.19531250         4636.99414062 
        4957.49827339            0.50000000        22578.39453125        42356.19531250         4638.99414062 
        4958.03056366            0.50000000        22625.39453125        42535.19531250         4633.99414062 
        4958.45350026            0.50000000        22589.39453125        42522.19531250         4626.99414062 
        4959.03081176            0.50000000        22595.39453125        42641.19531250         4616.99414062 
        4959.49874109            0.50000000        22533.39453125        42484.19531250         4624.99414062 
        4960.08627857            0.50000000        22599.39453125        42709.19531250         4629.99414062 
        4960.49963774            0.50000000        22555.39453125        42630.19531250         4596.99414062 
        4961.04259746            0.50000000        22744.39453125        43035.19531250         4648.99414062 
        4961.49101088            0.50000000        22377.39453125        42449.19531250         4552.99414062 
        4962.02922410            0.50000000        22723.39453125        43088.19531250         4636.99414062 
        4962.45290771            0.50000000        22452.39453125        42710.19531250         4560.99414062 
        4963.03123900            0.50000000        22711.39453125        43124.19531250         4611.99414062 
        4963.49999498            0.50000000        22372.39453125        42656.19531250         4514.99414062 
        4964.09854770            0.50000000        22491.39453125        42918.19531250         4496.99414062 
        4964.48769169            0.50000000        22389.39453125        42777.19531250         4398.99414062 
        4965.03659796            0.50000000        22458.39453125        42858.19531250         4293.99414062 
        4965.48580190            0.50000000        22344.39453125        42840.19531250         4096.99414062 
        4966.02995688            0.50000000        22455.39453125        42974.19531250         3592.99438477 
        4966.43940720            0.50000000        22384.39453125        42875.19531250         2881.99438477 
        4967.02375081            0.50000000        22430.39453125        42868.19531250         2489.99438477 
        4967.49333247            0.50000000        22318.39453125        42679.19531250         2584.99438477 
        4968.08794222            0.50000000        22413.39453125        42722.19531250         2967.99438477 
        4968.47777093            0.50000000        22279.39453125        42396.19531250         3061.99438477 
        4969.03264258            0.50000000        22373.39453125        42321.19531250         3034.99438477 
        4969.47763762            0.50000000        22302.39453125        42133.19531250         2908.99438477 
        4970.02275036            0.50000000        22372.39453125        42048.19531250         2802.99438477 
        4970.43292141            0.50000000        22328.39453125        41873.19531250         2646.99438477 
        4971.02329755            0.50000000        22365.39453125        41659.19531250         2576.99438477 
        4971.48369726            0.50000000        22232.39453125        41692.19531250         2520.99438477 
        4972.08435884            0.50000000        22319.39453125        42047.19531250         2482.99438477 
        4972.46986700            0.50000000        22228.39453125        42032.19531250         2462.99438477 
        4973.02571462            0.50000000        22301.39453125        42157.19531250         2396.99438477 
        4973.47149245            0.50000000        22186.39453125        41864.19531250         2239.99438477 
        4974.01255376            0.50000000        22279.39453125        41673.19531250         2143.99438477 
        4974.42344557            0.50000000        22169.39453125        40970.19531250         2014.99438477 
        4975.01987187            0.50000000        22253.39453125        40211.19531250         1888.99438477 
        4975.47606813            0.50000000        22138.39453125        39264.19531250         1793.99438477 
        4976.07277057            0.50000000        22319.39453125        38547.19531250         1735.99438477 
        4976.46898723            0.50000000        22053.39453125        37655.19531250         1614.99438477 
        4977.01577921            0.50000000        22282.39453125        37520.19531250         1603.99438477 
        4977.47237593            0.50000000        22034.39453125        36730.19531250         1512.99438477 
        4978.00937062            0.50000000        22255.39453125        36717.19531250         1481.99438477 
        4978.42098503            0.50000000        22044.39453125        36141.19531250         1405.99438477 
        4979.00841742            0.50000000        22203.39453125        36135.19531250         1411.99438477 
        4979.48550398            0.50000000        22025.39453125        35623.19531250         1335.99438477 
        4980.07321115            0.50000000        22211.39453125        35681.19531250         1322.99438477 
        4980.47012488            0.50000000        22026.39453125        35059.19531250         1276.99438477 
        4981.02290481            0.50000000        22052.39453125        34622.19531250         1244.99438477 
        4981.48030601            0.50000000        22066.39453125        34091.19531250         1215.99438477 
        4982.00819077            0.50000000        21985.39453125        33262.19531250         1188.99438477 
        4982.42052871            0.50000000        22024.39453125        32534.19335937         1179.99438477 
        4983.00396353            0.50000000        22035.39453125        31479.19335937         1173.99438477 
        4983.47685652            0.50000000        21955.39453125        30335.19335937         1114.99438477 
        4984.05552931            0.50000000        21969.39453125        29079.19335937         1113.99438477 
        4984.46823792            0.50000000        21946.39453125        28057.19335937         1109.99438477 
        4985.00688471            0.50000000        21917.39453125        26985.19335937         1108.99438477 
        4985.46508635            0.50000000        21954.39453125        26358.19335937         1081.99438477 
        4985.98382131            0.50000000        21812.39453125        25631.19335937         1044.99438477 
        4986.42206804            0.50000000        21945.39453125        25382.19335937         1097.99438477 
        4986.99644987            0.50000000        21872.39453125        25018.19335937         1064.99438477 
        4987.46513168            0.50000000        21809.39453125        24928.19335937         1054.99438477 
        4988.05490045            0.50000000        21949.39453125        25090.19335937         1091.99438477 
        4988.46833355            0.50000000        21796.39453125        25147.19335937         1079.99438477 
        4989.00288250            0.50000000        21889.39453125        25639.19335937         1074.99438477 
        4989.46693217            0.50000000        21739.39453125        25870.19335937         1070.99438477 
        4989.97648668            0.50000000        21683.39453125        26318.19335937         1060.99438477 
        4990.42054772            0.50000000        21716.39453125        26902.19335937         1080.99438477 
        4990.99088918            0.50000000        21752.39453125        27549.19335937         1063.99438477 
        4991.46039215            0.50000000        21600.39453125        27887.19335937         1074.99438477 
        4992.02594326            0.50000000        21662.39453125        28561.19335937         1104.99438477 
        4992.46030081            0.50000000        21573.39453125        28775.19335937         1101.99438477 
        4992.99073309            0.50000000        21590.39453125        29098.19335937         1100.99438477 
        4993.46064743            0.50000000        21671.39453125        29415.19335937         1122.99438477 
        4993.94582171            0.50000000        21557.39453125        29410.19335937         1086.99438477 
        4994.42604354            0.50000000        21656.39453125        29614.19335937         1081.99438477 
        4994.96704585            0.50000000        21772.39453125        29798.19335937         1110.99438477 
        4995.44748237            0.50000000        21702.39453125        29644.19335937         1091.99438477 
        4996.00390349            0.50000000        21551.39453125        29361.19335937         1092.99438477 
        4996.47949797            0.50000000        21730.39453125        29428.19335937         1082.99438477 
        4996.98049704            0.50000000        21656.39453125        29185.19335937         1050.99438477 
        4997.46135696            0.50000000        21542.39453125        28844.19335937         1039.99438477 
        4997.92712823            0.50000000        21623.39453125        28704.19335937         1025.99438477 
        4998.44363774            0.50000000        21535.39453125        28327.19335937          981.99432373 
        4998.95519838            0.50000000        21430.39453125        27929.19335937          967.99432373 
        4999.45674017            0.50000000        21574.39453125        27902.19335937          994.99432373 
        4999.99386642            0.50000000        21596.39453125        27768.19335937          979.99432373 
        5000.48549814            0.50000000        21532.39453125        27674.19335937          944.99432373 
        5000.97216550            0.50000000        21457.39453125        27523.19335937          956.99432373 
        5001.46907854            0.50000000        21634.39453125        27746.19335937          957.99432373 
        5001.92552231            0.50000000        21569.39453125        27834.19335937          942.99432373 
        5002.45308181            0.50000000        21514.39453125        27862.19335937          924.99432373 
        5002.92494474            0.50000000        21400.39453125        27915.19335937          946.99432373 
        5003.45781011            0.50000000        21492.39453125        28349.19335937          939.99432373 
        5003.96541625            0.50000000        21289.39453125        28224.19335937          916.99432373 
        5004.50360162            0.50000000        21349.39453125        28708.19335937          933.99432373 
        5004.94541431            0.50000000        21273.39453125        28886.19335937          919.99432373 
        5005.46859010            0.50000000        21432.39453125        29393.19335937          965.99432373 
        5005.91058895            0.50000000        21257.39453125        29518.19335937          930.99432373 
        5007.58791178            0.50000000        21292.39453125        30744.19335937          977.99432373 
        5009.39367596            0.50000000        21266.39453125        31522.19335937         1004.99432373 
        5011.19067790            0.50000000        21105.39453125        31843.19335937         1022.99432373 
        5013.01457191            0.50000000        21012.39453125        31890.19335937         1020.99432373 
        5014.83481572            0.50000000        20872.39453125        31639.19335937          990.99432373 
        5016.80454738            0.50000000        20816.39453125        31563.19335937         1015.99432373 
        5018.74020318            0.50000000        20705.39453125        31599.19335937         1009.99432373 
        5020.77976748            0.50000000        20707.39453125        31995.19335937         1030.99438477 
        5022.77507644            0.50000000        20690.39453125        32372.19335937         1022.99432373 
        5024.86433048            0.50000000        20514.39453125        32452.19335937         1022.99432373 
        5026.90933386            0.50000000        20510.39453125        32560.19335937         1027.99438477 
        5029.04853562            0.50000000        20269.39453125        32167.19335937          992.99432373 
        5031.18458834            0.50000000        20341.39453125        32181.19335937          976.99432373 
        5033.45117307            0.50000000        20261.39453125        31941.19335937          955.99432373 
        5035.72513472            0.50000000        20143.39453125        31377.19335937          891.99432373 
        5037.99618707            0.50000000        20127.39453125        31030.19335937          889.99432373 
        5040.24368869            0.50000000        19834.39453125        30470.19335937          828.99432373 
        5042.62760412            0.50000000        19906.39453125        30680.19335937          843.99432373 
        5045.09150186            0.50000000        19717.39453125        30680.19335937          841.99432373 
        5047.42868918            0.50000000        19619.39453125        30874.19335937          830.99432373 
        5049.95985606            0.50000000        19605.39453125        31107.19335937          846.99432373 
        5052.41083910            0.50000000        19283.39453125        30771.19335937          865.99432373 
        5054.92150876            0.50000000        19263.39453125        30956.19335937          871.99432373 
        5057.54921038            0.50000000        19159.39453125        31062.19335937          897.99432373 
        5060.14347896            0.50000000        19040.39453125        31190.19335937          882.99432373 
        5062.76668896            0.50000000        18946.39453125        31408.19335937          897.99432373 
        5065.53363705            0.50000000        18852.39453125        31491.19335937          932.99432373 
        5068.23602256            0.50000000        18750.39453125        31588.19335937          949.99432373 
        5071.04607586            0.50000000        18363.39453125        31275.19335937          902.99432373 
        5073.93801737            0.50000000        18486.39453125        31813.19335937          912.99432373 
        5076.76544495            0.50000000        18234.39453125        31791.19335937          898.99432373 
        5079.65400904            0.50000000        17896.39453125        31433.19335937          864.99432373 
        5082.69847365            0.50000000        17870.39453125        31759.19335937          838.99432373 
        5085.71010044            0.50000000        17726.39453125        31859.19335937          812.99432373 
        5088.68348830            0.50000000        17752.39453125        32097.19335937          786.99432373 
        5091.81885086            0.50000000        17571.39453125        32103.19335937          769.99432373 
        5094.94786284            0.50000000        17353.39453125        31979.19335937          765.99432373 
        5098.04405440            0.50000000        17330.39453125        32223.19335937          771.99432373 
        5101.22375790            0.50000000        17203.39453125        32406.19335937          821.99432373 
        5104.49790835            0.50000000        17012.39453125        32412.19335937          855.99432373 
        5107.78194517            0.50000000        16860.39453125        32388.19335937          871.99432373 
        5111.06526691            0.50000000        16825.39453125        32609.19335937          898.99432373 
        5114.39577678            0.50000000        16804.39453125        32732.19335937          904.99432373 
        5117.77899722            0.50000000        16480.39453125        32409.19335937          881.99432373 
        5121.17242953            0.50000000        16173.39355469        32065.19335937          849.99432373 
        5124.60284295            0.50000000        15991.39355469        31893.19335937          874.99432373 
        5128.08645346            0.50000000        16183.39355469        32567.19335937          904.99432373 
        5131.60739622            0.50000000        15795.39355469        32120.19335937          883.99432373 
        5135.13897069            0.50000000        15662.39355469        32321.19335937          889.99432373 
        5138.71886720            0.50000000        15490.39355469        32238.19335937          862.99432373 
        5142.41733236            0.50000000        15448.39355469        32436.19335937          869.99432373 
        5145.98668794            0.50000000        14958.39355469        31844.19335937          824.99432373 
        5149.70193983            0.50000000        14891.39355469        32153.19335937          807.99432373 
        5153.42843777            0.50000000        14783.39355469        32208.19335937          809.99432373 
        5157.17706334            0.50000000        14569.39355469        32162.19335937          828.99432373 
        5161.04564888            0.50000000        14424.39355469        32297.19335937          815.99432373 
        5164.84983618            0.50000000        14040.39355469        31955.19335937          835.99432373 
        5168.74728178            0.50000000        13979.39355469        32247.19335937          854.99432373 
        5172.70023049            0.50000000        13749.39355469        32142.19335937          869.99432373 
        5176.53950083            0.50000000        13392.39355469        31810.19335937          881.99432373 
        5180.56015224            0.50000000        11023.39355469        26591.19335937          747.99432373 
        5184.54371529            0.50000000        13317.39355469        32284.19335937          903.99432373 
        5188.54491822            0.50000000        13006.39355469        32053.19335937          903.99432373 
        5192.71240326            0.50000000        12685.39355469        31618.19335937          901.99432373 
        5196.83203404            0.50000000        12371.39355469        31219.19335937          876.99432373 
        5200.94771756            0.50000000        12058.39355469        30832.19335937          878.99432373 
        5205.14238426            0.50000000        11739.39355469        30359.19335937          847.99432373 
        5208.92330839            0.50000000        11219.39355469        29365.19335937          819.99432373 
