# 1-D Scan File created by LabVIEW Control Panel  12/5/2011  10:50:56 PM; Scan time 0 hrs 4 min 28 sec. 
#
# Beamline 20 BM
#
# Scan config: 
#                 E0: 4966.00 eV   223 points
#        Scan bounds:  -100.00 -30.00 40.00 243.35 (7.99 (k))
#       Scan step(s):  5.00 0.50 0.07
#  Integration times:  0.50 0.50 0.50    kwgt in EXAFS region: 0.0 
#
# User Comment:
# 50oC
#
#
# Amplifier Sensitivities:
# Preslit: 20 nA/V  I0: 20 nA/V  I: 100 pA/V  IREF: 50 pA/V  
#
# Analog Input Voltages at start/end of scan:
# Preslit: 0.034/0.032  I0: 0.759/0.568  Ignore: 0.022/0.016  I: 0.936/1.006  IREF: 0.245/0.151  
#
# Mono Info:
# 
#
# ID Info:
# 
#
# Slit Info:
# Kappa S1:  Center is at -542 (H), 500 (V)   Size is 8000 wide x 2000 high
# Vacuum Slits:  Center is at 850 (H), -25 (V)   Size is 899 wide x 1000 high
#
# Motor Positions:
# SMV (20bm:m29): -37594.243125 SMH (20bm:m30): 4802.187500 
#
# Detector Names/PVs:
# I0/20bm:scaler1_netA.C  I/20bm:scaler1_netA.E  IREF/20bm:scaler1_netA.F  
#
# Positioner names/Drive PVs/Readback PVs:
# Mono Energy */20bm:monoE.VAL/20bm:EnctoE.VAL  Scaler preset time */20bm:scaler1.TP/  
# Here is a readable list of column headings:
#  1) Mono Energy *        
#  2) Scaler preset time * 
#  3) I0                   
#  4) I                    
#  5) IREF                 
#
# Column Headings:
#Mono Energy *        Scaler preset time * I0                   I                    IREF                 
        4865.41522989            0.50000000        33318.39453125        41866.19531250         6080.99414062 
        4870.47155359            0.50000000        33255.39453125        42106.19531250         6107.99414062 
        4875.48189209            0.50000000        33197.39453125        42398.19531250         5975.99414062 
        4880.56124329            0.50000000        33085.39453125        42625.19531250         5886.99414062 
        4885.60887503            0.50000000        32916.39453125        42796.19531250         5787.99414062 
        4890.60038926            0.50000000        32949.39453125        43228.19531250         5770.99414062 
        4895.68053777            0.50000000        32894.39453125        43597.19531250         5719.99414062 
        4900.79653417            0.50000000        32820.39453125        43929.19531250         5619.99414062 
        4905.82705115            0.50000000        32716.39453125        44212.19531250         5627.99414062 
        4910.83480583            0.50000000        32684.39453125        44618.19531250         5604.99414062 
        4915.84890357            0.50000000        32371.39453125        44699.19531250         5457.99414062 
        4920.87913585            0.50000000        32510.39453125        45432.19531250         5493.99414062 
        4925.91085739            0.50000000        32468.39453125        45886.19531250         5470.99414062 
        4930.92929118            0.50000000        32423.39453125        46314.19531250         5458.99414062 
        4935.98850481            0.50000000        32323.39453125        46723.19531250         5431.99414062 
        4936.49603748            0.50000000        32531.39453125        47093.19531250         5446.99414062 
        4936.97410970            0.50000000        32531.39453125        47151.19531250         5510.99414062 
        4937.46707387            0.50000000        32537.39453125        47212.19531250         5457.99414062 
        4937.95028340            0.50000000        32299.39453125        46930.19531250         5405.99414062 
        4938.45825816            0.50000000        32464.39453125        47208.19531250         5446.99414062 
        4938.97621436            0.50000000        32434.39453125        47221.19531250         5456.99414062 
        4939.46468209            0.50000000        32395.39453125        47288.19531250         5444.99414062 
        4940.01741965            0.50000000        32360.39453125        47205.19531250         5435.99414062 
        4940.49623937            0.50000000        32443.39453125        47435.19531250         5467.99414062 
        4941.00478812            0.50000000        32392.39453125        47492.19531250         5422.99414062 
        4941.47887856            0.50000000        32234.39453125        47328.19531250         5379.99414062 
        4941.97776879            0.50000000        32310.39453125        47444.19531250         5400.99414062 
        4942.45206377            0.50000000        32480.39453125        47701.19531250         5461.99414062 
        4943.00059166            0.50000000        32299.39453125        47567.19531250         5427.99414062 
        4943.48498839            0.50000000        32329.39453125        47583.19531250         5418.99414062 
        4944.04860114            0.50000000        32465.39453125        47823.19531250         5452.99414062 
        4944.49860358            0.50000000        32300.39453125        47742.19531250         5425.99414062 
        4945.02289537            0.50000000        32243.39453125        47617.19531250         5398.99414062 
        4945.49288300            0.50000000        32161.39453125        47588.19531250         5379.99414062 
        4945.99266136            0.50000000        32174.39453125        47672.19531250         5364.99414062 
        4946.45790102            0.50000000        32327.39453125        47886.19531250         5455.99414062 
        4947.01730536            0.50000000        32266.39453125        48015.19531250         5429.99414062 
        4947.50751685            0.50000000        32302.39453125        48101.19531250         5502.99414062 
        4948.07708802            0.50000000        32281.39453125        48081.19531250         5453.99414062 
        4948.50312205            0.50000000        32165.39453125        47999.19531250         5425.99414062 
        4949.03825534            0.50000000        32153.39453125        48040.19531250         5419.99414062 
        4949.50412266            0.50000000        32257.39453125        48266.19531250         5497.99414062 
        4950.01470457            0.50000000        32236.39453125        48331.19531250         5449.99414062 
        4950.46589719            0.50000000        32177.39453125        48222.19531250         5422.99414062 
        4951.03621449            0.50000000        32380.39453125        48575.19531250         5483.99414062 
        4951.50745470            0.50000000        32193.39453125        48444.19531250         5452.99414062 
        4952.10284590            0.50000000        32355.39453125        48695.19531250         5491.99414062 
        4952.50978672            0.50000000        32351.39453125        48677.19531250         5468.99414062 
        4953.05579794            0.50000000        32291.39453125        48637.19531250         5447.99414062 
        4953.51752845            0.50000000        32335.39453125        48797.19531250         5453.99414062 
        4954.02901740            0.50000000        32280.39453125        48799.19531250         5470.99414062 
        4954.47107672            0.50000000        32296.39453125        48829.19531250         5469.99414062 
        4955.04240487            0.50000000        32362.39453125        48987.19531250         5511.99414062 
        4955.50951068            0.50000000        32166.39453125        48839.19531250         5413.99414062 
        4956.10595608            0.50000000        32404.39453125        49207.19531250         5513.99414062 
        4956.51361750            0.50000000        32060.39453125        48756.19531250         5407.99414062 
        4957.06059569            0.50000000        32214.39453125        49091.19531250         5437.99414062 
        4957.51319571            0.50000000        32203.39453125        49058.19531250         5426.99414062 
        4958.04548949            0.50000000        32200.39453125        49091.19531250         5447.99414062 
        4958.47340510            0.50000000        32211.39453125        49177.19531250         5437.99414062 
        4959.04574418            0.50000000        32258.39453125        49328.19531250         5404.99414062 
        4959.51865512            0.50000000        32105.39453125        49198.19531250         5403.99414062 
        4960.10121795            0.50000000        32220.39453125        49386.19531250         5427.99414062 
        4960.51956057            0.50000000        32116.39453125        49318.19531250         5400.99414062 
        4961.05256124            0.50000000        32355.39453125        49617.19531250         5472.99414062 
        4961.51094242            0.50000000        32027.39453125        49349.19531250         5367.99414062 
        4962.04417629            0.50000000        32320.39453125        49753.19531250         5451.99414062 
        4962.47284771            0.50000000        32023.39453125        49437.19531250         5355.99414062 
        4963.04619780            0.50000000        32369.39453125        49900.19531250         5410.99414062 
        4963.51994420            0.50000000        31976.39453125        49404.19531250         5271.99414062 
        4964.11850218            0.50000000        32070.39453125        49575.19531250         5263.99414062 
        4964.50764959            0.50000000        32000.39453125        49530.19531250         5164.99414062 
        4965.05157000            0.50000000        32173.39453125        49888.19531250         5093.99414062 
        4965.50576858            0.50000000        32053.39453125        49861.19531250         4791.99414062 
        4966.04493547            0.50000000        32115.39453125        49784.19531250         4204.99414062 
        4966.45938227            0.50000000        32003.39453125        49718.19531250         3323.99438477 
        4967.03873596            0.50000000        32070.39453125        49756.19531250         2940.99438477 
        4967.50832072            0.50000000        31924.39453125        49510.19531250         3116.99438477 
        4968.10793180            0.50000000        32025.39453125        49508.19531250         3529.99438477 
        4968.49776395            0.50000000        31885.39453125        49221.19531250         3655.99438477 
        4969.04264151            0.50000000        32068.39453125        49227.19531250         3591.99438477 
        4969.49263898            0.50000000        31935.39453125        48888.19531250         3443.99438477 
        4970.03275365            0.50000000        32042.39453125        48837.19531250         3279.99438477 
        4970.44292650            0.50000000        31987.39453125        48633.19531250         3165.99438477 
        4971.03330524            0.50000000        32002.39453125        48503.19531250         3050.99438477 
        4971.50371675            0.50000000        31876.39453125        48530.19531250         2978.99438477 
        4972.09437122            0.50000000        31942.39453125        48813.19531250         2967.99438477 
        4972.48488812            0.50000000        31915.39453125        48903.19531250         2910.99438477 
        4973.04073942            0.50000000        31942.39453125        49004.19531250         2835.99438477 
        4973.48652020            0.50000000        31883.39453125        48795.19531250         2693.99438477 
        4974.02758507            0.50000000        31955.39453125        48384.19531250         2544.99438477 
        4974.44349097            0.50000000        31825.39453125        47612.19531250         2390.99438477 
        4975.02989718            0.50000000        31927.39453125        46610.19531250         2240.99438477 
        4975.49110913            0.50000000        31824.39453125        45516.19531250         2133.99438477 
        4976.08781551            0.50000000        32057.39453125        44704.19531250         2062.99438477 
        4976.47901892            0.50000000        31741.39453125        43615.19531250         1949.99438477 
        4977.03083039            0.50000000        32034.39453125        43508.19531250         1900.99438477 
        4977.48743013            0.50000000        31775.39453125        42764.19531250         1832.99438477 
        4978.02442837            0.50000000        31970.39453125        42544.19531250         1753.99438477 
        4978.43604550            0.50000000        31768.39453125        42034.19531250         1711.99438477 
        4979.01846032            0.50000000        31986.39453125        42035.19531250         1678.99438477 
        4979.49554898            0.50000000        31878.39453125        41581.19531250         1624.99438477 
        4980.09330639            0.50000000        32150.39453125        41661.19531250         1599.99438477 
        4980.49022362            0.50000000        31900.39453125        41055.19531250         1543.99438477 
        4981.03798251            0.50000000        31963.39453125        40587.19531250         1507.99438477 
        4981.49538673            0.50000000        31991.39453125        40072.19531250         1494.99438477 
        4982.02830308            0.50000000        31915.39453125        39020.19531250         1457.99438477 
        4982.44064467            0.50000000        32042.39453125        38206.19531250         1414.99438477 
        4983.01905435            0.50000000        32038.39453125        36786.19531250         1417.99438477 
        4983.49195047            0.50000000        31877.39453125        35434.19531250         1367.99438477 
        4984.07062709            0.50000000        31960.39453125        33970.19531250         1367.99438477 
        4984.48333843            0.50000000        31971.39453125        32759.19335937         1344.99438477 
        4985.02198879            0.50000000        31910.39453125        31498.19335937         1334.99438477 
        4985.48522920            0.50000000        31866.39453125        30573.19335937         1305.99438477 
        4986.00396874            0.50000000        31792.39453125        29863.19335937         1277.99438477 
        4986.44725719            0.50000000        31947.39453125        29635.19335937         1302.99438477 
        4987.01660625            0.50000000        31835.39453125        29210.19335937         1312.99438477 
        4987.49033236            0.50000000        31874.39453125        29185.19335937         1279.99438477 
        4988.07002473            0.50000000        31943.39453125        29389.19335937         1314.99438477 
        4988.48346058            0.50000000        31741.39453125        29451.19335937         1316.99438477 
        4989.01801307            0.50000000        31836.39453125        30010.19335937         1312.99438477 
        4989.48711039            0.50000000        31684.39453125        30402.19335937         1282.99438477 
        4989.99162371            0.50000000        31671.39453125        31139.19335937         1319.99438477 
        4990.43568769            0.50000000        31719.39453125        31787.19335937         1316.99438477 
        4991.01108087            0.50000000        31742.39453125        32594.19335937         1345.99438477 
        4991.48563699            0.50000000        31592.39453125        33023.19531250         1322.99438477 
        4992.04109388            0.50000000        31628.39453125        33670.19531250         1348.99438477 
        4992.48050549            0.50000000        31578.39453125        34026.19531250         1337.99438477 
        4993.01094247            0.50000000        31531.39453125        34325.19531250         1322.99438477 
        4993.48086097            0.50000000        31580.39453125        34615.19531250         1331.99438477 
        4993.96603954            0.50000000        31475.39453125        34650.19531250         1319.99438477 
        4994.44121008            0.50000000        31561.39453125        34833.19531250         1342.99438477 
        4994.98221599            0.50000000        31674.39453125        34917.19531250         1344.99438477 
        4995.46771349            0.50000000        31596.39453125        34847.19531250         1345.99438477 
        4996.02919857            0.50000000        31428.39453125        34529.19531250         1299.99438477 
        4996.49467815            0.50000000        31625.39453125        34519.19531250         1317.99438477 
        4997.00074173            0.50000000        31599.39453125        34289.19531250         1295.99438477 
        4997.47654366            0.50000000        31467.39453125        33841.19531250         1293.99438477 
        4997.94231803            0.50000000        31541.39453125        33729.19531250         1275.99438477 
        4998.45883096            0.50000000        31385.39453125        33200.19531250         1237.99438477 
        4998.97039500            0.50000000        31313.39453125        32835.19531250         1211.99438477 
        4999.46687346            0.50000000        31552.39453125        32828.19531250         1224.99438477 
        5000.01413781            0.50000000        31535.39453125        32757.19335937         1194.99438477 
        5000.50070493            0.50000000        31406.39453125        32478.19335937         1176.99438477 
        5000.98737553            0.50000000        31293.39453125        32308.19335937         1159.99438477 
        5001.48429187            0.50000000        31528.39453125        32701.19335937         1191.99438477 
        5001.94073867            0.50000000        31441.39453125        32657.19335937         1168.99438477 
        5002.46830168            0.50000000        31420.39453125        32850.19531250         1167.99438477 
        5002.94016775            0.50000000        31245.39453125        32811.19531250         1143.99438477 
        5003.47811220            0.50000000        31443.39453125        33412.19531250         1184.99438477 
        5003.99079951            0.50000000        31180.39453125        33406.19531250         1154.99438477 
        5004.51883513            0.50000000        31254.39453125        33873.19531250         1176.99438477 
        5004.96065075            0.50000000        31105.39453125        34097.19531250         1162.99438477 
        5005.48383002            0.50000000        31336.39453125        34824.19531250         1187.99438477 
        5005.93091279            0.50000000        31143.39453125        34941.19531250         1184.99438477 
        5007.60825050            0.50000000        31244.39453125        36477.19531250         1184.99438477 
        5009.40894200            0.50000000        31207.39453125        37496.19531250         1267.99438477 
        5011.21104860            0.50000000        30937.39453125        37713.19531250         1235.99438477 
        5013.03495880            0.50000000        30881.39453125        37818.19531250         1258.99438477 
        5014.84501723            0.50000000        30832.39453125        37721.19531250         1264.99438477 
        5016.81986279            0.50000000        30851.39453125        37721.19531250         1234.99438477 
        5018.76064096            0.50000000        30639.39453125        37704.19531250         1275.99438477 
        5020.80533741            0.50000000        30690.39453125        38249.19531250         1279.99438477 
        5022.79043168            0.50000000        30644.39453125        38697.19531250         1301.99438477 
        5024.88482276            0.50000000        30514.39453125        38917.19531250         1292.99438477 
        5026.92471671            0.50000000        30423.39453125        38945.19531250         1252.99438477 
        5029.07419758            0.50000000        30233.39453125        38722.19531250         1243.99438477 
        5031.21541128            0.50000000        30340.39453125        38785.19531250         1211.99438477 
        5033.48202632            0.50000000        30390.39453125        38621.19531250         1180.99438477 
        5035.75087109            0.50000000        30213.39453125        37920.19531250         1109.99438477 
        5038.02194877            0.50000000        30147.39453125        37478.19531250         1066.99438477 
        5040.27463287            0.50000000        29904.39453125        36988.19531250         1002.99432373 
        5042.65858025            0.50000000        29931.39453125        37202.19531250         1035.99438477 
        5045.12767924            0.50000000        29821.39453125        37400.19531250         1035.99438477 
        5047.46490313            0.50000000        29770.39453125        37658.19531250         1034.99438477 
        5049.99093051            0.50000000        29671.39453125        37882.19531250         1049.99438477 
        5052.44194646            0.50000000        29367.39453125        37681.19531250         1057.99438477 
        5054.96303029            0.50000000        29402.39453125        38058.19531250         1100.99438477 
        5057.59077899            0.50000000        29272.39453125        38204.19531250         1125.99438477 
        5060.17989214            0.50000000        29176.39453125        38515.19531250         1124.99438477 
        5062.80835111            0.50000000        29145.39453125        38876.19531250         1148.99438477 
        5065.58056289            0.50000000        29073.39453125        39242.19531250         1169.99438477 
        5068.28822308            0.50000000        28901.39453125        39219.19531250         1163.99438477 
        5071.09833948            0.50000000        28489.39453125        38961.19531250         1150.99438477 
        5073.99034596            0.50000000        28669.39453125        39763.19531250         1182.99438477 
        5076.80211933            0.50000000        28412.39453125        39793.19531250         1162.99438477 
        5079.69072890            0.50000000        27992.39453125        39511.19531250         1112.99438477 
        5082.74049405            0.50000000        28026.39453125        39997.19531250         1073.99438477 
        5085.75217509            0.50000000        27920.39453125        40310.19531250         1051.99438477 
        5088.73614873            0.50000000        27964.39453125        40797.19531250         1013.99432373 
        5091.87158198            0.50000000        27768.39453125        40729.19531250         1006.99432373 
        5094.99538432            0.50000000        27410.39453125        40532.19531250          990.99432373 
        5098.09692598            0.50000000        27430.39453125        40983.19531250         1007.99432373 
        5101.27670129            0.50000000        27280.39453125        41210.19531250         1053.99438477 
        5104.54562394            0.50000000        26995.39453125        41232.19531250         1079.99438477 
        5107.82441840            0.50000000        26995.39453125        41696.19531250         1149.99438477 
        5111.10248294            0.50000000        27014.39453125        42047.19531250         1154.99438477 
        5114.43304560            0.50000000        26826.39453125        42092.19531250         1158.99438477 
        5117.80565608            0.50000000        26447.39453125        41628.19531250         1123.99438477 
        5121.20446635            0.50000000        26104.39453125        41422.19531250         1131.99438477 
        5124.62957918            0.50000000        25938.39453125        41474.19531250         1123.99438477 
        5128.11322923            0.50000000        26344.39453125        42570.19531250         1185.99438477 
        5131.63421198            0.50000000        26023.39453125        42442.19531250         1166.99438477 
        5135.16045539            0.50000000        25869.39453125        42620.19531250         1165.99438477 
        5138.74038448            0.50000000        25627.39453125        42625.19531250         1150.99438477 
        5142.44427107            0.50000000        25673.39453125        43029.19531250         1128.99438477 
        5146.00827141            0.50000000        25021.39453125        42441.19531250         1092.99438477 
        5149.72355718            0.50000000        24906.39453125        42723.19531250         1074.99438477 
        5153.44467626            0.50000000        24776.39453125        43089.19531250         1076.99438477 
        5157.19332751            0.50000000        24580.39453125        43194.19531250         1101.99438477 
        5161.04564888            0.50000000        24356.39453125        43465.19531250         1106.99438477 
        5164.86615295            0.50000000        24018.39453125        43491.19531250         1150.99438477 
        5168.75817745            0.50000000        23993.39453125        43986.19531250         1161.99438477 
        5172.70568737            0.50000000        23688.39453125        44155.19531250         1182.99438477 
        5176.55043219            0.50000000        23240.39453125        43874.19531250         1210.99438477 
        5180.56562714            0.50000000        19408.39453125        37349.19531250         1063.99438477 
        5184.55468336            0.50000000        23450.39453125        45178.19531250         1256.99438477 
        5188.55041144            0.50000000        23055.39453125        45057.19531250         1269.99438477 
        5192.71240326            0.50000000        22527.39453125        44654.19531250         1247.99438477 
        5196.83754631            0.50000000        22083.39453125        44295.19531250         1242.99438477 
        5200.95323931            0.50000000        21825.39453125        44301.19531250         1239.99438477 
        5205.14791567            0.50000000        21422.39453125        44074.19531250         1209.99438477 
        5208.92884851            0.50000000        20749.39453125        43312.19531250         1199.99438477 
