# 1-D Scan File created by LabVIEW Control Panel  12/6/2011  2:21:47 AM; Scan time 0 hrs 4 min 28 sec. 
#
# Beamline 20 BM
#
# Scan config: 
#                 E0: 4966.00 eV   223 points
#        Scan bounds:  -100.00 -30.00 40.00 243.35 (7.99 (k))
#       Scan step(s):  5.00 0.50 0.07
#  Integration times:  0.50 0.50 0.50    kwgt in EXAFS region: 0.0 
#
# User Comment:
# 50oC
#
#
# Amplifier Sensitivities:
# Preslit: 20 nA/V  I0: 20 nA/V  I: 100 pA/V  IREF: 50 pA/V  
#
# Analog Input Voltages at start/end of scan:
# Preslit: 0.032/0.031  I0: 0.485/0.255  Ignore: 0.014/0.007  I: 0.797/0.529  IREF: 0.220/0.138  
#
# Mono Info:
# 
#
# ID Info:
# 
#
# Slit Info:
# Kappa S1:  Center is at -542 (H), 500 (V)   Size is 8000 wide x 2000 high
# Vacuum Slits:  Center is at 850 (H), -25 (V)   Size is 899 wide x 1000 high
#
# Motor Positions:
# SMV (20bm:m29): -37594.243125 SMH (20bm:m30): 4802.187500 
#
# Detector Names/PVs:
# I0/20bm:scaler1_netA.C  I/20bm:scaler1_netA.E  IREF/20bm:scaler1_netA.F  
#
# Positioner names/Drive PVs/Readback PVs:
# Mono Energy */20bm:monoE.VAL/20bm:EnctoE.VAL  Scaler preset time */20bm:scaler1.TP/  
# Here is a readable list of column headings:
#  1) Mono Energy *        
#  2) Scaler preset time * 
#  3) I0                   
#  4) I                    
#  5) IREF                 
#
# Column Headings:
#Mono Energy *        Scaler preset time * I0                   I                    IREF                 
        4865.39613524            0.50000000        19245.39453125        34768.19531250         4852.99414062 
        4870.45241530            0.50000000        19037.39453125        34569.19531250         4810.99414062 
        4875.46271053            0.50000000        18949.39453125        34813.19531250         4710.99414062 
        4880.54201781            0.50000000        18763.39453125        34789.19531250         4595.99414062 
        4885.58960585            0.50000000        18577.39453125        34693.19531250         4470.99414062 
        4890.57624875            0.50000000        18503.39453125        34905.19531250         4448.99414062 
        4895.66118128            0.50000000        18412.39453125        35036.19531250         4407.99414062 
        4900.77713326            0.50000000        18308.39453125        35291.19531250         4322.99414062 
        4905.80760651            0.50000000        18129.39453125        35196.19531250         4299.99414062 
        4910.81531763            0.50000000        18085.39453125        35523.19531250         4269.99414062 
        4915.82937170            0.50000000        17780.39453125        35319.19531250         4109.99414062 
        4920.85466623            0.50000000        17844.39453125        35906.19531250         4188.99414062 
        4925.89123776            0.50000000        17700.39453125        35953.19531250         4148.99414062 
        4930.89488023            0.50000000        17565.39453125        36111.19531250         4091.99438477 
        4935.96879711            0.50000000        17475.39453125        36222.19531250         4080.99438477 
        4936.48125336            0.50000000        17557.39453125        36652.19531250         4108.99414062 
        4936.95439338            0.50000000        17584.39453125        36657.19531250         4132.99414062 
        4937.44735323            0.50000000        17578.39453125        36739.19531250         4130.99414062 
        4937.92562734            0.50000000        17465.39453125        36548.19531250         4065.99438477 
        4938.43852885            0.50000000        17504.39453125        36595.19531250         4112.99414062 
        4938.95154708            0.50000000        17529.39453125        36660.19531250         4143.99414062 
        4939.44987848            0.50000000        17505.39453125        36780.19531250         4125.99414062 
        4939.99274098            0.50000000        17489.39453125        36623.19531250         4082.99438477 
        4940.47155546            0.50000000        17503.39453125        36715.19531250         4107.99414062 
        4940.98009864            0.50000000        17486.39453125        36888.19531250         4107.99414062 
        4941.44924499            0.50000000        17372.39453125        36692.19531250         4076.99438477 
        4941.94812866            0.50000000        17381.39453125        36706.19531250         4103.99414062 
        4942.43724054            0.50000000        17462.39453125        36881.19531250         4137.99414062 
        4942.97093809            0.50000000        17358.39453125        36754.19531250         4061.99438477 
        4943.46521506            0.50000000        17344.39453125        36719.19531250         4068.99438477 
        4944.02882287            0.50000000        17419.39453125        36918.19531250         4103.99414062 
        4944.46893032            0.50000000        17286.39453125        36685.19531250         4029.99438477 
        4945.00310856            0.50000000        17292.39453125        36730.19531250         4043.99438477 
        4945.46814437            0.50000000        17231.39453125        36658.19531250         4045.99438477 
        4945.96791726            0.50000000        17230.39453125        36748.19531250         4001.99438477 
        4946.43315182            0.50000000        17331.39453125        36769.19531250         4060.99438477 
        4946.99255003            0.50000000        17251.39453125        36852.19531250         4062.99438477 
        4947.48275614            0.50000000        17283.39453125        36929.19531250         4081.99438477 
        4948.05727444            0.50000000        17265.39453125        36974.19531250         4118.99414062 
        4948.47835043            0.50000000        17184.39453125        36906.19531250         4076.99438477 
        4949.02338881            0.50000000        17184.39453125        36926.19531250         4062.99438477 
        4949.48429656            0.50000000        17232.39453125        37125.19531250         4069.99438477 
        4949.98991638            0.50000000        17193.39453125        37065.19531250         4062.99438477 
        4950.44606265            0.50000000        17137.39453125        36914.19531250         4064.99438477 
        4951.01637495            0.50000000        17309.39453125        37326.19531250         4082.99438477 
        4951.48761103            0.50000000        17181.39453125        37155.19531250         4045.99438477 
        4952.08299700            0.50000000        17260.39453125        37285.19531250         4058.99438477 
        4952.48993425            0.50000000        17236.39453125        37251.19531250         4087.99438477 
        4953.03594068            0.50000000        17235.39453125        37248.19531250         4074.99438477 
        4953.49270183            0.50000000        17255.39453125        37344.19531250         4065.99438477 
        4954.00418517            0.50000000        17184.39453125        37327.19531250         4049.99438477 
        4954.45120703            0.50000000        17223.39453125        37361.19531250         4076.99438477 
        4955.02749883            0.50000000        17263.39453125        37514.19531250         4079.99438477 
        4955.50454097            0.50000000        17129.39453125        37309.19531250         4053.99438477 
        4956.09104303            0.50000000        17249.39453125        37684.19531250         4074.99438477 
        4956.49372988            0.50000000        17075.39453125        37352.19531250         4016.99438477 
        4957.04567635            0.50000000        17139.39453125        37465.19531250         4054.99438477 
        4957.49827339            0.50000000        17127.39453125        37423.19531250         4044.99438477 
        4958.03056366            0.50000000        17080.39453125        37430.19531250         4011.99438477 
        4958.45847645            0.50000000        17104.39453125        37461.19531250         4047.99438477 
        4959.02583431            0.50000000        17222.39453125        37874.19531250         4073.99438477 
        4959.50371958            0.50000000        17121.39453125        37598.19531250         4037.99438477 
        4960.08627857            0.50000000        17161.39453125        37832.19531250         4045.99438477 
        4960.49465706            0.50000000        17093.39453125        37630.19531250         3999.99438477 
        4961.03761559            0.50000000        17305.39453125        38141.19531250         4061.99438477 
        4961.49101088            0.50000000        17061.39453125        37697.19531250         3991.99438477 
        4962.02922410            0.50000000        17248.39453125        38091.19531250         4033.99438477 
        4962.44792274            0.50000000        16989.39453125        37643.19531250         3958.99438477 
        4963.02126652            0.50000000        17228.39453125        38034.19531250         4016.99438477 
        4963.49999498            0.50000000        16996.39453125        37683.19531250         3916.99438477 
        4964.09355911            0.50000000        17081.39453125        37923.19531250         3897.99438477 
        4964.48270224            0.50000000        16959.39453125        37738.19531250         3842.99438477 
        4965.03659796            0.50000000        17031.39453125        37840.19531250         3748.99438477 
        4965.48580190            0.50000000        16944.39453125        37779.19531250         3538.99438477 
        4966.02496404            0.50000000        16982.39453125        37829.19531250         3097.99438477 
        4966.43940720            0.50000000        16921.39453125        37821.19531250         2439.99438477 
        4967.02375081            0.50000000        16975.39453125        37784.19531250         2115.99438477 
        4967.48334036            0.50000000        16874.39453125        37580.19531250         2223.99438477 
        4968.08294485            0.50000000        16959.39453125        37609.19531250         2530.99438477 
        4968.47277270            0.50000000        16856.39453125        37424.19531250         2627.99438477 
        4969.02264369            0.50000000        16944.39453125        37338.19531250         2635.99438477 
        4969.47263719            0.50000000        16833.39453125        37075.19531250         2505.99438477 
        4970.01274711            0.50000000        16881.39453125        36855.19531250         2346.99438477 
        4970.42791887            0.50000000        16820.39453125        36711.19531250         2269.99438477 
        4971.01829371            0.50000000        16921.39453125        36677.19531250         2195.99438477 
        4971.47869241            0.50000000        16812.39453125        36683.19531250         2135.99438477 
        4972.07935267            0.50000000        16859.39453125        36974.19531250         2129.99438477 
        4972.46986700            0.50000000        16785.39453125        36886.19531250         2094.99438477 
        4973.02070638            0.50000000        16839.39453125        37038.19531250         2016.99438477 
        4973.46648323            0.50000000        16728.39453125        36759.19531250         1944.99438477 
        4974.00754334            0.50000000        16796.39453125        36522.19531250         1816.99438477 
        4974.42344557            0.50000000        16703.39453125        35950.19531250         1722.99438477 
        4975.01485923            0.50000000        16795.39453125        35309.19531250         1595.99438477 
        4975.47606813            0.50000000        16692.39453125        34500.19531250         1521.99438477 
        4976.06274067            0.50000000        16853.39453125        34001.19531250         1452.99438477 
        4976.45895557            0.50000000        16600.39453125        33070.19531250         1381.99438477 
        4977.01577921            0.50000000        16814.39453125        33036.19531250         1344.99438477 
        4977.47237593            0.50000000        16638.39453125        32323.19335937         1268.99438477 
        4978.00435139            0.50000000        16812.39453125        32313.19335937         1240.99438477 
        4978.41596489            0.50000000        16616.39453125        31732.19335937         1197.99438477 
        4979.00339599            0.50000000        16706.39453125        31675.19335937         1156.99438477 
        4979.47545902            0.50000000        16660.39453125        31357.19335937         1102.99438477 
        4980.06818737            0.50000000        16755.39453125        31293.19335937         1142.99438477 
        4980.46510022            0.50000000        16588.39453125        30710.19335937         1063.99438477 
        4981.02290481            0.50000000        16602.39453125        30222.19335937         1050.99438477 
        4981.47527912            0.50000000        16659.39453125        29912.19335937         1016.99432373 
        4982.00316272            0.50000000        16535.39453125        29096.19335937          983.99432373 
        4982.42052871            0.50000000        16593.39453125        28527.19335937          982.99432373 
        4982.99893329            0.50000000        16627.39453125        27573.19335937          977.99432373 
        4983.47182523            0.50000000        16508.39453125        26528.19335937          949.99432373 
        4984.04546418            0.50000000        16555.39453125        25526.19335937          926.99432373 
        4984.46320443            0.50000000        16556.39453125        24664.19335937          924.99432373 
        4985.00688471            0.50000000        16500.39453125        23725.19335937          901.99432373 
        4985.46005067            0.50000000        16476.39453125        23076.19335937          892.99432373 
        4985.98382131            0.50000000        16392.39453125        22446.19335937          865.99432373 
        4986.42206804            0.50000000        16468.39453125        22187.19335937          870.99432373 
        4986.99141081            0.50000000        16419.39453125        21896.19335937          883.99432373 
        4987.46513168            0.50000000        16380.39355469        21801.19335937          862.99432373 
        4988.04985905            0.50000000        16462.39453125        21898.19335937          886.99432373 
        4988.46329124            0.50000000        16345.39355469        21897.19335937          884.99432373 
        4988.99783900            0.50000000        16371.39355469        22207.19335937          886.99432373 
        4989.46693217            0.50000000        16240.39355469        22406.19335937          891.99432373 
        4989.96134976            0.50000000        16258.39355469        22826.19335937          873.99432373 
        4990.41550109            0.50000000        16244.39355469        23277.19335937          901.99432373 
        4990.98584129            0.50000000        16237.39355469        23836.19335937          880.99432373 
        4991.45534322            0.50000000        16143.39355469        24109.19335937          873.99432373 
        4992.02594326            0.50000000        16219.39355469        24704.19335937          898.99432373 
        4992.46030081            0.50000000        16090.39355469        24870.19335937          894.99432373 
        4992.99073309            0.50000000        16098.39355469        25167.19335937          889.99432373 
        4993.45559407            0.50000000        16202.39355469        25509.19335937          896.99432373 
        4993.94076728            0.50000000        16040.39355469        25399.19335937          913.99432373 
        4994.42604354            0.50000000        16062.39355469        25539.19335937          897.99432373 
        4994.96198916            0.50000000        16165.39355469        25655.19335937          906.99432373 
        4995.44748237            0.50000000        16118.39355469        25593.19335937          891.99432373 
        4996.00390349            0.50000000        15976.39355469        25238.19335937          866.99432373 
        4996.47443794            0.50000000        16119.39355469        25324.19335937          870.99432373 
        4996.97037476            0.50000000        16060.39355469        25108.19335937          863.99432373 
        4997.45629475            0.50000000        15938.39355469        24762.19335937          824.99432373 
        4997.92206499            0.50000000        15981.39355469        24658.19335937          836.99432373 
        4998.44363774            0.50000000        15904.39355469        24258.19335937          815.99432373 
        4998.95013286            0.50000000        15798.39355469        23893.19335937          804.99432373 
        4999.45167354            0.50000000        15972.39355469        23983.19335937          825.99432373 
        4999.99386642            0.50000000        15991.39355469        23911.19335937          823.99432373 
        5000.49056706            0.50000000        15903.39355469        23740.19335937          788.99432373 
        5000.96709552            0.50000000        15843.39355469        23561.19335937          768.99432373 
        5001.47414964            0.50000000        15991.39355469        23772.19335937          804.99432373 
        5001.92552231            0.50000000        15910.39355469        23766.19335937          768.99432373 
        5002.44800855            0.50000000        15880.39355469        23824.19335937          794.99432373 
        5002.91987043            0.50000000        15787.39355469        23846.19335937          778.99432373 
        5003.45781011            0.50000000        15862.39355469        24203.19335937          765.99432373 
        5003.96541625            0.50000000        15665.39355469        24024.19335937          740.99432373 
        5004.50360162            0.50000000        15718.39355469        24482.19335937          776.99432373 
        5004.94033552            0.50000000        15641.39355469        24630.19335937          747.99432373 
        5005.46859010            0.50000000        15822.39355469        25204.19335937          778.99432373 
        5005.91058895            0.50000000        15633.39355469        25161.19335937          732.99432373 
        5007.58791178            0.50000000        15628.39355469        26144.19335937          777.99432373 
        5009.39367596            0.50000000        15580.39355469        26773.19335937          817.99432373 
        5011.19067790            0.50000000        15381.39355469        26942.19335937          834.99432373 
        5013.01966861            0.50000000        15326.39355469        27016.19335937          810.99432373 
        5014.82971498            0.50000000        15187.39355469        26795.19335937          811.99432373 
        5016.80965250            0.50000000        15163.39355469        26761.19335937          808.99432373 
        5018.74531260            0.50000000        15086.39355469        26791.19335937          832.99432373 
        5020.78488144            0.50000000        15048.39355469        27075.19335937          837.99432373 
        5022.78019484            0.50000000        15019.39355469        27346.19335937          823.99432373 
        5024.86945353            0.50000000        14852.39355469        27285.19335937          821.99432373 
        5026.90933386            0.50000000        14800.39355469        27280.19335937          811.99432373 
        5029.05366799            0.50000000        14614.39355469        26943.19335937          788.99432373 
        5031.18972547            0.50000000        14611.39355469        26933.19335937          788.99432373 
        5033.46145744            0.50000000        14586.39355469        26799.19335937          755.99432373 
        5035.73028197            0.50000000        14453.39355469        26262.19335937          727.99432373 
        5038.00649172            0.50000000        14386.39355469        25941.19335937          676.99432373 
        5040.25400337            0.50000000        14126.39355469        25311.19335937          645.99432373 
        5042.63276678            0.50000000        14128.39355469        25363.19335937          646.99432373 
        5045.10700638            0.50000000        14006.39355469        25418.19335937          637.99432373 
        5047.44420937            0.50000000        13890.39355469        25554.19335937          664.99432373 
        5049.97021416            0.50000000        13840.39355469        25607.19335937          662.99432373 
        5052.42120817            0.50000000        13545.39355469        25320.19335937          677.99432373 
        5054.93707924            0.50000000        13550.39355469        25498.19335937          684.99432373 
        5057.56999460            0.50000000        13429.39355469        25491.19335937          673.99432373 
        5060.16428642            0.50000000        13331.39355469        25601.19335937          693.99432373 
        5062.78751994            0.50000000        13224.39355469        25718.19335937          708.99432373 
        5065.55970684            0.50000000        13167.39355469        25673.19335937          717.99432373 
        5068.25168259            0.50000000        12990.39355469        25664.19335937          725.99432373 
        5071.06698117            0.50000000        12635.39355469        25263.19335937          699.99432373 
        5073.95894866            0.50000000        12787.39355469        25756.19335937          724.99432373 
        5076.77592328            0.50000000        12596.39355469        25776.19335937          704.99432373 
        5079.66974605            0.50000000        12296.39355469        25323.19335937          654.99432373 
        5082.70897868            0.50000000        12290.39355469        25628.19335937          652.99432373 
        5085.72587834            0.50000000        12134.39355469        25641.19335937          618.99432373 
        5088.69928631            0.50000000        12210.39355469        25906.19335937          613.99432373 
        5091.83467007            0.50000000        12033.39355469        25866.19335937          601.99432373 
        5094.96370323            0.50000000        11859.39355469        25697.19335937          582.99432373 
        5098.05991575            0.50000000        11780.39355469        25765.19335937          601.99432373 
        5101.23964079            0.50000000        11675.39355469        25911.19335937          629.99432373 
        5104.51381344            0.50000000        11476.39355469        25776.19335937          658.99432373 
        5107.79256341            0.50000000        11385.39355469        25845.19335937          671.99432373 
        5111.07058345            0.50000000        11326.39355469        25851.19335937          654.99432373 
        5114.39577678            0.50000000        11250.39355469        25842.19335937          680.99432373 
        5117.77899722            0.50000000        11008.39355469        25573.19335937          656.99432373 
        5121.17776897            0.50000000        10796.39355469        25378.19335937          676.99432373 
        5124.60284295            0.50000000        10657.39355469        25094.19335937          653.99432373 
        5128.08109834            0.50000000        10791.39355469        25719.19335937          682.99432373 
        5131.60203310            0.50000000        10467.39355469        25117.19335937          667.99432373 
        5135.13359955            0.50000000        10358.39355469        25262.19335937          652.99432373 
        5138.71348792            0.50000000        10164.39355469        25025.19335937          646.99432373 
        5142.41733236            0.50000000        10200.39355469        25271.19335937          647.99432373 
        5145.98129210            0.50000000         9793.39355469        24698.19335937          603.99432373 
        5149.69113124            0.50000000         9704.39355469        24709.19335937          601.99432373 
        5153.42843777            0.50000000         9581.39355469        24591.19335937          598.99432373 
        5157.16079929            0.50000000         9409.39355469        24555.19335937          607.99432373 
        5161.02935832            0.50000000         9346.39355469        24673.19335937          605.99432373 
        5164.84439729            0.50000000         9031.39355469        24326.19335937          621.99432373 
        5168.74183397            0.50000000         8943.39355469        24427.19335937          641.99432373 
        5172.68931678            0.50000000         8702.39355469        24035.19335937          632.99432373 
        5176.53403517            0.50000000         8477.39355469        23812.19335937          639.99432373 
        5180.54920250            0.50000000         6912.39404297        19671.19335937          558.99432373 
        5184.53274726            0.50000000         8377.39355469        23963.19335937          658.99432373 
        5188.52843863            0.50000000         8165.39404297        23803.19335937          658.99432373 
        5192.69589494            0.50000000         7910.39404297        23263.19335937          645.99432373 
        5196.82100953            0.50000000         7635.39404297        22754.19335937          618.99432373 
        5200.93115240            0.50000000         7413.39404297        22379.19335937          610.99432373 
        5205.13685287            0.50000000         7127.39404297        21737.19335937          603.99432373 
        5208.91776827            0.50000000         6800.39404297        20898.19335937          577.99432373 
