# 1-D Scan File created by LabVIEW Control Panel  12/6/2011  7:43:11 AM; Scan time 0 hrs 4 min 28 sec. 
#
# Beamline 20 BM
#
# Scan config: 
#                 E0: 4966.00 eV   223 points
#        Scan bounds:  -100.00 -30.00 40.00 243.35 (7.99 (k))
#       Scan step(s):  5.00 0.50 0.07
#  Integration times:  0.50 0.50 0.50    kwgt in EXAFS region: 0.0 
#
# User Comment:
# 50oC
#
#
# Amplifier Sensitivities:
# Preslit: 20 nA/V  I0: 20 nA/V  I: 100 pA/V  IREF: 50 pA/V  
#
# Analog Input Voltages at start/end of scan:
# Preslit: 0.032/0.032  I0: 0.286/0.147  Ignore: 0.006/0.004  I: 0.579/0.258  IREF: 0.191/0.129  
#
# Mono Info:
# 
#
# ID Info:
# 
#
# Slit Info:
# Kappa S1:  Center is at -542 (H), 500 (V)   Size is 8000 wide x 2000 high
# Vacuum Slits:  Center is at 850 (H), -25 (V)   Size is 899 wide x 1000 high
#
# Motor Positions:
# SMV (20bm:m29): -37594.243125 SMH (20bm:m30): 4802.187500 
#
# Detector Names/PVs:
# I0/20bm:scaler1_netA.C  I/20bm:scaler1_netA.E  IREF/20bm:scaler1_netA.F  
#
# Positioner names/Drive PVs/Readback PVs:
# Mono Energy */20bm:monoE.VAL/20bm:EnctoE.VAL  Scaler preset time */20bm:scaler1.TP/  
# Here is a readable list of column headings:
#  1) Mono Energy *        
#  2) Scaler preset time * 
#  3) I0                   
#  4) I                    
#  5) IREF                 
#
# Column Headings:
#Mono Energy *        Scaler preset time * I0                   I                    IREF                 
        4865.38658797            0.50000000         9498.39355469        23902.19335937         3376.99438477 
        4870.45719986            0.50000000         9294.39355469        23525.19335937         3250.99438477 
        4875.46750590            0.50000000         9146.39355469        23331.19335937         3176.99438477 
        4880.55163053            0.50000000         8950.39355469        23003.19335937         3009.99438477 
        4885.60887503            0.50000000         8778.39355469        22659.19335937         2957.99438477 
        4890.59073303            0.50000000         8698.39355469        22603.19335937         2903.99438477 
        4895.66602039            0.50000000         8583.39355469        22489.19335937         2821.99438477 
        4900.77713326            0.50000000         8455.39355469        22292.19335937         2769.99438477 
        4905.80274538            0.50000000         8329.39355469        22137.19335937         2716.99438477 
        4910.80557360            0.50000000         8237.39355469        22051.19335937         2676.99438477 
        4915.82448876            0.50000000         7992.39404297        21576.19335937         2590.99438477 
        4920.84977234            0.50000000         7990.39404297        21743.19335937         2593.99438477 
        4925.87652315            0.50000000         7838.39404297        21583.19335937         2537.99438477 
        4930.88504862            0.50000000         7710.39404297        21424.19335937         2477.99438477 
        4935.96387021            0.50000000         7582.39404297        21255.19335937         2425.99438477 
        4936.47139734            0.50000000         7666.39404297        21580.19335937         2473.99438477 
        4936.93960625            0.50000000         7696.39404297        21631.19335937         2489.99438477 
        4937.43749298            0.50000000         7670.39404297        21664.19335937         2454.99438477 
        4937.91576500            0.50000000         7575.39404297        21395.19335937         2435.99438477 
        4938.42866425            0.50000000         7638.39404297        21556.19335937         2459.99438477 
        4938.93674684            0.50000000         7632.39404297        21534.19335937         2439.99438477 
        4939.43507497            0.50000000         7608.39404297        21553.19335937         2438.99438477 
        4939.97793390            0.50000000         7576.39404297        21417.19335937         2420.99438477 
        4940.46168197            0.50000000         7591.39404297        21507.19335937         2452.99438477 
        4940.97022292            0.50000000         7590.39404297        21545.19335937         2451.99438477 
        4941.43936721            0.50000000         7499.39404297        21317.19335937         2410.99438477 
        4941.93824871            0.50000000         7509.39404297        21298.19335937         2399.99438477 
        4942.42241741            0.50000000         7598.39404297        21610.19335937         2451.99438477 
        4942.96105366            0.50000000         7499.39404297        21334.19335937         2414.99438477 
        4943.45532845            0.50000000         7521.39404297        21401.19335937         2407.99438477 
        4944.01398928            0.50000000         7537.39404297        21486.19335937         2417.99438477 
        4944.46398482            0.50000000         7464.39404297        21287.19335937         2386.99438477 
        4944.98826857            0.50000000         7482.39404297        21356.19335937         2421.99438477 
        4945.45824899            0.50000000         7396.39404297        21107.19335937         2362.99438477 
        4945.95307092            0.50000000         7417.39404297        21231.19335937         2387.99438477 
        4946.43315182            0.50000000         7507.39404297        21466.19335937         2401.99438477 
        4946.98264797            0.50000000         7427.39404297        21293.19335937         2379.99438477 
        4947.46789985            0.50000000         7459.39404297        21356.19335937         2375.99438477 
        4948.04241437            0.50000000         7430.39404297        21390.19335937         2383.99438477 
        4948.46844186            0.50000000         7388.39404297        21321.19335937         2398.99438477 
        4949.00852239            0.50000000         7406.39404297        21366.19335937         2362.99438477 
        4949.47438357            0.50000000         7430.39404297        21440.19335937         2374.99438477 
        4949.97504359            0.50000000         7358.39404297        21281.19335937         2368.99438477 
        4950.43118686            0.50000000         7361.39404297        21253.19335937         2348.99438477 
        4951.00645525            0.50000000         7438.39404297        21552.19335937         2408.99438477 
        4951.47272839            0.50000000         7378.39404297        21361.19335937         2369.99438477 
        4952.06314828            0.50000000         7421.39404297        21510.19335937         2362.99438477 
        4952.47504501            0.50000000         7377.39404297        21391.19335937         2376.99438477 
        4953.02601211            0.50000000         7428.39404297        21595.19335937         2390.99438477 
        4953.47780599            0.50000000         7395.39404297        21517.19335937         2377.99438477 
        4953.98928596            0.50000000         7354.39404297        21398.19335937         2339.99438477 
        4954.43630488            0.50000000         7365.39404297        21398.19335937         2378.99438477 
        4955.01259288            0.50000000         7369.39404297        21521.19335937         2374.99438477 
        4955.47969254            0.50000000         7269.39404297        21223.19335937         2335.99438477 
        4956.07613008            0.50000000         7350.39404297        21464.19335937         2338.99438477 
        4956.47881427            0.50000000         7233.39404297        21130.19335937         2318.99438477 
        4957.03573018            0.50000000         7250.39404297        21232.19335937         2329.99438477 
        4957.48335116            0.50000000         7238.39404297        21214.19335937         2315.99438477 
        4958.02061316            0.50000000         7225.39404297        21189.19335937         2301.99438477 
        4958.44852407            0.50000000         7213.39404297        21169.19335937         2298.99438477 
        4959.02085687            0.50000000         7252.39404297        21327.19335937         2325.99438477 
        4959.48878414            0.50000000         7164.39404297        21061.19335937         2290.99438477 
        4960.07631904            0.50000000         7207.39404297        21205.19335937         2284.99438477 
        4960.48469573            0.50000000         7133.39404297        21035.19335937         2265.99438477 
        4961.02765187            0.50000000         7321.39404297        21604.19335937         2333.99438477 
        4961.48104517            0.50000000         7118.39404297        21016.19335937         2280.99438477 
        4962.01925603            0.50000000         7294.39404297        21571.19335937         2325.99438477 
        4962.44293777            0.50000000         7122.39404297        21107.19335937         2260.99438477 
        4963.02625276            0.50000000         7278.39404297        21588.19335937         2310.99438477 
        4963.49500771            0.50000000         7072.39404297        20955.19335937         2217.99438477 
        4964.09355911            0.50000000         7157.39404297        21261.19335937         2247.99438477 
        4964.48769169            0.50000000         7058.39404297        20964.19335937         2175.99438477 
        4965.03659796            0.50000000         7138.39404297        21211.19335937         2133.99438477 
        4965.48081026            0.50000000         7067.39404297        21042.19335937         2010.99438477 
        4966.02496404            0.50000000         7130.39404297        21198.19335937         1758.99438477 
        4966.43940720            0.50000000         7044.39404297        20991.19335937         1400.99438477 
        4967.02375081            0.50000000         7111.39404297        21140.19335937         1207.99438477 
        4967.48334036            0.50000000         7006.39404297        20855.19335937         1291.99438477 
        4968.08294485            0.50000000         7099.39404297        21015.19335937         1460.99438477 
        4968.47277270            0.50000000         7004.39404297        20573.19335937         1476.99438477 
        4969.02264369            0.50000000         7083.39404297        20694.19335937         1513.99438477 
        4969.47263719            0.50000000         6988.39404297        20438.19335937         1433.99438477 
        4970.00774550            0.50000000         7053.39404297        20426.19335937         1374.99438477 
        4970.42291635            0.50000000         7004.39404297        19811.19335937         1277.99438477 
        4971.01328989            0.50000000         7051.39404297        19579.19335937         1209.99438477 
        4971.47869241            0.50000000         6962.39404297        19400.19335937         1184.99438477 
        4972.07935267            0.50000000         6999.39404297        19785.19335937         1199.99438477 
        4972.46485998            0.50000000         6936.39404297        19882.19335937         1152.99438477 
        4973.02070638            0.50000000         6983.39404297        20302.19335937         1160.99438477 
        4973.47149245            0.50000000         6926.39404297        20195.19335937         1103.99438477 
        4974.00754334            0.50000000         6959.39404297        20219.19335937         1046.99438477 
        4974.41843424            0.50000000         6902.39404297        20020.19335937          986.99432373 
        4975.01485923            0.50000000         6973.39404297        20292.19335937          949.99432373 
        4975.47105449            0.50000000         6918.39404297        20203.19335937          917.99432373 
        4976.06775561            0.50000000         7018.39404297        20421.19335937          901.99432373 
        4976.45895557            0.50000000         6877.39404297        19858.19335937          813.99432373 
        4977.01577921            0.50000000         7002.39404297        19936.19335937          812.99432373 
        4977.46233985            0.50000000         6884.39404297        19296.19335937          768.99432373 
        4977.99933217            0.50000000         6985.39404297        19193.19335937          742.99432373 
        4978.41094477            0.50000000         6857.39404297        18593.19335937          719.99432373 
        4978.99837457            0.50000000         6886.39404297        18367.19335937          678.99432373 
        4979.47043656            0.50000000         6858.39404297        18075.19335937          667.99432373 
        4980.06316360            0.50000000         6904.39404297        17700.19335937          636.99432373 
        4980.46007558            0.50000000         6817.39404297        17062.19335937          604.99432373 
        4981.01787894            0.50000000         6797.39404297        16526.19335937          602.99432373 
        4981.47025225            0.50000000         6836.39404297        16345.19433594          584.99432373 
        4981.99310665            0.50000000         6770.39404297        15884.19433594          560.99432373 
        4982.41047080            0.50000000         6771.39404297        15613.19433594          548.99432373 
        4982.99390305            0.50000000         6797.39404297        15339.19433594          564.99432373 
        4983.46176268            0.50000000         6710.39404297        14930.19433594          552.99432373 
        4984.03539909            0.50000000         6780.39404297        14892.19433594          551.99432373 
        4984.45817096            0.50000000         6746.39404297        14602.19433594          554.99432373 
        4984.99681538            0.50000000         6699.39404297        14312.19433594          529.99432373 
        4985.45501500            0.50000000         6717.39404297        14145.19433594          530.99432373 
        4985.96871086            0.50000000         6686.39404297        13855.19433594          538.99432373 
        4986.41703024            0.50000000         6714.39404297        13620.19433594          512.99432373 
        4986.99141081            0.50000000         6683.39404297        13313.19433594          525.99432373 
        4987.46009158            0.50000000         6657.39404297        13067.19433594          533.99432373 
        4988.04481765            0.50000000         6677.39404297        12818.19433594          517.99432373 
        4988.46329124            0.50000000         6588.39404297        12384.19433594          517.99432373 
        4988.99279551            0.50000000         6643.39404297        12261.19433594          511.99432373 
        4989.46188765            0.50000000         6539.39404297        11836.19433594          486.99432373 
        4989.96639539            0.50000000         6518.39404297        11710.19433594          495.99432373 
        4990.41045447            0.50000000         6580.39404297        11815.19433594          503.99432373 
        4990.98079340            0.50000000         6558.39404297        11987.19433594          493.99432373 
        4991.45534322            0.50000000         6484.39404297        12082.19433594          485.99432373 
        4992.01584291            0.50000000         6506.39404297        12435.19433594          504.99432373 
        4992.45019853            0.50000000         6523.39404297        12746.19433594          515.99432373 
        4992.98568077            0.50000000         6467.39404297        12957.19433594          497.99432373 
        4993.45054073            0.50000000         6545.39404297        13302.19433594          497.99432373 
        4993.93571286            0.50000000         6422.39404297        13220.19433594          499.99432373 
        4994.42098805            0.50000000         6475.39404297        13412.19433594          508.99432373 
        4994.95187582            0.50000000         6503.39404297        13558.19433594          506.99432373 
        4995.44242462            0.50000000         6446.39404297        13444.19433594          497.99432373 
        4995.99884450            0.50000000         6373.39404297        13291.19433594          499.99432373 
        4996.46937791            0.50000000         6442.39404297        13508.19433594          495.99432373 
        4996.96531364            0.50000000         6402.39404297        13391.19433594          484.99432373 
        4997.44617036            0.50000000         6333.39404297        13209.19433594          458.99432373 
        4997.91700176            0.50000000         6393.39404297        13306.19433594          487.99432373 
        4998.43857335            0.50000000         6336.39404297        13109.19433594          447.99432373 
        4998.94506736            0.50000000         6257.39404297        12819.19433594          465.99432373 
        4999.44660692            0.50000000         6390.39404297        12996.19433594          452.99432373 
        4999.98373080            0.50000000         6348.39404297        12785.19433594          442.99432373 
        5000.48549814            0.50000000         6302.39404297        12596.19433594          437.99432373 
        5000.96202554            0.50000000         6275.39404297        12388.19433594          421.99432373 
        5001.46907854            0.50000000         6369.39404297        12462.19433594          447.99432373 
        5001.92552231            0.50000000         6301.39404297        12348.19433594          432.99432373 
        5002.44800855            0.50000000         6305.39404297        12312.19433594          434.99432373 
        5002.91987043            0.50000000         6214.39404297        12152.19433594          425.99432373 
        5003.45273462            0.50000000         6286.39404297        12343.19433594          426.99432373 
        5003.97049288            0.50000000         6163.39404297        12235.19433594          414.99432373 
        5004.50360162            0.50000000         6242.39404297        12477.19433594          439.99432373 
        5004.94541431            0.50000000         6140.39404297        12359.19433594          424.99432373 
        5005.46859010            0.50000000         6241.39404297        12669.19433594          431.99432373 
        5005.91566990            0.50000000         6166.39404297        12621.19433594          419.99432373 
        5007.59299644            0.50000000         6128.39404297        12958.19433594          436.99432373 
        5009.39876463            0.50000000         6082.39404297        13227.19433594          450.99432373 
        5011.20086323            0.50000000         5990.39404297        13302.19433594          446.99432373 
        5013.02476533            0.50000000         5926.39404297        13453.19433594          453.99432373 
        5014.83481572            0.50000000         5853.39404297        13458.19433594          446.99432373 
        5016.80965250            0.50000000         5823.39404297        13551.19433594          454.99432373 
        5018.75042204            0.50000000         5773.39404297        13556.19433594          454.99432373 
        5020.78999541            0.50000000         5747.39404297        13579.19433594          452.99432373 
        5022.78019484            0.50000000         5697.39404297        13584.19433594          446.99432373 
        5024.87457660            0.50000000         5617.39404297        13491.19433594          434.99432373 
        5026.91446147            0.50000000         5549.39404297        13421.19433594          431.99432373 
        5029.06393276            0.50000000         5469.39404297        13211.19433594          423.99432373 
        5031.19999976            0.50000000         5488.39404297        13279.19433594          432.99432373 
        5033.47174186            0.50000000         5448.39404297        13209.19433594          414.99432373 
        5035.74057651            0.50000000         5369.39404297        13008.19433594          371.99432373 
        5038.01679641            0.50000000         5319.39404297        12877.19433594          389.99432373 
        5040.27463287            0.50000000         5203.39404297        12572.19433594          361.99432373 
        5042.65858025            0.50000000         5237.39404297        12628.19433594          356.99432373 
        5045.12767924            0.50000000         5131.39404297        12495.19433594          338.99432373 
        5047.45972967            0.50000000         5073.39404297        12462.19433594          346.99432373 
        5049.99093051            0.50000000         5051.39404297        12495.19433594          335.99432373 
        5052.44194646            0.50000000         4902.39404297        12283.19433594          348.99432373 
        5054.95784006            0.50000000         4896.39404297        12344.19433594          363.99432373 
        5057.58558288            0.50000000         4814.39404297        12176.19433594          359.99432373 
        5060.17469022            0.50000000         4772.39404297        12116.19433594          363.99432373 
        5062.80314330            0.50000000         4686.39404297        11980.19433594          363.99432373 
        5065.57534886            0.50000000         4666.39404297        11957.19433594          343.99432373 
        5068.27256280            0.50000000         4593.39404297        11965.19433594          361.99432373 
        5071.08266027            0.50000000         4432.39404297        11662.19433594          348.99432373 
        5073.96941438            0.50000000         4466.39404297        11817.19433594          353.99432373 
        5076.79164087            0.50000000         4339.39404297        11688.19433594          360.99432373 
        5079.67499175            0.50000000         4181.39404297        11352.19433594          313.99432373 
        5082.72473631            0.50000000         4162.39404297        11450.19433594          309.99432373 
        5085.73113767            0.50000000         4065.39404297        11321.19433594          286.99432373 
        5088.71508442            0.50000000         4068.39404297        11346.19433594          289.99432373 
        5091.84521627            0.50000000         3980.39404297        11286.19433594          272.99432373 
        5094.96898338            0.50000000         3869.39404297        11164.19433594          279.99432373 
        5098.07049004            0.50000000         3868.39404297        11271.19433594          281.99432373 
        5101.25022945            0.50000000         3767.39404297        11166.19433594          294.99432373 
        5104.51381344            0.50000000         3706.39404297        11103.19433594          301.99432373 
        5107.78725428            0.50000000         3640.39404297        11040.19433594          314.99432373 
        5111.07058345            0.50000000         3621.39404297        11049.19433594          292.99432373 
        5114.39045271            0.50000000         3570.39404297        10948.19433594          294.99432373 
        5117.77899722            0.50000000         3475.39404297        10892.19433594          307.99432373 
        5121.17776897            0.50000000         3371.39404297        10661.19433594          299.99432373 
        5124.60284295            0.50000000         3293.39404297        10404.19433594          297.99432373 
        5128.07574324            0.50000000         3334.39404297        10646.19433594          302.99432373 
        5131.61275934            0.50000000         3238.39404297        10412.19433594          296.99432373 
        5135.13897069            0.50000000         3157.39404297        10372.19433594          289.99432373 
        5138.71348792            0.50000000         3074.39404297        10126.19433594          282.99432373 
        5142.41733236            0.50000000         3049.39404297        10113.19433594          286.99432373 
        5145.98129210            0.50000000         2901.39404297         9822.19433594          244.99432373 
        5149.70193983            0.50000000         2835.39404297         9687.19433594          258.99432373 
        5153.42843777            0.50000000         2809.39404297         9665.19433594          263.99432373 
        5157.17164198            0.50000000         2752.39404297         9622.19433594          268.99432373 
        5161.04564888            0.50000000         2685.39404297         9517.19433594          256.99432373 
        5164.84983618            0.50000000         2583.39404297         9290.19433594          254.99432373 
        5168.74728178            0.50000000         2568.39404297         9349.19433594          275.99432373 
        5172.69477363            0.50000000         2471.39404297         9051.19433594          268.99432373 
        5176.54496650            0.50000000         2390.39404297         8908.19433594          252.99432373 
        5180.56015224            0.50000000         1921.39404297         7248.19433594          214.99432373 
        5184.54371529            0.50000000         2340.39404297         8886.19433594          265.99432373 
        5188.53393181            0.50000000         2252.39404297         8700.19433594          256.99432373 
        5192.70139770            0.50000000         2162.39404297         8447.19433594          243.99432373 
        5196.83203404            0.50000000         2069.39404297         8168.19433594          246.99432373 
        5200.94219583            0.50000000         1999.39404297         7999.19433594          243.99432373 
        5205.14238426            0.50000000         1892.39404297         7641.19433594          234.99432373 
        5208.92330839            0.50000000         1772.39404297         7160.19433594          226.99432373 
