# 1-D Scan File created by LabVIEW Control Panel  12/5/2011  9:55:43 PM; Scan time 0 hrs 4 min 28 sec. 
#
# Beamline 20 BM
#
# Scan config: 
#                 E0: 4966.00 eV   223 points
#        Scan bounds:  -100.00 -30.00 40.00 243.35 (7.99 (k))
#       Scan step(s):  5.00 0.50 0.07
#  Integration times:  0.50 0.50 0.50    kwgt in EXAFS region: 0.0 
#
# User Comment:
# 50oC
#
#
# Amplifier Sensitivities:
# Preslit: 20 nA/V  I0: 20 nA/V  I: 100 pA/V  IREF: 50 pA/V  
#
# Analog Input Voltages at start/end of scan:
# Preslit: 0.034/0.032  I0: 0.881/0.619  Ignore: 0.025/0.018  I: 0.972/1.120  IREF: 0.251/0.154  
#
# Mono Info:
# 
#
# ID Info:
# 
#
# Slit Info:
# Kappa S1:  Center is at -542 (H), 500 (V)   Size is 8000 wide x 2000 high
# Vacuum Slits:  Center is at 850 (H), -25 (V)   Size is 899 wide x 1000 high
#
# Motor Positions:
# SMV (20bm:m29): -37594.243125 SMH (20bm:m30): 4802.187500 
#
# Detector Names/PVs:
# I0/20bm:scaler1_netA.C  I/20bm:scaler1_netA.E  IREF/20bm:scaler1_netA.F  
#
# Positioner names/Drive PVs/Readback PVs:
# Mono Energy */20bm:monoE.VAL/20bm:EnctoE.VAL  Scaler preset time */20bm:scaler1.TP/  
# Here is a readable list of column headings:
#  1) Mono Energy *        
#  2) Scaler preset time * 
#  3) I0                   
#  4) I                    
#  5) IREF                 
#
# Column Headings:
#Mono Energy *        Scaler preset time * I0                   I                    IREF                 
        4865.41522989            0.50000000        38978.39453125        43581.19531250         6339.99414062 
        4870.48112279            0.50000000        38874.39453125        43801.19531250         6398.99414062 
        4875.49627837            0.50000000        38970.39453125        44257.19531250         6353.99414062 
        4880.58046895            0.50000000        38866.39453125        44612.19531250         6226.99414062 
        4885.63296174            0.50000000        38691.39453125        44794.19531250         6154.99414062 
        4890.61487369            0.50000000        38781.39453125        45344.19531250         6148.99414062 
        4895.69989444            0.50000000        38722.39453125        45753.19531250         6097.99414062 
        4900.81593525            0.50000000        38704.39453125        46159.19531250         6005.99414062 
        4905.84649595            0.50000000        38575.39453125        46480.19531250         5973.99414062 
        4910.85429421            0.50000000        38538.39453125        46879.19531250         5981.99414062 
        4915.87820169            0.50000000        38280.39453125        47092.19531250         5825.99414062 
        4920.90360574            0.50000000        38361.39453125        47720.19531250         5823.99414062 
        4925.93047718            0.50000000        38385.39453125        48341.19531250         5811.99414062 
        4930.94895481            0.50000000        38300.39453125        48773.19531250         5788.99414062 
        4936.01806668            0.50000000        38276.39453125        49327.19531250         5778.99414062 
        4936.51574980            0.50000000        38373.39453125        49515.19531250         5754.99414062 
        4936.99382620            0.50000000        38471.39453125        49762.19531250         5817.99414062 
        4937.48679468            0.50000000        38448.39453125        49805.19531250         5820.99414062 
        4937.97493972            0.50000000        38201.39453125        49509.19531250         5731.99414062 
        4938.47305525            0.50000000        38319.39453125        49673.19531250         5797.99414062 
        4938.99594838            0.50000000        38354.39453125        49769.19531250         5755.99414062 
        4939.49428959            0.50000000        38234.39453125        49736.19531250         5768.99414062 
        4940.04209859            0.50000000        38221.39453125        49704.19531250         5745.99414062 
        4940.51104985            0.50000000        38301.39453125        49910.19531250         5815.99414062 
        4941.02453990            0.50000000        38302.39453125        49964.19531250         5743.99414062 
        4941.50357350            0.50000000        38145.39453125        49867.19531250         5684.99414062 
        4941.99752909            0.50000000        38258.39453125        50051.19531250         5757.99414062 
        4942.47182823            0.50000000        38357.39453125        50265.19531250         5786.99414062 
        4943.02036092            0.50000000        38164.39453125        50074.19531250         5744.99414062 
        4943.50476189            0.50000000        38229.39453125        50162.19531250         5757.99414062 
        4944.05354573            0.50000000        38344.39453125        50428.19531250         5813.99414062 
        4944.51344035            0.50000000        38164.39453125        50234.19531250         5710.99414062 
        4945.04268235            0.50000000        38124.39453125        50197.19531250         5730.99414062 
        4945.51762190            0.50000000        38028.39453125        50154.19531250         5678.99414062 
        4946.01740574            0.50000000        38125.39453125        50327.19531250         5687.99414062 
        4946.47770058            0.50000000        38195.39453125        50519.19531250         5783.99414062 
        4947.02720757            0.50000000        38191.39453125        50627.19531250         5781.99414062 
        4947.52732561            0.50000000        38156.39453125        50669.19531250         5791.99414062 
        4948.10185524            0.50000000        38174.39453125        50788.19531250         5759.99414062 
        4948.52293955            0.50000000        38148.39453125        50761.19531250         5749.99414062 
        4949.06303310            0.50000000        38153.39453125        50822.19531250         5792.99414062 
        4949.52394893            0.50000000        38223.39453125        50983.19531250         5760.99414062 
        4950.03949303            0.50000000        38160.39453125        50973.19531250         5755.99414062 
        4950.48573189            0.50000000        38146.39453125        51003.19531250         5803.99414062 
        4951.05605420            0.50000000        38329.39453125        51312.19531250         5839.99414062 
        4951.53225954            0.50000000        38212.39453125        51208.19531250         5776.99414062 
        4952.12765727            0.50000000        38257.39453125        51388.19531250         5786.99414062 
        4952.52963936            0.50000000        38280.39453125        51391.19531250         5799.99414062 
        4953.06572664            0.50000000        38191.39453125        51380.19531250         5789.99414062 
        4953.53242455            0.50000000        38315.39453125        51593.19531250         5757.99414062 
        4954.04888338            0.50000000        38218.39453125        51548.19531250         5745.99414062 
        4954.48597910            0.50000000        38254.39453125        51585.19531250         5803.99414062 
        4955.05234229            0.50000000        38358.39453125        51846.19531250         5819.99414062 
        4955.52938967            0.50000000        38042.39453125        51498.19531250         5722.99414062 
        4956.11589817            0.50000000        38286.39453125        51872.19531250         5808.99414062 
        4956.53350530            0.50000000        37969.39453125        51570.19531250         5721.99414062 
        4957.07551513            0.50000000        38148.39453125        51840.19531250         5802.99414062 
        4957.53806646            0.50000000        38208.39453125        51920.19531250         5779.99414062 
        4958.07036609            0.50000000        38119.39453125        51919.19531250         5748.99414062 
        4958.49331012            0.50000000        38102.39453125        51911.19531250         5725.99414062 
        4959.06565423            0.50000000        38236.39453125        52224.19531250         5748.99414062 
        4959.54354790            0.50000000        38023.39453125        51924.19531250         5738.99414062 
        4960.13109700            0.50000000        38130.39453125        52214.19531250         5715.99414062 
        4960.53948357            0.50000000        37999.39453125        52146.19531250         5720.99414062 
        4961.07747088            0.50000000        38303.39453125        52530.19531250         5792.99414062 
        4961.53585710            0.50000000        37926.39453125        52089.19531250         5697.99414062 
        4962.06909683            0.50000000        38312.39453125        52640.19531250         5785.99414062 
        4962.48780283            0.50000000        37975.39453125        52216.19531250         5675.99414062 
        4963.06115670            0.50000000        38357.39453125        52868.19531250         5710.99414062 
        4963.53989358            0.50000000        37892.39453125        52267.19531250         5578.99414062 
        4964.13845683            0.50000000        38068.39453125        52602.19531250         5606.99414062 
        4964.53259721            0.50000000        37980.39453125        52536.19531250         5503.99414062 
        4965.07652360            0.50000000        38115.39453125        52745.19531250         5344.99414062 
        4965.52573544            0.50000000        37937.39453125        52613.19531250         5061.99414062 
        4966.06490707            0.50000000        38038.39453125        52723.19531250         4397.99414062 
        4966.48435136            0.50000000        37923.39453125        52615.19531250         3540.99438477 
        4967.06371143            0.50000000        38048.39453125        52657.19531250         3162.99438477 
        4967.53330135            0.50000000        37874.39453125        52387.19531250         3355.99438477 
        4968.12792157            0.50000000        38056.39453125        52576.19531250         3772.99438477 
        4968.52275547            0.50000000        37866.39453125        52121.19531250         3876.99438477 
        4969.06763903            0.50000000        38025.39453125        52120.19531250         3874.99438477 
        4969.52264198            0.50000000        37938.39453125        51836.19531250         3686.99438477 
        4970.06276378            0.50000000        38027.39453125        51711.19531250         3513.99438477 
        4970.46793944            0.50000000        37983.39453125        51441.19531250         3363.99438477 
        4971.05832468            0.50000000        38025.39453125        51494.19531250         3277.99438477 
        4971.52373642            0.50000000        37914.39453125        51555.19531250         3207.99438477 
        4972.11940234            0.50000000        37921.39453125        51884.19531250         3196.99438477 
        4972.51493066            0.50000000        37879.39453125        51927.19531250         3138.99438477 
        4973.06077263            0.50000000        37943.39453125        51928.19531250         3028.99438477 
        4973.51657598            0.50000000        37818.39453125        51535.19531250         2891.99438477 
        4974.05764801            0.50000000        37946.39453125        51280.19531250         2778.99438477 
        4974.46854797            0.50000000        37854.39453125        50480.19531250         2634.99438477 
        4975.05496064            0.50000000        37941.39453125        49332.19531250         2452.99438477 
        4975.51617768            0.50000000        37796.39453125        48090.19531250         2327.99438477 
        4976.11289064            0.50000000        38085.39453125        47274.19531250         2231.99438477 
        4976.51413021            0.50000000        37806.39453125        46261.19531250         2117.99438477 
        4977.05591591            0.50000000        38065.39453125        46036.19531250         2056.99438477 
        4977.51252068            0.50000000        37835.39453125        45285.19531250         1958.99438477 
        4978.04952484            0.50000000        38108.39453125        45108.19531250         1917.99438477 
        4978.46114652            0.50000000        37775.39453125        44564.19531250         1883.99438477 
        4979.04356776            0.50000000        38101.39453125        44580.19531250         1835.99438477 
        4979.52568425            0.50000000        37848.39453125        44018.19531250         1737.99438477 
        4980.11340180            0.50000000        38083.39453125        43945.19531250         1738.99438477 
        4980.51534729            0.50000000        37898.39453125        43472.19531250         1680.99438477 
        4981.05808626            0.50000000        37894.39453125        42835.19531250         1634.99438477 
        4981.51549452            0.50000000        37945.39453125        42298.19531250         1626.99438477 
        4982.05344373            0.50000000        37821.39453125        41158.19531250         1582.99438477 
        4982.46578986            0.50000000        37890.39453125        40217.19531250         1568.99438477 
        4983.04420593            0.50000000        37971.39453125        38749.19531250         1534.99438477 
        4983.51710727            0.50000000        37795.39453125        37285.19531250         1512.99438477 
        4984.09075762            0.50000000        37930.39453125        35678.19531250         1492.99438477 
        4984.50850617            0.50000000        37841.39453125        34308.19531250         1479.99438477 
        4985.04716248            0.50000000        37855.39453125        33089.19531250         1461.99438477 
        4985.51040800            0.50000000        37859.39453125        32176.19335937         1425.99438477 
        4986.03419022            0.50000000        37770.39453125        31481.19335937         1423.99438477 
        4986.46237081            0.50000000        37940.39453125        31191.19335937         1435.99438477 
        4987.03676280            0.50000000        37804.39453125        30755.19335937         1428.99438477 
        4987.51049310            0.50000000        37784.39453125        30716.19335937         1418.99438477 
        4988.10027359            0.50000000        37956.39453125        31062.19335937         1447.99438477 
        4988.50867250            0.50000000        37724.39453125        31199.19335937         1419.99438477 
        4989.04323090            0.50000000        37826.39453125        31856.19335937         1427.99438477 
        4989.51233340            0.50000000        37692.39453125        32357.19335937         1442.99438477 
        4990.02189805            0.50000000        37703.39453125        33112.19531250         1431.99438477 
        4990.46596793            0.50000000        37624.39453125        33741.19531250         1414.99438477 
        4991.03127274            0.50000000        37621.39453125        34530.19531250         1465.99438477 
        4991.51088210            0.50000000        37537.39453125        35096.19531250         1458.99438477 
        4992.07644571            0.50000000        37691.39453125        35924.19531250         1505.99438477 
        4992.50071036            0.50000000        37557.39453125        36199.19531250         1464.99438477 
        4993.03620445            0.50000000        37520.39453125        36536.19531250         1499.99438477 
        4993.51118161            0.50000000        37611.39453125        36838.19531250         1492.99438477 
        4993.99636662            0.50000000        37517.39453125        36915.19531250         1477.99438477 
        4994.46648788            0.50000000        37563.39453125        37070.19531250         1477.99438477 
        4995.01761336            0.50000000        37720.39453125        37154.19531250         1474.99438477 
        4995.49806051            0.50000000        37610.39453125        37024.19531250         1475.99438477 
        4996.05955305            0.50000000        37519.39453125        36755.19531250         1454.99438477 
        4996.51997867            0.50000000        37702.39453125        36766.19531250         1454.99438477 
        4997.02604785            0.50000000        37651.39453125        36463.19531250         1475.99438477 
        4997.50691736            0.50000000        37461.39453125        36018.19531250         1393.99438477 
        4997.96763457            0.50000000        37620.39453125        35897.19531250         1408.99438477 
        4998.47908875            0.50000000        37448.39453125        35379.19531250         1381.99438477 
        4999.00078855            0.50000000        37396.39453125        34989.19531250         1354.99438477 
        4999.48714017            0.50000000        37565.39453125        34940.19531250         1371.99438477 
        5000.03440937            0.50000000        37670.39453125        34924.19531250         1370.99438477 
        5000.52098080            0.50000000        37455.39453125        34624.19531250         1332.99438477 
        5001.00765571            0.50000000        37436.39453125        34589.19531250         1317.99438477 
        5001.50457646            0.50000000        37663.39453125        34877.19531250         1330.99438477 
        5001.96609949            0.50000000        37585.39453125        34986.19531250         1313.99438477 
        5002.48352165            0.50000000        37558.39453125        35122.19531250         1327.99438477 
        5002.96553964            0.50000000        37361.39453125        35177.19531250         1313.99438477 
        5003.49841446            0.50000000        37508.39453125        35726.19531250         1312.99438477 
        5004.00602960            0.50000000        37260.39453125        35803.19531250         1325.99438477 
        5004.52899085            0.50000000        37391.39453125        36293.19531250         1309.99438477 
        5004.98096617            0.50000000        37275.39453125        36596.19531250         1306.99438477 
        5005.49907004            0.50000000        37500.39453125        37355.19531250         1341.99438477 
        5005.94615579            0.50000000        37281.39453125        37555.19531250         1306.99438477 
        5007.62858939            0.50000000        37321.39453125        39065.19531250         1355.99438477 
        5009.42929688            0.50000000        37405.39453125        40253.19531250         1392.99438477 
        5011.23141948            0.50000000        37231.39453125        40757.19531250         1382.99438477 
        5013.05534588            0.50000000        37093.39453125        40778.19531250         1405.99438477 
        5014.86542039            0.50000000        36995.39453125        40572.19531250         1429.99438477 
        5016.83517831            0.50000000        37015.39453125        40545.19531250         1424.99438477 
        5018.77596941            0.50000000        36950.39453125        40781.19531250         1417.99438477 
        5020.81556546            0.50000000        37001.39453125        41330.19531250         1445.99438477 
        5022.80066856            0.50000000        36980.39453125        41860.19531250         1414.99438477 
        5024.89506896            0.50000000        36782.39453125        42095.19531250         1427.99438477 
        5026.93497200            0.50000000        36927.39453125        42410.19531250         1430.99438477 
        5029.08446245            0.50000000        36744.39453125        42135.19531250         1414.99438477 
        5031.22568569            0.50000000        36904.39453125        42281.19531250         1398.99438477 
        5033.49745311            0.50000000        36813.39453125        41913.19531250         1355.99438477 
        5035.76631305            0.50000000        36749.39453125        41386.19531250         1263.99438477 
        5038.03740594            0.50000000        36748.39453125        40936.19531250         1230.99438477 
        5040.29526256            0.50000000        36493.39453125        40447.19531250         1202.99438477 
        5042.67923122            0.50000000        36579.39453125        40738.19531250         1187.99438477 
        5045.13801574            0.50000000        36500.39453125        41131.19531250         1194.99438477 
        5047.47525008            0.50000000        36324.39453125        41356.19531250         1166.99438477 
        5050.00646790            0.50000000        36301.39453125        41615.19531250         1216.99438477 
        5052.45231567            0.50000000        36025.39453125        41533.19531250         1218.99438477 
        5054.97860105            0.50000000        36099.39453125        41947.19531250         1247.99438477 
        5057.60636741            0.50000000        35958.39453125        42125.19531250         1295.99438477 
        5060.19549796            0.50000000        35929.39453125        42566.19531250         1299.99438477 
        5062.81876677            0.50000000        35752.39453125        42900.19531250         1321.99438477 
        5065.59620504            0.50000000        35749.39453125        43321.19531250         1309.99438477 
        5068.29866332            0.50000000        35685.39453125        43548.19531250         1346.99438477 
        5071.10879234            0.50000000        35208.39453125        43279.19531250         1350.99438477 
        5074.00604476            0.50000000        35499.39453125        44250.19531250         1353.99438477 
        5076.81783709            0.50000000        35282.39453125        44368.19531250         1342.99438477 
        5079.71171193            0.50000000        34903.39453125        44306.19531250         1248.99438477 
        5082.75625190            0.50000000        34991.39453125        44841.19531250         1216.99438477 
        5085.76795329            0.50000000        34739.39453125        44989.19531250         1195.99438477 
        5088.75194710            0.50000000        34962.39453125        45715.19531250         1192.99438477 
        5091.88740154            0.50000000        34709.39453125        45743.19531250         1157.99438477 
        5095.01122503            0.50000000        34446.39453125        45699.19531250         1167.99438477 
        5098.11807495            0.50000000        34483.39453125        46169.19531250         1187.99438477 
        5101.28729012            0.50000000        34255.39453125        46364.19531250         1219.99438477 
        5104.56152936            0.50000000        34021.39453125        46660.19531250         1295.99438477 
        5107.83503682            0.50000000        34014.39453125        47057.19531250         1319.99438477 
        5111.11311620            0.50000000        33954.39453125        47370.19531250         1315.99438477 
        5114.44369394            0.50000000        33852.39453125        47544.19531250         1332.99438477 
        5117.81631970            0.50000000        33558.39453125        47363.19531250         1324.99438477 
        5121.21514538            0.50000000        33205.39453125        47066.19531250         1322.99438477 
        5124.65096838            0.50000000        33073.39453125        47287.19531250         1325.99438477 
        5128.12393962            0.50000000        33293.39453125        48014.19531250         1349.99438477 
        5131.65030158            0.50000000        32924.39453125        47959.19531250         1362.99438477 
        5135.17656904            0.50000000        32758.39453125        48152.19531250         1331.99438477 
        5138.75652256            0.50000000        32627.39453125        48425.19531250         1328.99438477 
        5142.45504664            0.50000000        32682.39453125        48939.19531250         1320.99438477 
        5146.01906322            0.50000000        32016.39453125        48417.19531250         1308.99438477 
        5149.73436592            0.50000000        31987.39453125        48962.19531250         1256.99438477 
        5153.45550198            0.50000000        31873.39453125        49341.19531250         1270.99438477 
        5157.20417034            0.50000000        31531.39453125        49456.19531250         1280.99438477 
        5161.07280007            0.50000000        31342.39453125        49718.19531250         1304.99438477 
        5164.88246983            0.50000000        30995.39453125        49912.19531250         1324.99438477 
        5168.76907316            0.50000000        30935.39453125        50508.19531250         1354.99438477 
        5172.72205807            0.50000000        30532.39453125        50596.19531250         1379.99438477 
        5176.56682932            0.50000000        30242.39453125        50694.19531250         1392.99438477 
        5180.58205189            0.50000000        25475.39453125        43560.19531250         1254.99438477 
        5184.57113557            0.50000000        30478.39453125        52202.19531250         1487.99438477 
        5188.56139792            0.50000000        30107.39453125        52200.19531250         1504.99438477 
        5192.72340887            0.50000000        29573.39453125        51931.19531250         1489.99438477 
        5196.84857090            0.50000000        29099.39453125        51669.19531250         1480.99438477 
        5200.96428284            0.50000000        28739.39453125        51623.19531250         1465.99438477 
        5205.16450998            0.50000000        28272.39453125        51510.19531250         1468.99438477 
        5208.94546897            0.50000000        27451.39453125        50805.19531250         1435.99438477 
