# 1-D Scan File created by LabVIEW Control Panel  12/6/2011  7:33:09 AM; Scan time 0 hrs 4 min 28 sec. 
#
# Beamline 20 BM
#
# Scan config: 
#                 E0: 4966.00 eV   223 points
#        Scan bounds:  -100.00 -30.00 40.00 243.35 (7.99 (k))
#       Scan step(s):  5.00 0.50 0.07
#  Integration times:  0.50 0.50 0.50    kwgt in EXAFS region: 0.0 
#
# User Comment:
# 50oC
#
#
# Amplifier Sensitivities:
# Preslit: 20 nA/V  I0: 20 nA/V  I: 100 pA/V  IREF: 50 pA/V  
#
# Analog Input Voltages at start/end of scan:
# Preslit: 0.034/0.031  I0: 0.293/0.144  Ignore: 0.008/0.004  I: 0.584/0.277  IREF: 0.191/0.130  
#
# Mono Info:
# 
#
# ID Info:
# 
#
# Slit Info:
# Kappa S1:  Center is at -542 (H), 500 (V)   Size is 8000 wide x 2000 high
# Vacuum Slits:  Center is at 850 (H), -25 (V)   Size is 899 wide x 1000 high
#
# Motor Positions:
# SMV (20bm:m29): -37594.243125 SMH (20bm:m30): 4802.187500 
#
# Detector Names/PVs:
# I0/20bm:scaler1_netA.C  I/20bm:scaler1_netA.E  IREF/20bm:scaler1_netA.F  
#
# Positioner names/Drive PVs/Readback PVs:
# Mono Energy */20bm:monoE.VAL/20bm:EnctoE.VAL  Scaler preset time */20bm:scaler1.TP/  
# Here is a readable list of column headings:
#  1) Mono Energy *        
#  2) Scaler preset time * 
#  3) I0                   
#  4) I                    
#  5) IREF                 
#
# Column Headings:
#Mono Energy *        Scaler preset time * I0                   I                    IREF                 
        4865.38181436            0.50000000         9689.39355469        24051.19335937         3312.99438477 
        4870.45719986            0.50000000         9470.39355469        23700.19335937         3253.99438477 
        4875.46750590            0.50000000         9332.39355469        23529.19335937         3144.99438477 
        4880.54201781            0.50000000         9165.39355469        23262.19335937         3047.99438477 
        4885.59924042            0.50000000         8967.39355469        22914.19335937         2977.99438477 
        4890.58590492            0.50000000         8901.39355469        22942.19335937         2897.99438477 
        4895.65634219            0.50000000         8749.39355469        22708.19335937         2859.99438477 
        4900.76743286            0.50000000         8643.39355469        22674.19335937         2782.99438477 
        4905.79788426            0.50000000         8499.39355469        22449.19335937         2753.99438477 
        4910.80557360            0.50000000         8398.39355469        22305.19335937         2691.99438477 
        4915.82448876            0.50000000         8154.39404297        21937.19335937         2631.99438477 
        4920.84487846            0.50000000         8128.39404297        22015.19335937         2586.99438477 
        4925.87652315            0.50000000         8005.39404297        21928.19335937         2539.99438477 
        4930.88996442            0.50000000         7872.39404297        21833.19335937         2494.99438477 
        4935.95401645            0.50000000         7743.39404297        21643.19335937         2472.99438477 
        4936.47139734            0.50000000         7810.39404297        21901.19335937         2481.99438477 
        4936.93960625            0.50000000         7848.39404297        21979.19335937         2497.99438477 
        4937.43749298            0.50000000         7817.39404297        21927.19335937         2473.99438477 
        4937.91576500            0.50000000         7743.39404297        21776.19335937         2456.99438477 
        4938.42866425            0.50000000         7819.39404297        21984.19335937         2470.99438477 
        4938.93181345            0.50000000         7793.39404297        21911.19335937         2489.99438477 
        4939.43507497            0.50000000         7732.39404297        21804.19335937         2472.99438477 
        4939.98286958            0.50000000         7742.39404297        21780.19335937         2453.99438477 
        4940.46661871            0.50000000         7760.39404297        21884.19335937         2458.99438477 
        4940.97022292            0.50000000         7748.39404297        21928.19335937         2469.99438477 
        4941.43936721            0.50000000         7653.39404297        21643.19335937         2379.99438477 
        4941.93330875            0.50000000         7700.39404297        21786.19335937         2473.99438477 
        4942.42241741            0.50000000         7760.39404297        21979.19335937         2458.99438477 
        4942.96599587            0.50000000         7677.39404297        21771.19335937         2437.99438477 
        4943.45038517            0.50000000         7674.39404297        21782.19335937         2451.99438477 
        4944.00904478            0.50000000         7732.39404297        21993.19335937         2463.99438477 
        4944.46398482            0.50000000         7624.39404297        21725.19335937         2427.99438477 
        4944.98826857            0.50000000         7632.39404297        21758.19335937         2419.99438477 
        4945.46319667            0.50000000         7564.39404297        21585.19335937         2400.99438477 
        4945.95307092            0.50000000         7622.39404297        21816.19335937         2445.99438477 
        4946.42820201            0.50000000         7672.39404297        21856.19335937         2442.99438477 
        4946.98264797            0.50000000         7567.39404297        21639.19335937         2402.99438477 
        4947.46789985            0.50000000         7594.39404297        21696.19335937         2417.99438477 
        4948.04241437            0.50000000         7570.39404297        21735.19335937         2437.99438477 
        4948.46348759            0.50000000         7555.39404297        21716.19335937         2414.99438477 
        4949.00852239            0.50000000         7561.39404297        21746.19335937         2406.99438477 
        4949.46942710            0.50000000         7568.39404297        21781.19335937         2427.99438477 
        4949.97504359            0.50000000         7521.39404297        21695.19335937         2389.99438477 
        4950.43118686            0.50000000         7524.39404297        21645.19335937         2392.99438477 
        4951.00645525            0.50000000         7603.39404297        21958.19335937         2433.99438477 
        4951.47272839            0.50000000         7522.39404297        21727.19335937         2416.99438477 
        4952.06811044            0.50000000         7558.39404297        21856.19335937         2409.99438477 
        4952.47504501            0.50000000         7557.39404297        21877.19335937         2391.99438477 
        4953.02601211            0.50000000         7549.39404297        21860.19335937         2406.99438477 
        4953.47780599            0.50000000         7533.39404297        21851.19335937         2383.99438477 
        4953.98928596            0.50000000         7475.39404297        21758.19335937         2373.99438477 
        4954.43630488            0.50000000         7501.39404297        21737.19335937         2386.99438477 
        4955.01259288            0.50000000         7525.39404297        21936.19335937         2396.99438477 
        4955.47969254            0.50000000         7426.39404297        21598.19335937         2359.99438477 
        4956.07613008            0.50000000         7510.39404297        21923.19335937         2431.99438477 
        4956.47881427            0.50000000         7357.39404297        21540.19335937         2344.99438477 
        4957.03075711            0.50000000         7384.39404297        21551.19335937         2339.99438477 
        4957.48335116            0.50000000         7386.39404297        21619.19335937         2366.99438477 
        4958.02061316            0.50000000         7379.39404297        21612.19335937         2339.99438477 
        4958.43857174            0.50000000         7354.39404297        21532.19335937         2343.99438477 
        4959.01587944            0.50000000         7381.39404297        21662.19335937         2343.99438477 
        4959.48878414            0.50000000         7306.39404297        21427.19335937         2320.99438477 
        4960.07631904            0.50000000         7366.39404297        21640.19335937         2339.99438477 
        4960.48469573            0.50000000         7292.39404297        21468.19335937         2293.99438477 
        4961.02765187            0.50000000         7445.39404297        21931.19335937         2371.99438477 
        4961.48104517            0.50000000         7246.39404297        21364.19335937         2311.99438477 
        4962.01925603            0.50000000         7440.39404297        21936.19335937         2362.99438477 
        4962.43795282            0.50000000         7234.39404297        21354.19335937         2273.99438477 
        4963.02126652            0.50000000         7407.39404297        21899.19335937         2332.99438477 
        4963.49002044            0.50000000         7193.39404297        21360.19335937         2238.99438477 
        4964.09355911            0.50000000         7266.39404297        21517.19335937         2263.99438477 
        4964.48270224            0.50000000         7204.39404297        21366.19335937         2191.99438477 
        4965.03160731            0.50000000         7303.39404297        21621.19335937         2141.99438477 
        4965.47581862            0.50000000         7181.39404297        21320.19335937         2040.99438477 
        4966.01997121            0.50000000         7249.39404297        21474.19335937         1785.99438477 
        4966.42941972            0.50000000         7199.39404297        21367.19335937         1430.99438477 
        4967.01875579            0.50000000         7214.39404297        21355.19335937         1223.99438477 
        4967.47834432            0.50000000         7157.39404297        21313.19335937         1298.99438477 
        4968.08294485            0.50000000         7244.39404297        21424.19335937         1467.99438477 
        4968.46777448            0.50000000         7168.39404297        21026.19335937         1481.99438477 
        4969.02264369            0.50000000         7190.39404297        21003.19335937         1507.99438477 
        4969.47263719            0.50000000         7124.39404297        20831.19335937         1431.99438477 
        4970.00774550            0.50000000         7193.39404297        20788.19335937         1362.99438477 
        4970.42291635            0.50000000         7156.39404297        20261.19335937         1294.99438477 
        4971.01328989            0.50000000         7183.39404297        19975.19335937         1242.99438477 
        4971.47368758            0.50000000         7121.39404297        19818.19335937         1200.99438477 
        4972.07935267            0.50000000         7153.39404297        20120.19335937         1191.99438477 
        4972.46485998            0.50000000         7091.39404297        20283.19335937         1176.99438477 
        4973.02070638            0.50000000         7130.39404297        20686.19335937         1157.99438477 
        4973.47149245            0.50000000         7073.39404297        20588.19335937         1116.99438477 
        4974.00754334            0.50000000         7143.39404297        20680.19335937         1036.99438477 
        4974.42344557            0.50000000         7076.39404297        20456.19335937         1005.99432373 
        4975.01485923            0.50000000         7095.39404297        20553.19335937          933.99432373 
        4975.47105449            0.50000000         7007.39404297        20354.19335937          895.99432373 
        4976.06274067            0.50000000         7166.39404297        20847.19335937          894.99432373 
        4976.45895557            0.50000000         7015.39404297        20276.19335937          815.99432373 
        4977.01577921            0.50000000         7162.39404297        20366.19335937          802.99432373 
        4977.46233985            0.50000000         7040.39404297        19657.19335937          742.99432373 
        4977.99933217            0.50000000         7134.39404297        19592.19335937          727.99432373 
        4978.41094477            0.50000000         7025.39404297        19004.19335937          690.99432373 
        4978.99837457            0.50000000         7048.39404297        18740.19335937          686.99432373 
        4979.47043656            0.50000000         7045.39404297        18535.19335937          663.99432373 
        4980.05813984            0.50000000         7122.39404297        18225.19335937          652.99432373 
        4980.45505094            0.50000000         6989.39404297        17475.19335937          626.99432373 
        4981.01787894            0.50000000         6971.39404297        16896.19335937          597.99432373 
        4981.47025225            0.50000000         6999.39404297        16626.19335937          579.99432373 
        4981.99310665            0.50000000         6940.39404297        16207.19433594          571.99432373 
        4982.41549975            0.50000000         6973.39404297        16041.19433594          601.99432373 
        4982.99893329            0.50000000         6971.39404297        15705.19433594          539.99432373 
        4983.46679395            0.50000000         6879.39404297        15292.19433594          535.99432373 
        4984.04043163            0.50000000         6922.39404297        15180.19433594          552.99432373 
        4984.45313750            0.50000000         6894.39404297        14890.19433594          559.99432373 
        4984.99681538            0.50000000         6882.39404297        14684.19433594          533.99432373 
        4985.45501500            0.50000000         6891.39404297        14446.19433594          527.99432373 
        4985.97878448            0.50000000         6856.39404297        14159.19433594          539.99432373 
        4986.41703024            0.50000000         6858.39404297        13932.19433594          524.99432373 
        4986.99141081            0.50000000         6860.39404297        13678.19433594          525.99432373 
        4987.46009158            0.50000000         6808.39404297        13317.19433594          535.99432373 
        4988.04481765            0.50000000         6851.39404297        13123.19433594          530.99432373 
        4988.46329124            0.50000000         6765.39404297        12719.19433594          507.99432373 
        4988.99783900            0.50000000         6808.39404297        12505.19433594          506.99432373 
        4989.46693217            0.50000000         6732.39404297        12148.19433594          507.99432373 
        4989.96134976            0.50000000         6689.39404297        11999.19433594          507.99432373 
        4990.41550109            0.50000000         6759.39404297        12095.19433594          484.99432373 
        4990.98079340            0.50000000         6717.39404297        12222.19433594          492.99432373 
        4991.45534322            0.50000000         6652.39404297        12320.19433594          483.99432373 
        4992.01584291            0.50000000         6685.39404297        12781.19433594          504.99432373 
        4992.45524966            0.50000000         6666.39404297        13016.19433594          501.99432373 
        4992.98568077            0.50000000         6611.39404297        13208.19433594          489.99432373 
        4993.45559407            0.50000000         6679.39404297        13513.19433594          505.99432373 
        4993.93065845            0.50000000         6610.39404297        13598.19433594          516.99432373 
        4994.42604354            0.50000000         6659.39404297        13751.19433594          510.99432373 
        4994.96198916            0.50000000         6643.39404297        13825.19433594          531.99432373 
        4995.44748237            0.50000000         6617.39404297        13818.19433594          510.99432373 
        4996.00390349            0.50000000         6544.39404297        13660.19433594          506.99432373 
        4996.47443794            0.50000000         6610.39404297        13824.19433594          491.99432373 
        4996.97037476            0.50000000         6564.39404297        13718.19433594          499.99432373 
        4997.45123255            0.50000000         6491.39404297        13528.19433594          470.99432373 
        4997.91700176            0.50000000         6540.39404297        13562.19433594          489.99432373 
        4998.44363774            0.50000000         6508.39404297        13454.19433594          485.99432373 
        4998.95013286            0.50000000         6407.39404297        13128.19433594          455.99432373 
        4999.43647372            0.50000000         6541.39404297        13278.19433594          491.99432373 
        4999.98879861            0.50000000         6526.39404297        13100.19433594          468.99432373 
        5000.49056706            0.50000000         6496.39404297        12941.19433594          457.99432373 
        5000.96709552            0.50000000         6447.39404297        12719.19433594          451.99432373 
        5001.47414964            0.50000000         6528.39404297        12787.19433594          439.99432373 
        5001.92552231            0.50000000         6479.39404297        12664.19433594          441.99432373 
        5002.45308181            0.50000000         6476.39404297        12631.19433594          441.99432373 
        5002.92494474            0.50000000         6381.39404297        12480.19433594          420.99432373 
        5003.45781011            0.50000000         6429.39404297        12641.19433594          439.99432373 
        5003.97049288            0.50000000         6297.39404297        12484.19433594          417.99432373 
        5004.50360162            0.50000000         6371.39404297        12700.19433594          431.99432373 
        5004.95049312            0.50000000         6314.39404297        12703.19433594          436.99432373 
        5005.47367006            0.50000000         6408.39404297        13029.19433594          441.99432373 
        5005.92075085            0.50000000         6289.39404297        12877.19433594          421.99432373 
        5007.59299644            0.50000000         6263.39404297        13199.19433594          417.99432373 
        5009.40385331            0.50000000         6236.39404297        13528.19433594          434.99432373 
        5011.19577056            0.50000000         6107.39404297        13563.19433594          444.99432373 
        5013.01966861            0.50000000         6053.39404297        13730.19433594          434.99432373 
        5014.83481572            0.50000000         5981.39404297        13755.19433594          461.99432373 
        5016.80965250            0.50000000         5957.39404297        13903.19433594          462.99432373 
        5018.75042204            0.50000000         5893.39404297        13852.19433594          456.99432373 
        5020.79510940            0.50000000         5838.39404297        13819.19433594          479.99432373 
        5022.78019484            0.50000000         5808.39404297        13797.19433594          439.99432373 
        5024.87457660            0.50000000         5699.39404297        13657.19433594          439.99432373 
        5026.91446147            0.50000000         5653.39404297        13628.19433594          436.99432373 
        5029.06393276            0.50000000         5535.39404297        13357.19433594          416.99432373 
        5031.19999976            0.50000000         5561.39404297        13419.19433594          413.99432373 
        5033.46659965            0.50000000         5517.39404297        13330.19433594          369.99432373 
        5035.74057651            0.50000000         5450.39404297        13191.19433594          376.99432373 
        5038.01679641            0.50000000         5405.39404297        13047.19433594          351.99432373 
        5040.26947548            0.50000000         5294.39404297        12778.19433594          352.99432373 
        5042.64825482            0.50000000         5284.39404297        12711.19433594          332.99432373 
        5045.12251101            0.50000000         5218.39404297        12671.19433594          333.99432373 
        5047.45455623            0.50000000         5138.39404297        12591.19433594          314.99432373 
        5049.98057231            0.50000000         5135.39404297        12660.19433594          343.99432373 
        5052.43157729            0.50000000         4984.39404297        12462.19433594          324.99432373 
        5054.95264984            0.50000000         4966.39404297        12502.19433594          360.99432373 
        5057.58038677            0.50000000         4891.39404297        12353.19433594          358.99432373 
        5060.17469022            0.50000000         4828.39404297        12200.19433594          371.99432373 
        5062.80314330            0.50000000         4784.39404297        12180.19433594          352.99432373 
        5065.57013484            0.50000000         4730.39404297        12134.19433594          362.99432373 
        5068.27256280            0.50000000         4667.39404297        12125.19433594          347.99432373 
        5071.08266027            0.50000000         4497.39404297        11864.19433594          353.99432373 
        5073.96941438            0.50000000         4529.39404297        11922.19433594          359.99432373 
        5076.79164087            0.50000000         4392.39404297        11794.19433594          341.99432373 
        5079.67499175            0.50000000         4252.39404297        11551.19433594          332.99432373 
        5082.72473631            0.50000000         4213.39404297        11565.19433594          316.99432373 
        5085.73639701            0.50000000         4117.39404297        11435.19433594          301.99432373 
        5088.71508442            0.50000000         4115.39404297        11457.19433594          296.99432373 
        5091.84521627            0.50000000         4019.39404297        11363.19433594          284.99432373 
        5094.96898338            0.50000000         3921.39404297        11296.19433594          286.99432373 
        5098.07049004            0.50000000         3897.39404297        11290.19433594          284.99432373 
        5101.24493511            0.50000000         3829.39404297        11306.19433594          296.99432373 
        5104.51381344            0.50000000         3735.39404297        11194.19433594          312.99432373 
        5107.78725428            0.50000000         3693.39404297        11162.19433594          295.99432373 
        5111.06526691            0.50000000         3693.39404297        11206.19433594          292.99432373 
        5114.39577678            0.50000000         3606.39404297        11035.19433594          296.99432373 
        5117.77899722            0.50000000         3532.39404297        10967.19433594          304.99432373 
        5121.18310842            0.50000000         3409.39404297        10733.19433594          298.99432373 
        5124.60284295            0.50000000         3344.39404297        10541.19433594          303.99432373 
        5128.08109834            0.50000000         3371.39404297        10742.19433594          300.99432373 
        5131.60739622            0.50000000         3268.39404297        10466.19433594          300.99432373 
        5135.13897069            0.50000000         3215.39404297        10496.19433594          282.99432373 
        5138.71348792            0.50000000         3123.39404297        10225.19433594          287.99432373 
        5142.41733236            0.50000000         3099.39404297        10246.19433594          289.99432373 
        5145.97589628            0.50000000         2929.39404297         9885.19433594          276.99432373 
        5149.70193983            0.50000000         2904.39404297         9864.19433594          267.99432373 
        5153.42843777            0.50000000         2854.39404297         9792.19433594          249.99432373 
        5157.17706334            0.50000000         2778.39404297         9701.19433594          255.99432373 
        5161.02935832            0.50000000         2716.39404297         9551.19433594          254.99432373 
        5164.84439729            0.50000000         2623.39404297         9403.19433594          251.99432373 
        5168.74728178            0.50000000         2617.39404297         9459.19433594          270.99432373 
        5172.69477363            0.50000000         2555.39404297         9319.19433594          262.99432373 
        5176.53950083            0.50000000         2438.39404297         9064.19433594          275.99432373 
        5180.55467736            0.50000000         1964.39404297         7405.19433594          235.99432373 
        5184.54371529            0.50000000         2350.39404297         8892.19433594          263.99432373 
        5188.53393181            0.50000000         2276.39404297         8801.19433594          241.99432373 
        5192.69589494            0.50000000         2179.39404297         8488.19433594          259.99432373 
        5196.82652178            0.50000000         2086.39404297         8189.19433594          233.99432373 
        5200.93667411            0.50000000         1994.39404297         7992.19433594          237.99432373 
        5205.14238426            0.50000000         1907.39404297         7692.19433594          236.99432373 
        5208.92330839            0.50000000         1763.39404297         7119.19433594          199.99432373 
