# 1-D Scan File created by LabVIEW Control Panel  12/6/2011  5:47:41 AM; Scan time 0 hrs 4 min 28 sec. 
#
# Beamline 20 BM
#
# Scan config: 
#                 E0: 4966.00 eV   223 points
#        Scan bounds:  -100.00 -30.00 40.00 243.35 (7.99 (k))
#       Scan step(s):  5.00 0.50 0.07
#  Integration times:  0.50 0.50 0.50    kwgt in EXAFS region: 0.0 
#
# User Comment:
# 50oC
#
#
# Amplifier Sensitivities:
# Preslit: 20 nA/V  I0: 20 nA/V  I: 100 pA/V  IREF: 50 pA/V  
#
# Analog Input Voltages at start/end of scan:
# Preslit: 0.032/0.031  I0: 0.341/0.179  Ignore: 0.011/0.004  I: 0.641/0.314  IREF: 0.198/0.130  
#
# Mono Info:
# 
#
# ID Info:
# 
#
# Slit Info:
# Kappa S1:  Center is at -542 (H), 500 (V)   Size is 8000 wide x 2000 high
# Vacuum Slits:  Center is at 850 (H), -25 (V)   Size is 899 wide x 1000 high
#
# Motor Positions:
# SMV (20bm:m29): -37594.243125 SMH (20bm:m30): 4802.187500 
#
# Detector Names/PVs:
# I0/20bm:scaler1_netA.C  I/20bm:scaler1_netA.E  IREF/20bm:scaler1_netA.F  
#
# Positioner names/Drive PVs/Readback PVs:
# Mono Energy */20bm:monoE.VAL/20bm:EnctoE.VAL  Scaler preset time */20bm:scaler1.TP/  
# Here is a readable list of column headings:
#  1) Mono Energy *        
#  2) Scaler preset time * 
#  3) I0                   
#  4) I                    
#  5) IREF                 
#
# Column Headings:
#Mono Energy *        Scaler preset time * I0                   I                    IREF                 
        4865.38181436            0.50000000        12025.39355469        27025.19335937         3701.99438477 
        4870.45241530            0.50000000        11811.39355469        26634.19335937         3609.99438477 
        4875.46271053            0.50000000        11697.39355469        26625.19335937         3564.99438477 
        4880.54201781            0.50000000        11529.39355469        26539.19335937         3489.99438477 
        4885.59442313            0.50000000        11324.39355469        26265.19335937         3372.99438477 
        4890.57624875            0.50000000        11258.39355469        26352.19335937         3354.99438477 
        4895.66602039            0.50000000        11105.39355469        26145.19335937         3267.99438477 
        4900.77228306            0.50000000        10968.39355469        26162.19335937         3194.99438477 
        4905.80274538            0.50000000        10818.39355469        25884.19335937         3132.99438477 
        4910.81044561            0.50000000        10707.39355469        25986.19335937         3086.99438477 
        4915.82448876            0.50000000        10487.39355469        25729.19335937         2989.99438477 
        4920.84977234            0.50000000        10481.39355469        25984.19335937         3039.99438477 
        4925.88142801            0.50000000        10353.39355469        25886.19335937         2961.99438477 
        4930.88996442            0.50000000        10233.39355469        25878.19335937         2936.99438477 
        4935.95401645            0.50000000        10112.39355469        25815.19335937         2905.99438477 
        4936.47632534            0.50000000        10191.39355469        26188.19335937         2915.99438477 
        4936.94453528            0.50000000        10187.39355469        26081.19335937         2919.99438477 
        4937.44242310            0.50000000        10162.39355469        26086.19335937         2956.99438477 
        4937.92069616            0.50000000        10062.39355469        25924.19335937         2899.99438477 
        4938.43359654            0.50000000        10123.39355469        26113.19335937         2901.99438477 
        4938.94168024            0.50000000        10131.39355469        26039.19335937         2926.99438477 
        4939.44000946            0.50000000        10091.39355469        26111.19335937         2928.99438477 
        4939.98780527            0.50000000        10077.39355469        25982.19335937         2878.99438477 
        4940.47155546            0.50000000        10094.39355469        26070.19335937         2909.99438477 
        4940.97516077            0.50000000        10052.39355469        26011.19335937         2903.99438477 
        4941.44430609            0.50000000         9974.39355469        25882.19335937         2879.99438477 
        4941.93824871            0.50000000         9988.39355469        25932.19335937         2888.99438477 
        4942.43229949            0.50000000        10061.39355469        26106.19335937         2924.99438477 
        4942.97093809            0.50000000         9989.39355469        26006.19335937         2909.99438477 
        4943.45532845            0.50000000         9989.39355469        26013.19335937         2886.99438477 
        4944.01398928            0.50000000        10023.39355469        26063.19335937         2882.99438477 
        4944.46893032            0.50000000         9915.39355469        25908.19335937         2857.99438477 
        4944.99816189            0.50000000         9936.39355469        25935.19335937         2883.99438477 
        4945.46814437            0.50000000         9883.39355469        25866.19335937         2847.99438477 
        4945.96791726            0.50000000         9887.39355469        25917.19335937         2849.99438477 
        4946.43315182            0.50000000         9977.39355469        26057.19335937         2895.99438477 
        4946.98759899            0.50000000         9903.39355469        25983.19335937         2856.99438477 
        4947.46789985            0.50000000         9919.39355469        26005.19335937         2858.99438477 
        4948.04736771            0.50000000         9887.39355469        26021.19335937         2893.99438477 
        4948.47835043            0.50000000         9841.39355469        26023.19335937         2887.99438477 
        4949.01347785            0.50000000         9848.39355469        25981.19335937         2854.99438477 
        4949.47438357            0.50000000         9883.39355469        26133.19335937         2878.99438477 
        4949.98495877            0.50000000         9784.39355469        25885.19335937         2874.99438477 
        4950.44110404            0.50000000         9815.39355469        25985.19335937         2862.99438477 
        4951.01141509            0.50000000         9891.39355469        26221.19335937         2874.99438477 
        4951.47768926            0.50000000         9814.39355469        26003.19335937         2861.99438477 
        4952.07307262            0.50000000         9867.39355469        26094.19335937         2873.99438477 
        4952.47504501            0.50000000         9839.39355469        26090.19335937         2874.99438477 
        4953.02601211            0.50000000         9858.39355469        26153.19335937         2877.99438477 
        4953.48277126            0.50000000         9845.39355469        26206.19335937         2869.99438477 
        4953.99425236            0.50000000         9775.39355469        26130.19335937         2870.99438477 
        4954.43630488            0.50000000         9797.39355469        26140.19335937         2878.99438477 
        4955.01259288            0.50000000         9824.39355469        26260.19335937         2885.99438477 
        4955.47969254            0.50000000         9685.39355469        25930.19335937         2826.99438477 
        4956.07115912            0.50000000         9825.39355469        26375.19335937         2868.99438477 
        4956.48378613            0.50000000         9656.39355469        25939.19335937         2821.99438477 
        4957.03075711            0.50000000         9699.39355469        26027.19335937         2834.99438477 
        4957.48832523            0.50000000         9699.39355469        26030.19335937         2846.99438477 
        4958.02061316            0.50000000         9711.39355469        26111.19335937         2856.99438477 
        4958.44354790            0.50000000         9690.39355469        26022.19335937         2829.99438477 
        4959.01587944            0.50000000         9693.39355469        26161.19335937         2847.99438477 
        4959.48878414            0.50000000         9614.39355469        25933.19335937         2797.99438477 
        4960.07631904            0.50000000         9654.39355469        26136.19335937         2833.99438477 
        4960.48469573            0.50000000         9597.39355469        25976.19335937         2803.99438477 
        4961.03761559            0.50000000         9775.39355469        26462.19335937         2863.99438477 
        4961.48602802            0.50000000         9531.39355469        25898.19335937         2767.99438477 
        4962.01925603            0.50000000         9727.39355469        26355.19335937         2837.99438477 
        4962.43795282            0.50000000         9579.39355469        26033.19335937         2749.99438477 
        4963.01628030            0.50000000         9752.39355469        26476.19335937         2805.99438477 
        4963.49002044            0.50000000         9548.39355469        26010.19335937         2720.99438477 
        4964.09355911            0.50000000         9616.39355469        26233.19335937         2711.99438477 
        4964.47771280            0.50000000         9508.39355469        25981.19335937         2655.99438477 
        4965.03160731            0.50000000         9562.39355469        26091.19335937         2571.99438477 
        4965.48081026            0.50000000         9487.39355469        25947.19335937         2460.99438477 
        4966.01497839            0.50000000         9585.39355469        26163.19335937         2154.99438477 
        4966.43441345            0.50000000         9490.39355469        25991.19335937         1710.99438477 
        4967.01376077            0.50000000         9556.39355469        26068.19335937         1474.99438477 
        4967.47834432            0.50000000         9442.39355469        25835.19335937         1556.99438477 
        4968.07794749            0.50000000         9556.39355469        25942.19335937         1758.99438477 
        4968.46777448            0.50000000         9434.39355469        25626.19335937         1811.99438477 
        4969.02264369            0.50000000         9509.39355469        25588.19335937         1811.99438477 
        4969.47263719            0.50000000         9446.39355469        25557.19335937         1763.99438477 
        4970.00774550            0.50000000         9510.39355469        25373.19335937         1681.99438477 
        4970.42291635            0.50000000         9456.39355469        24788.19335937         1578.99438477 
        4971.01328989            0.50000000         9486.39355469        24318.19335937         1507.99438477 
        4971.47869241            0.50000000         9403.39355469        24281.19335937         1460.99438477 
        4972.07935267            0.50000000         9458.39355469        24609.19335937         1470.99438477 
        4972.46485998            0.50000000         9388.39355469        24891.19335937         1444.99438477 
        4973.02070638            0.50000000         9445.39355469        25328.19335937         1409.99438477 
        4973.46648323            0.50000000         9331.39355469        25154.19335937         1359.99438477 
        4974.00754334            0.50000000         9402.39355469        25196.19335937         1259.99438477 
        4974.42344557            0.50000000         9317.39355469        24957.19335937         1218.99438477 
        4975.01485923            0.50000000         9328.39355469        24953.19335937         1164.99438477 
        4975.47105449            0.50000000         9283.39355469        24907.19335937         1101.99438477 
        4976.06775561            0.50000000         9405.39355469        25095.19335937         1085.99438477 
        4976.45895557            0.50000000         9266.39355469        24519.19335937         1002.99432373 
        4977.01076217            0.50000000         9397.39355469        24423.19335937          979.99432373 
        4977.46233985            0.50000000         9220.39355469        23571.19335937          921.99432373 
        4977.99431297            0.50000000         9356.39355469        23466.19335937          903.99432373 
        4978.40592465            0.50000000         9199.39355469        22776.19335937          847.99432373 
        4978.99837457            0.50000000         9260.39355469        22619.19335937          833.99432373 
        4979.46541411            0.50000000         9213.39355469        22160.19335937          798.99432373 
        4980.05813984            0.50000000         9336.39355469        21888.19335937          778.99432373 
        4980.45505094            0.50000000         9195.39355469        21006.19335937          727.99432373 
        4981.01787894            0.50000000         9156.39355469        20285.19335937          702.99432373 
        4981.46522538            0.50000000         9189.39355469        20013.19335937          691.99432373 
        4981.99310665            0.50000000         9122.39355469        19487.19335937          662.99432373 
        4982.41549975            0.50000000         9162.39355469        19252.19335937          681.99432373 
        4982.99893329            0.50000000         9163.39355469        18954.19335937          669.99432373 
        4983.46176268            0.50000000         9075.39355469        18580.19335937          631.99432373 
        4984.04043163            0.50000000         9102.39355469        18412.19335937          667.99432373 
        4984.45817096            0.50000000         9102.39355469        18185.19335937          653.99432373 
        4985.00185004            0.50000000         9072.39355469        17894.19335937          652.99432373 
        4985.45501500            0.50000000         9064.39355469        17566.19335937          650.99432373 
        4985.97878448            0.50000000         9036.39355469        17156.19335937          665.99432373 
        4986.41703024            0.50000000         9073.39355469        16912.19335937          664.99432373 
        4986.99141081            0.50000000         9026.39355469        16447.19335937          664.99432373 
        4987.46009158            0.50000000         9020.39355469        16150.19433594          650.99432373 
        4988.04481765            0.50000000         9044.39355469        15781.19433594          638.99432373 
        4988.46329124            0.50000000         8928.39355469        15312.19433594          601.99432373 
        4988.99783900            0.50000000         9009.39355469        15131.19433594          611.99432373 
        4989.46188765            0.50000000         8893.39355469        14655.19433594          602.99432373 
        4989.96134976            0.50000000         8859.39355469        14558.19433594          614.99432373 
        4990.41045447            0.50000000         8897.39355469        14631.19433594          599.99432373 
        4990.98584129            0.50000000         8877.39355469        14817.19433594          603.99432373 
        4991.45534322            0.50000000         8815.39355469        15104.19433594          607.99432373 
        4992.01584291            0.50000000         8847.39355469        15625.19433594          604.99432373 
        4992.45019853            0.50000000         8805.39355469        15900.19433594          601.99432373 
        4992.98568077            0.50000000         8779.39355469        16286.19433594          616.99432373 
        4993.45054073            0.50000000         8876.39355469        16704.19335937          628.99432373 
        4993.93571286            0.50000000         8742.39355469        16647.19335937          612.99432373 
        4994.42098805            0.50000000         8776.39355469        16851.19335937          623.99432373 
        4994.95693249            0.50000000         8813.39355469        16945.19335937          616.99432373 
        4995.44242462            0.50000000         8762.39355469        16934.19335937          608.99432373 
        4995.99378553            0.50000000         8677.39355469        16768.19335937          613.99432373 
        4996.46937791            0.50000000         8740.39355469        16884.19335937          621.99432373 
        4996.97037476            0.50000000         8710.39355469        16836.19335937          620.99432373 
        4997.45123255            0.50000000         8619.39355469        16633.19335937          595.99432373 
        4997.91700176            0.50000000         8667.39355469        16593.19335937          580.99432373 
        4998.43857335            0.50000000         8652.39355469        16499.19335937          564.99432373 
        4998.95013286            0.50000000         8541.39355469        16147.19433594          551.99432373 
        4999.44660692            0.50000000         8684.39355469        16235.19433594          560.99432373 
        4999.98879861            0.50000000         8652.39355469        16006.19433594          550.99432373 
        5000.49056706            0.50000000         8586.39355469        15711.19433594          546.99432373 
        5000.96709552            0.50000000         8554.39355469        15536.19433594          519.99432373 
        5001.47414964            0.50000000         8659.39355469        15599.19433594          540.99432373 
        5001.93059442            0.50000000         8599.39355469        15455.19433594          536.99432373 
        5002.45308181            0.50000000         8549.39355469        15335.19433594          492.99432373 
        5002.91987043            0.50000000         8518.39355469        15305.19433594          505.99432373 
        5003.45273462            0.50000000         8588.39355469        15552.19433594          505.99432373 
        5003.96541625            0.50000000         8423.39355469        15369.19433594          513.99432373 
        5004.50360162            0.50000000         8503.39355469        15681.19433594          510.99432373 
        5004.94541431            0.50000000         8438.39355469        15722.19433594          496.99432373 
        5005.46859010            0.50000000         8515.39355469        15919.19433594          528.99432373 
        5005.91566990            0.50000000         8406.39355469        15884.19433594          509.99432373 
        5007.59808111            0.50000000         8398.39355469        16456.19335937          526.99432373 
        5009.40385331            0.50000000         8359.39355469        16802.19335937          539.99432373 
        5011.20086323            0.50000000         8187.39404297        16864.19335937          541.99432373 
        5013.02986206            0.50000000         8176.39404297        17126.19335937          549.99432373 
        5014.83991647            0.50000000         8067.39404297        17138.19335937          540.99432373 
        5016.81475764            0.50000000         8047.39404297        17325.19335937          566.99432373 
        5018.75553150            0.50000000         7944.39404297        17258.19335937          550.99432373 
        5020.80022340            0.50000000         7918.39404297        17338.19335937          541.99432373 
        5022.79043168            0.50000000         7875.39404297        17320.19335937          554.99432373 
        5024.87969967            0.50000000         7770.39404297        17251.19335937          554.99432373 
        5026.92471671            0.50000000         7701.39404297        17151.19335937          531.99432373 
        5029.06906517            0.50000000         7602.39404297        16898.19335937          518.99432373 
        5031.21027410            0.50000000         7601.39404297        16927.19335937          516.99432373 
        5033.48202632            0.50000000         7577.39404297        16909.19335937          510.99432373 
        5035.74572380            0.50000000         7467.39404297        16705.19335937          465.99432373 
        5038.02194877            0.50000000         7454.39404297        16631.19335937          456.99432373 
        5040.27979028            0.50000000         7342.39404297        16287.19433594          438.99432373 
        5042.66890571            0.50000000         7325.39404297        16255.19433594          441.99432373 
        5045.13284748            0.50000000         7198.39404297        16058.19433594          423.99432373 
        5047.46490313            0.50000000         7161.39404297        16130.19433594          416.99432373 
        5049.99610963            0.50000000         7132.39404297        16192.19433594          408.99432373 
        5052.44194646            0.50000000         6934.39404297        15969.19433594          448.99432373 
        5054.96303029            0.50000000         6915.39404297        15987.19433594          452.99432373 
        5057.58558288            0.50000000         6831.39404297        15906.19433594          461.99432373 
        5060.16948832            0.50000000         6749.39404297        15730.19433594          433.99432373 
        5062.79793550            0.50000000         6658.39404297        15668.19433594          461.99432373 
        5065.57013484            0.50000000         6624.39404297        15630.19433594          451.99432373 
        5068.26734273            0.50000000         6530.39404297        15592.19433594          440.99432373 
        5071.07743389            0.50000000         6296.39404297        15244.19433594          441.99432373 
        5073.96941438            0.50000000         6353.39404297        15425.19433594          447.99432373 
        5076.79164087            0.50000000         6195.39404297        15298.19433594          430.99432373 
        5079.67499175            0.50000000         5990.39404297        14975.19433594          417.99432373 
        5082.71948375            0.50000000         5986.39404297        15145.19433594          394.99432373 
        5085.73113767            0.50000000         5848.39404297        14928.19433594          389.99432373 
        5088.71508442            0.50000000         5864.39404297        15002.19433594          386.99432373 
        5091.83994316            0.50000000         5709.39404297        14883.19433594          374.99432373 
        5094.96370323            0.50000000         5572.39404297        14765.19433594          363.99432373 
        5098.06520289            0.50000000         5560.39404297        14792.19433594          382.99432373 
        5101.23964079            0.50000000         5443.39404297        14744.19433594          373.99432373 
        5104.51381344            0.50000000         5336.39404297        14642.19433594          391.99432373 
        5107.78725428            0.50000000         5259.39404297        14583.19433594          387.99432373 
        5111.07058345            0.50000000         5289.39404297        14752.19433594          401.99432373 
        5114.39577678            0.50000000         5206.39404297        14569.19433594          396.99432373 
        5117.78432897            0.50000000         5073.39404297        14469.19433594          382.99432373 
        5121.18310842            0.50000000         4967.39404297        14353.19433594          398.99432373 
        5124.60284295            0.50000000         4869.39404297        14051.19433594          375.99432373 
        5128.08645346            0.50000000         4941.39404297        14473.19433594          407.99432373 
        5131.61812249            0.50000000         4776.39404297        14087.19433594          385.99432373 
        5135.14434185            0.50000000         4695.39404297        14002.19433594          394.99432373 
        5138.71886720            0.50000000         4615.39404297        13912.19433594          374.99432373 
        5142.42272008            0.50000000         4634.39404297        14052.19433594          370.99432373 
        5145.98668794            0.50000000         4431.39404297        13654.19433594          340.99432373 
        5149.70193983            0.50000000         4382.39404297        13650.19433594          342.99432373 
        5153.42843777            0.50000000         4339.39404297        13608.19433594          344.99432373 
        5157.17706334            0.50000000         4214.39404297        13468.19433594          341.99432373 
        5161.02935832            0.50000000         4142.39404297        13418.19433594          342.99432373 
        5164.84983618            0.50000000         3990.39404297        13051.19433594          333.99432373 
        5168.74728178            0.50000000         3940.39404297        13135.19433594          344.99432373 
        5172.69477363            0.50000000         3813.39404297        12770.19433594          339.99432373 
        5176.53950083            0.50000000         3677.39404297        12549.19433594          347.99432373 
        5180.56015224            0.50000000         2949.39404297        10186.19433594          293.99432373 
        5184.54371529            0.50000000         3577.39404297        12388.19433594          348.99432373 
        5188.53942501            0.50000000         3450.39404297        12216.19433594          345.99432373 
        5192.70690048            0.50000000         3313.39404297        11850.19433594          332.99432373 
        5196.83203404            0.50000000         3175.39404297        11479.19433594          311.99432373 
        5200.94219583            0.50000000         3066.39404297        11218.19433594          309.99432373 
        5205.14791567            0.50000000         2921.39404297        10765.19433594          307.99432373 
        5208.92330839            0.50000000         2730.39404297        10099.19433594          282.99432373 
