# 1-D Scan File created by LabVIEW Control Panel  12/6/2011  4:42:24 AM; Scan time 0 hrs 4 min 28 sec. 
#
# Beamline 20 BM
#
# Scan config: 
#                 E0: 4966.00 eV   223 points
#        Scan bounds:  -100.00 -30.00 40.00 243.35 (7.99 (k))
#       Scan step(s):  5.00 0.50 0.07
#  Integration times:  0.50 0.50 0.50    kwgt in EXAFS region: 0.0 
#
# User Comment:
# 50oC
#
#
# Amplifier Sensitivities:
# Preslit: 20 nA/V  I0: 20 nA/V  I: 100 pA/V  IREF: 50 pA/V  
#
# Analog Input Voltages at start/end of scan:
# Preslit: 0.033/0.030  I0: 0.376/0.169  Ignore: 0.010/0.003  I: 0.699/0.371  IREF: 0.207/0.134  
#
# Mono Info:
# 
#
# ID Info:
# 
#
# Slit Info:
# Kappa S1:  Center is at -542 (H), 500 (V)   Size is 8000 wide x 2000 high
# Vacuum Slits:  Center is at 850 (H), -25 (V)   Size is 899 wide x 1000 high
#
# Motor Positions:
# SMV (20bm:m29): -37594.243125 SMH (20bm:m30): 4802.187500 
#
# Detector Names/PVs:
# I0/20bm:scaler1_netA.C  I/20bm:scaler1_netA.E  IREF/20bm:scaler1_netA.F  
#
# Positioner names/Drive PVs/Readback PVs:
# Mono Energy */20bm:monoE.VAL/20bm:EnctoE.VAL  Scaler preset time */20bm:scaler1.TP/  
# Here is a readable list of column headings:
#  1) Mono Energy *        
#  2) Scaler preset time * 
#  3) I0                   
#  4) I                    
#  5) IREF                 
#
# Column Headings:
#Mono Energy *        Scaler preset time * I0                   I                    IREF                 
        4865.36749357            0.50000000        13812.39355469        29896.19335937         4062.99438477 
        4870.44284622            0.50000000        13568.39355469        29538.19335937         3983.99438477 
        4875.45311981            0.50000000        13470.39355469        29587.19335937         3924.99438477 
        4880.53721146            0.50000000        13275.39355469        29471.19335937         3839.99438477 
        4885.57997133            0.50000000        13068.39355469        29259.19335937         3741.99438477 
        4890.56176457            0.50000000        12981.39355469        29297.19335937         3669.99438477 
        4895.64666402            0.50000000        12871.39355469        29346.19335937         3637.99438477 
        4900.77228306            0.50000000        12743.39355469        29445.19335937         3565.99438477 
        4905.80274538            0.50000000        12620.39355469        29341.19335937         3542.99438477 
        4910.80557360            0.50000000        12486.39355469        29352.19335937         3479.99438477 
        4915.82448876            0.50000000        12227.39355469        29111.19335937         3392.99438477 
        4920.84977234            0.50000000        12245.39355469        29414.19335937         3409.99438477 
        4925.88142801            0.50000000        12091.39355469        29336.19335937         3354.99438477 
        4930.88996442            0.50000000        11961.39355469        29374.19335937         3328.99438477 
        4935.96387021            0.50000000        11828.39355469        29363.19335937         3291.99438477 
        4936.47632534            0.50000000        11909.39355469        29715.19335937         3347.99438477 
        4936.94453528            0.50000000        11927.39355469        29738.19335937         3335.99438477 
        4937.43749298            0.50000000        11948.39355469        29808.19335937         3371.99438477 
        4937.92069616            0.50000000        11825.39355469        29645.19335937         3285.99438477 
        4938.43359654            0.50000000        11889.39355469        29712.19335937         3329.99438477 
        4938.94661366            0.50000000        11838.39355469        29611.19335937         3322.99438477 
        4939.44000946            0.50000000        11844.39355469        29776.19335937         3314.99438477 
        4939.98780527            0.50000000        11773.39355469        29525.19335937         3300.99438477 
        4940.47155546            0.50000000        11800.39355469        29677.19335937         3312.99438477 
        4940.97022292            0.50000000        11796.39355469        29763.19335937         3309.99438477 
        4941.44430609            0.50000000        11685.39355469        29462.19335937         3269.99438477 
        4941.93824871            0.50000000        11738.39355469        29716.19335937         3284.99438477 
        4942.42735845            0.50000000        11798.39355469        29819.19335937         3302.99438477 
        4942.97093809            0.50000000        11711.39355469        29686.19335937         3298.99438477 
        4943.45532845            0.50000000        11756.39355469        29761.19335937         3274.99438477 
        4944.01398928            0.50000000        11772.39355469        29806.19335937         3301.99438477 
        4944.46893032            0.50000000        11670.39355469        29651.19335937         3266.99438477 
        4944.99816189            0.50000000        11680.39355469        29707.19335937         3284.99438477 
        4945.46319667            0.50000000        11564.39355469        29493.19335937         3257.99438477 
        4945.95801969            0.50000000        11631.39355469        29665.19335937         3250.99438477 
        4946.43315182            0.50000000        11716.39355469        29771.19335937         3271.99438477 
        4946.98264797            0.50000000        11637.39355469        29750.19335937         3246.99438477 
        4947.47285194            0.50000000        11632.39355469        29719.19335937         3298.99438477 
        4948.04736771            0.50000000        11660.39355469        29862.19335937         3286.99438477 
        4948.47339614            0.50000000        11590.39355469        29750.19335937         3275.99438477 
        4949.01843333            0.50000000        11537.39355469        29694.19335937         3276.99438477 
        4949.47438357            0.50000000        11616.39355469        29924.19335937         3298.99438477 
        4949.98495877            0.50000000        11523.39355469        29688.19335937         3259.99438477 
        4950.43614545            0.50000000        11537.39355469        29751.19335937         3242.99438477 
        4951.00645525            0.50000000        11597.39355469        29912.19335937         3290.99438477 
        4951.47768926            0.50000000        11514.39355469        29777.19335937         3228.99438477 
        4952.07307262            0.50000000        11575.39355469        29921.19335937         3261.99438477 
        4952.47504501            0.50000000        11575.39355469        29942.19335937         3295.99438477 
        4953.02601211            0.50000000        11562.39355469        29867.19335937         3271.99438477 
        4953.48277126            0.50000000        11579.39355469        30016.19335937         3283.99438477 
        4953.99425236            0.50000000        11511.39355469        29972.19335937         3251.99438477 
        4954.44127225            0.50000000        11501.39355469        29889.19335937         3232.99438477 
        4955.01756152            0.50000000        11572.39355469        30135.19335937         3244.99438477 
        4955.48466220            0.50000000        11406.39355469        29805.19335937         3242.99438477 
        4956.07115912            0.50000000        11515.39355469        30104.19335937         3261.99438477 
        4956.48875800            0.50000000        11371.39355469        29751.19335937         3229.99438477 
        4957.04070326            0.50000000        11439.39355469        29920.19335937         3214.99438477 
        4957.49329930            0.50000000        11416.39355469        29869.19335937         3238.99438477 
        4958.02558841            0.50000000        11427.39355469        29942.19335937         3222.99438477 
        4958.44852407            0.50000000        11391.39355469        29854.19335937         3229.99438477 
        4959.02583431            0.50000000        11415.39355469        30004.19335937         3234.99438477 
        4959.49376261            0.50000000        11383.39355469        29888.19335937         3196.99438477 
        4960.08129880            0.50000000        11392.39355469        30073.19335937         3188.99438477 
        4960.48967639            0.50000000        11323.39355469        29863.19335937         3170.99438477 
        4961.03263372            0.50000000        11455.39355469        30178.19335937         3243.99438477 
        4961.48602802            0.50000000        11221.39355469        29691.19335937         3153.99438477 
        4962.01925603            0.50000000        11463.39355469        30245.19335937         3204.99438477 
        4962.43795282            0.50000000        11267.39355469        29851.19335937         3140.99438477 
        4963.02126652            0.50000000        11456.39355469        30321.19335937         3177.99438477 
        4963.49002044            0.50000000        11228.39355469        29817.19335937         3096.99438477 
        4964.09355911            0.50000000        11313.39355469        29991.19335937         3088.99438477 
        4964.48270224            0.50000000        11193.39355469        29862.19335937         3025.99438477 
        4965.03160731            0.50000000        11241.39355469        29827.19335937         2948.99438477 
        4965.48081026            0.50000000        11184.39355469        29839.19335937         2797.99438477 
        4966.01997121            0.50000000        11220.39355469        29801.19335937         2433.99438477 
        4966.42941972            0.50000000        11165.39355469        29837.19335937         1939.99438477 
        4967.01376077            0.50000000        11228.39355469        29880.19335937         1673.99438477 
        4967.47834432            0.50000000        11105.39355469        29653.19335937         1764.99438477 
        4968.08294485            0.50000000        11187.39355469        29697.19335937         2007.99438477 
        4968.46777448            0.50000000        11123.39355469        29483.19335937         2086.99438477 
        4969.02264369            0.50000000        11209.39355469        29523.19335937         2100.99438477 
        4969.47263719            0.50000000        11103.39355469        29336.19335937         1992.99438477 
        4970.00774550            0.50000000        11123.39355469        29097.19335937         1870.99438477 
        4970.42291635            0.50000000        11108.39355469        28758.19335937         1771.99438477 
        4971.01328989            0.50000000        11147.39355469        28400.19335937         1714.99438477 
        4971.47368758            0.50000000        11063.39355469        28325.19335937         1688.99438477 
        4972.07434652            0.50000000        11154.39355469        28716.19335937         1685.99438477 
        4972.46485998            0.50000000        11035.39355469        28784.19335937         1681.99438477 
        4973.01569815            0.50000000        11114.39355469        29188.19335937         1611.99438477 
        4973.46648323            0.50000000        11009.39355469        28961.19335937         1528.99438477 
        4974.00253293            0.50000000        11045.39355469        28850.19335937         1444.99438477 
        4974.41342293            0.50000000        11016.39355469        28729.19335937         1384.99438477 
        4975.00984661            0.50000000        11018.39355469        28449.19335937         1283.99438477 
        4975.46604086            0.50000000        10948.39355469        28181.19335937         1225.99438477 
        4976.05772573            0.50000000        11089.39355469        28172.19335937         1187.99438477 
        4976.45393976            0.50000000        10894.39355469        27376.19335937         1108.99438477 
        4977.00574514            0.50000000        11069.39355469        27360.19335937         1071.99438477 
        4977.46233985            0.50000000        10899.39355469        26490.19335937         1019.99432373 
        4977.98929377            0.50000000        11045.39355469        26367.19335937          990.99432373 
        4978.40592465            0.50000000        10862.39355469        25615.19335937          938.99432373 
        4978.99335316            0.50000000        10936.39355469        25386.19335937          927.99432373 
        4979.46039167            0.50000000        10912.39355469        25037.19335937          885.99432373 
        4980.05813984            0.50000000        10960.39355469        24581.19335937          860.99432373 
        4980.46007558            0.50000000        10832.39355469        23753.19335937          803.99432373 
        4981.01285307            0.50000000        10817.39355469        23162.19335937          809.99432373 
        4981.46522538            0.50000000        10884.39355469        22973.19335937          802.99432373 
        4981.99310665            0.50000000        10788.39355469        22441.19335937          779.99432373 
        4982.41047080            0.50000000        10833.39355469        22187.19335937          763.99432373 
        4982.99390305            0.50000000        10816.39355469        21823.19335937          731.99432373 
        4983.46176268            0.50000000        10729.39355469        21376.19335937          733.99432373 
        4984.03539909            0.50000000        10748.39355469        21021.19335937          729.99432373 
        4984.45313750            0.50000000        10742.39355469        20725.19335937          730.99432373 
        4984.99681538            0.50000000        10734.39355469        20244.19335937          722.99432373 
        4985.45501500            0.50000000        10710.39355469        19721.19335937          711.99432373 
        4985.96871086            0.50000000        10666.39355469        19137.19335937          707.99432373 
        4986.41199245            0.50000000        10730.39355469        18773.19335937          718.99432373 
        4986.98637175            0.50000000        10659.39355469        18171.19335937          695.99432373 
        4987.46009158            0.50000000        10649.39355469        17772.19335937          688.99432373 
        4988.04481765            0.50000000        10692.39355469        17441.19335937          695.99432373 
        4988.45824893            0.50000000        10558.39355469        17105.19335937          664.99432373 
        4988.99279551            0.50000000        10654.39355469        17144.19335937          682.99432373 
        4989.45684313            0.50000000        10516.39355469        16910.19335937          678.99432373 
        4989.96134976            0.50000000        10529.39355469        16995.19335937          669.99432373 
        4990.41550109            0.50000000        10526.39355469        17220.19335937          665.99432373 
        4990.98079340            0.50000000        10511.39355469        17548.19335937          683.99432373 
        4991.45029430            0.50000000        10448.39355469        17909.19335937          670.99432373 
        4992.01079275            0.50000000        10470.39355469        18530.19335937          670.99432373 
        4992.45019853            0.50000000        10387.39355469        18811.19335937          675.99432373 
        4992.98062847            0.50000000        10400.39355469        19172.19335937          703.99432373 
        4993.45054073            0.50000000        10438.39355469        19472.19335937          685.99432373 
        4993.93571286            0.50000000        10359.39355469        19484.19335937          679.99432373 
        4994.42098805            0.50000000        10384.39355469        19677.19335937          684.99432373 
        4994.95693249            0.50000000        10486.39355469        19808.19335937          693.99432373 
        4995.43736688            0.50000000        10439.39355469        19835.19335937          697.99432373 
        4995.98872657            0.50000000        10336.39355469        19562.19335937          701.99432373 
        4996.46937791            0.50000000        10434.39355469        19689.19335937          661.99432373 
        4996.96531364            0.50000000        10387.39355469        19538.19335937          643.99432373 
        4997.44617036            0.50000000        10311.39355469        19314.19335937          650.99432373 
        4997.91193854            0.50000000        10364.39355469        19245.19335937          658.99432373 
        4998.43857335            0.50000000        10294.39355469        18931.19335937          622.99432373 
        4998.95013286            0.50000000        10203.39355469        18598.19335937          614.99432373 
        4999.44154032            0.50000000        10353.39355469        18641.19335937          623.99432373 
        4999.97866300            0.50000000        10311.39355469        18351.19335937          609.99432373 
        5000.48549814            0.50000000        10257.39355469        18115.19335937          602.99432373 
        5000.96202554            0.50000000        10227.39355469        17922.19335937          587.99432373 
        5001.46907854            0.50000000        10361.39355469        18051.19335937          613.99432373 
        5001.92045021            0.50000000        10282.39355469        18020.19335937          582.99432373 
        5002.44800855            0.50000000        10222.39355469        17899.19335937          576.99432373 
        5002.91479613            0.50000000        10144.39355469        17889.19335937          566.99432373 
        5003.45273462            0.50000000        10244.39355469        18209.19335937          584.99432373 
        5003.96541625            0.50000000        10056.39355469        18066.19335937          573.99432373 
        5004.49852381            0.50000000        10128.39355469        18428.19335937          590.99432373 
        5004.93525674            0.50000000        10012.39355469        18368.19335937          550.99432373 
        5005.45843021            0.50000000        10149.39355469        18807.19335937          590.99432373 
        5005.91058895            0.50000000        10024.39355469        18814.19335937          568.99432373 
        5007.58791178            0.50000000         9999.39355469        19416.19335937          583.99432373 
        5009.39876463            0.50000000         9974.39355469        19888.19335937          611.99432373 
        5011.19577056            0.50000000         9797.39355469        19934.19335937          626.99432373 
        5013.01966861            0.50000000         9747.39355469        20165.19335937          652.99432373 
        5014.83481572            0.50000000         9652.39355469        20214.19335937          631.99432373 
        5016.80965250            0.50000000         9592.39355469        20341.19335937          625.99432373 
        5018.75042204            0.50000000         9524.39355469        20311.19335937          642.99432373 
        5020.78488144            0.50000000         9505.39355469        20383.19335937          664.99432373 
        5022.77507644            0.50000000         9455.39355469        20383.19335937          627.99432373 
        5024.87457660            0.50000000         9337.39355469        20295.19335937          649.99432373 
        5026.91446147            0.50000000         9260.39355469        20201.19335937          612.99432373 
        5029.05880037            0.50000000         9128.39355469        19877.19335937          595.99432373 
        5031.19999976            0.50000000         9117.39355469        19844.19335937          584.99432373 
        5033.46659965            0.50000000         9081.39355469        19773.19335937          559.99432373 
        5035.73542923            0.50000000         8973.39355469        19539.19335937          529.99432373 
        5038.01164406            0.50000000         8939.39355469        19366.19335937          522.99432373 
        5040.25916073            0.50000000         8772.39355469        18821.19335937          498.99432373 
        5042.64825482            0.50000000         8772.39355469        18783.19335937          482.99432373 
        5045.11217458            0.50000000         8664.39355469        18718.19335937          471.99432373 
        5047.44938279            0.50000000         8582.39355469        18790.19335937          469.99432373 
        5049.98575141            0.50000000         8549.39355469        18937.19335937          486.99432373 
        5052.43157729            0.50000000         8351.39355469        18700.19335937          492.99432373 
        5054.95264984            0.50000000         8329.39355469        18794.19335937          502.99432373 
        5057.57519068            0.50000000         8202.39355469        18544.19335937          504.99432373 
        5060.16428642            0.50000000         8105.39404297        18427.19335937          512.99432373 
        5062.78751994            0.50000000         8026.39404297        18381.19335937          510.99432373 
        5065.55970684            0.50000000         7964.39404297        18351.19335937          516.99432373 
        5068.25690262            0.50000000         7833.39404297        18282.19335937          526.99432373 
        5071.06698117            0.50000000         7593.39404297        17892.19335937          491.99432373 
        5073.95371582            0.50000000         7678.39404297        18203.19335937          522.99432373 
        5076.77592328            0.50000000         7482.39404297        18074.19335937          499.99432373 
        5079.65925470            0.50000000         7252.39404297        17685.19335937          491.99432373 
        5082.70372616            0.50000000         7268.39404297        17918.19335937          468.99432373 
        5085.71535973            0.50000000         7141.39404297        17765.19335937          432.99432373 
        5088.69928631            0.50000000         7165.39404297        17871.19335937          431.99432373 
        5091.82412392            0.50000000         7002.39404297        17763.19335937          420.99432373 
        5094.94258274            0.50000000         6886.39404297        17746.19335937          409.99432373 
        5098.04405440            0.50000000         6853.39404297        17823.19335937          435.99432373 
        5101.22375790            0.50000000         6734.39404297        17816.19335937          443.99432373 
        5104.49790835            0.50000000         6638.39404297        17697.19335937          453.99432373 
        5107.78725428            0.50000000         6535.39404297        17602.19335937          472.99432373 
        5111.06526691            0.50000000         6545.39404297        17818.19335937          492.99432373 
        5114.39045271            0.50000000         6473.39404297        17658.19335937          472.99432373 
        5117.77366549            0.50000000         6311.39404297        17502.19335937          471.99432373 
        5121.17776897            0.50000000         6137.39404297        17222.19335937          454.99432373 
        5124.60284295            0.50000000         6063.39404297        17104.19335937          468.99432373 
        5128.08109834            0.50000000         6154.39404297        17482.19335937          482.99432373 
        5131.60739622            0.50000000         5936.39404297        16960.19335937          458.99432373 
        5135.13359955            0.50000000         5854.39404297        17020.19335937          462.99432373 
        5138.71886720            0.50000000         5707.39404297        16669.19335937          446.99432373 
        5142.42272008            0.50000000         5691.39404297        16776.19335937          432.99432373 
        5145.98668794            0.50000000         5419.39404297        16277.19433594          415.99432373 
        5149.69653553            0.50000000         5370.39404297        16243.19433594          421.99432373 
        5153.42843777            0.50000000         5266.39404297        16087.19433594          392.99432373 
        5157.17164198            0.50000000         5166.39404297        16112.19433594          401.99432373 
        5161.02935832            0.50000000         5050.39404297        15915.19433594          415.99432373 
        5164.84983618            0.50000000         4884.39404297        15649.19433594          414.99432373 
        5168.74728178            0.50000000         4842.39404297        15711.19433594          400.99432373 
        5172.68931678            0.50000000         4647.39404297        15248.19433594          404.99432373 
        5176.53403517            0.50000000         4489.39404297        15006.19433594          407.99432373 
        5180.54920250            0.50000000         3630.39404297        12257.19433594          365.99432373 
        5184.53823127            0.50000000         4423.39404297        15050.19433594          428.99432373 
        5188.53393181            0.50000000         4276.39404297        14852.19433594          426.99432373 
        5192.69589494            0.50000000         4129.39404297        14499.19433594          393.99432373 
        5196.81549730            0.50000000         3980.39404297        14098.19433594          384.99432373 
        5200.92563070            0.50000000         3818.39404297        13741.19433594          378.99432373 
        5205.13685287            0.50000000         3618.39404297        13129.19433594          365.99432373 
        5208.91776827            0.50000000         3426.39404297        12456.19433594          342.99432373 
