# 1-D Scan File created by LabVIEW Control Panel  12/6/2011  3:47:10 AM; Scan time 0 hrs 4 min 28 sec. 
#
# Beamline 20 BM
#
# Scan config: 
#                 E0: 4966.00 eV   223 points
#        Scan bounds:  -100.00 -30.00 40.00 243.35 (7.99 (k))
#       Scan step(s):  5.00 0.50 0.07
#  Integration times:  0.50 0.50 0.50    kwgt in EXAFS region: 0.0 
#
# User Comment:
# 50oC
#
#
# Amplifier Sensitivities:
# Preslit: 20 nA/V  I0: 20 nA/V  I: 100 pA/V  IREF: 50 pA/V  
#
# Analog Input Voltages at start/end of scan:
# Preslit: 0.033/0.031  I0: 0.411/0.218  Ignore: 0.011/0.006  I: 0.740/0.439  IREF: 0.213/0.134  
#
# Mono Info:
# 
#
# ID Info:
# 
#
# Slit Info:
# Kappa S1:  Center is at -542 (H), 500 (V)   Size is 8000 wide x 2000 high
# Vacuum Slits:  Center is at 850 (H), -25 (V)   Size is 899 wide x 1000 high
#
# Motor Positions:
# SMV (20bm:m29): -37594.243125 SMH (20bm:m30): 4802.187500 
#
# Detector Names/PVs:
# I0/20bm:scaler1_netA.C  I/20bm:scaler1_netA.E  IREF/20bm:scaler1_netA.F  
#
# Positioner names/Drive PVs/Readback PVs:
# Mono Energy */20bm:monoE.VAL/20bm:EnctoE.VAL  Scaler preset time */20bm:scaler1.TP/  
# Here is a readable list of column headings:
#  1) Mono Energy *        
#  2) Scaler preset time * 
#  3) I0                   
#  4) I                    
#  5) IREF                 
#
# Column Headings:
#Mono Energy *        Scaler preset time * I0                   I                    IREF                 
        4865.38658797            0.50000000        15686.39355469        32070.19335937         4338.99414062 
        4870.45241530            0.50000000        15500.39355469        31847.19335937         4302.99414062 
        4875.46271053            0.50000000        15380.39355469        31971.19335937         4218.99414062 
        4880.54201781            0.50000000        15195.39355469        31842.19335937         4149.99414062 
        4885.58960585            0.50000000        15010.39355469        31747.19335937         4039.99438477 
        4890.57142068            0.50000000        14957.39355469        31981.19335937         3995.99438477 
        4895.65150310            0.50000000        14824.39355469        32021.19335937         3936.99438477 
        4900.77228306            0.50000000        14734.39355469        32141.19335937         3923.99438477 
        4905.80274538            0.50000000        14574.39355469        32015.19335937         3836.99438477 
        4910.81044561            0.50000000        14447.39355469        32085.19335937         3792.99438477 
        4915.82448876            0.50000000        14178.39355469        31939.19335937         3689.99438477 
        4920.85466623            0.50000000        14241.39355469        32396.19335937         3723.99438477 
        4925.88633288            0.50000000        14055.39355469        32275.19335937         3680.99438477 
        4930.89488023            0.50000000        13968.39355469        32513.19335937         3629.99438477 
        4935.96879711            0.50000000        13847.39355469        32603.19335937         3649.99438477 
        4936.48125336            0.50000000        13944.39355469        32991.19531250         3693.99438477 
        4936.94946433            0.50000000        13973.39355469        33007.19531250         3705.99438477 
        4937.44242310            0.50000000        14003.39355469        33091.19531250         3699.99438477 
        4937.92562734            0.50000000        13845.39355469        32847.19531250         3652.99438477 
        4938.43359654            0.50000000        13907.39355469        32964.19531250         3666.99438477 
        4938.95154708            0.50000000        13869.39355469        32899.19531250         3649.99438477 
        4939.44987848            0.50000000        13823.39355469        32855.19531250         3631.99438477 
        4939.99274098            0.50000000        13841.39355469        32877.19531250         3613.99438477 
        4940.47155546            0.50000000        13879.39355469        33065.19531250         3667.99438477 
        4940.98009864            0.50000000        13856.39355469        33120.19531250         3654.99438477 
        4941.44924499            0.50000000        13687.39355469        32729.19335937         3606.99438477 
        4941.94812866            0.50000000        13709.39355469        32871.19531250         3606.99438477 
        4942.43229949            0.50000000        13801.39355469        33077.19531250         3647.99438477 
        4942.97588032            0.50000000        13723.39355469        32963.19531250         3614.99438477 
        4943.46521506            0.50000000        13707.39355469        32914.19531250         3621.99438477 
        4944.02387833            0.50000000        13736.39355469        33011.19531250         3622.99438477 
        4944.46893032            0.50000000        13656.39355469        32899.19531250         3623.99438477 
        4945.00310856            0.50000000        13658.39355469        32912.19531250         3579.99438477 
        4945.46814437            0.50000000        13576.39355469        32801.19531250         3554.99438477 
        4945.96296847            0.50000000        13576.39355469        32794.19531250         3565.99438477 
        4946.43315182            0.50000000        13646.39355469        32836.19531250         3594.99438477 
        4946.99255003            0.50000000        13608.39355469        32945.19531250         3607.99438477 
        4947.47285194            0.50000000        13596.39355469        32944.19531250         3591.99438477 
        4948.05232107            0.50000000        13644.39355469        33079.19531250         3652.99438477 
        4948.47835043            0.50000000        13540.39355469        33050.19531250         3597.99438477 
        4949.01843333            0.50000000        13524.39355469        33002.19531250         3583.99438477 
        4949.47934006            0.50000000        13579.39355469        33165.19531250         3637.99438477 
        4949.98991638            0.50000000        13490.39355469        32961.19531250         3606.99438477 
        4950.44606265            0.50000000        13536.39355469        33023.19531250         3607.99438477 
        4951.01637495            0.50000000        13641.39355469        33339.19531250         3630.99438477 
        4951.47768926            0.50000000        13537.39355469        33115.19531250         3569.99438477 
        4952.07307262            0.50000000        13595.39355469        33238.19531250         3617.99438477 
        4952.48000808            0.50000000        13582.39355469        33262.19531250         3598.99438477 
        4953.02601211            0.50000000        13571.39355469        33196.19531250         3570.99438477 
        4953.48277126            0.50000000        13582.39355469        33347.19531250         3610.99438477 
        4953.99921876            0.50000000        13487.39355469        33300.19531250         3585.99438477 
        4954.44127225            0.50000000        13503.39355469        33266.19531250         3562.99438477 
        4955.02253017            0.50000000        13585.39355469        33612.19531250         3613.99438477 
        4955.48963188            0.50000000        13446.39355469        33267.19531250         3582.99438477 
        4956.08110105            0.50000000        13569.39355469        33629.19531250         3630.99438477 
        4956.48875800            0.50000000        13407.39355469        33243.19531250         3572.99438477 
        4957.04070326            0.50000000        13446.39355469        33320.19531250         3577.99438477 
        4957.48832523            0.50000000        13435.39355469        33284.19531250         3592.99438477 
        4958.02558841            0.50000000        13435.39355469        33391.19531250         3591.99438477 
        4958.44852407            0.50000000        13394.39355469        33262.19531250         3566.99438477 
        4959.02085687            0.50000000        13455.39355469        33552.19531250         3591.99438477 
        4959.49376261            0.50000000        13371.39355469        33316.19531250         3537.99438477 
        4960.08129880            0.50000000        13449.39355469        33629.19531250         3567.99438477 
        4960.48967639            0.50000000        13335.39355469        33367.19531250         3541.99438477 
        4961.03761559            0.50000000        13527.39355469        33775.19531250         3595.99438477 
        4961.48602802            0.50000000        13248.39355469        33186.19531250         3470.99438477 
        4962.01925603            0.50000000        13506.39355469        33863.19531250         3567.99438477 
        4962.44293777            0.50000000        13290.39355469        33304.19531250         3488.99438477 
        4963.02126652            0.50000000        13487.39355469        33827.19531250         3540.99438477 
        4963.49500771            0.50000000        13245.39355469        33331.19531250         3438.99438477 
        4964.09355911            0.50000000        13323.39355469        33500.19531250         3439.99438477 
        4964.48769169            0.50000000        13225.39355469        33406.19531250         3396.99438477 
        4965.03160731            0.50000000        13278.39355469        33432.19531250         3285.99438477 
        4965.47581862            0.50000000        13208.39355469        33442.19531250         3120.99438477 
        4966.01497839            0.50000000        13304.39355469        33521.19531250         2721.99438477 
        4966.42941972            0.50000000        13194.39355469        33432.19531250         2166.99438477 
        4967.01376077            0.50000000        13245.39355469        33411.19531250         1851.99438477 
        4967.47834432            0.50000000        13131.39355469        33122.19531250         1914.99438477 
        4968.07794749            0.50000000        13217.39355469        33244.19531250         2233.99438477 
        4968.46777448            0.50000000        13134.39355469        33058.19531250         2300.99438477 
        4969.01764427            0.50000000        13166.39355469        32827.19531250         2289.99438477 
        4969.46763678            0.50000000        13086.39355469        32657.19335937         2171.99438477 
        4970.00774550            0.50000000        13127.39355469        32536.19335937         2085.99438477 
        4970.42791887            0.50000000        13136.39355469        32499.19335937         1989.99438477 
        4971.01328989            0.50000000        13193.39355469        32367.19335937         1943.99438477 
        4971.47869241            0.50000000        13063.39355469        32320.19335937         1878.99438477 
        4972.07434652            0.50000000        13133.39355469        32567.19335937         1880.99438477 
        4972.45985297            0.50000000        13053.39355469        32551.19335937         1843.99438477 
        4973.01569815            0.50000000        13111.39355469        32673.19335937         1774.99438477 
        4973.46648323            0.50000000        12996.39355469        32354.19335937         1689.99438477 
        4974.00253293            0.50000000        13068.39355469        32246.19335937         1567.99438477 
        4974.41342293            0.50000000        12992.39355469        31774.19335937         1486.99438477 
        4975.01485923            0.50000000        13031.39355469        31096.19335937         1412.99438477 
        4975.46604086            0.50000000        13038.39355469        30609.19335937         1321.99438477 
        4976.06775561            0.50000000        13188.39355469        30261.19335937         1267.99438477 
        4976.45895557            0.50000000        13001.39355469        29415.19335937         1197.99438477 
        4977.01076217            0.50000000        13134.39355469        29265.19335937         1132.99438477 
        4977.46233985            0.50000000        12976.39355469        28698.19335937         1098.99438477 
        4977.99431297            0.50000000        13140.39355469        28699.19335937         1077.99438477 
        4978.41094477            0.50000000        12931.39355469        28039.19335937         1029.99438477 
        4978.99837457            0.50000000        13005.39355469        27989.19335937          985.99432373 
        4979.46541411            0.50000000        12960.39355469        27771.19335937          952.99432373 
        4980.05813984            0.50000000        13051.39355469        27618.19335937          922.99432373 
        4980.46007558            0.50000000        12916.39355469        27081.19335937          911.99432373 
        4981.01285307            0.50000000        12945.39355469        26748.19335937          889.99432373 
        4981.47025225            0.50000000        12941.39355469        26334.19335937          890.99432373 
        4981.99813468            0.50000000        12923.39355469        25747.19335937          858.99432373 
        4982.42052871            0.50000000        12916.39355469        25144.19335937          849.99432373 
        4982.99893329            0.50000000        12915.39355469        24337.19335937          840.99432373 
        4983.46679395            0.50000000        12807.39355469        23378.19335937          808.99432373 
        4984.03539909            0.50000000        12866.39355469        22586.19335937          803.99432373 
        4984.45817096            0.50000000        12865.39355469        21823.19335937          805.99432373 
        4984.99681538            0.50000000        12833.39355469        21040.19335937          786.99432373 
        4985.45501500            0.50000000        12849.39355469        20488.19335937          771.99432373 
        4985.97878448            0.50000000        12765.39355469        19906.19335937          757.99432373 
        4986.41703024            0.50000000        12853.39355469        19756.19335937          758.99432373 
        4986.98637175            0.50000000        12808.39355469        19427.19335937          741.99432373 
        4987.46009158            0.50000000        12744.39355469        19258.19335937          749.99432373 
        4988.04481765            0.50000000        12803.39355469        19316.19335937          779.99432373 
        4988.46329124            0.50000000        12695.39355469        19321.19335937          743.99432373 
        4988.99783900            0.50000000        12755.39355469        19591.19335937          762.99432373 
        4989.46693217            0.50000000        12620.39355469        19672.19335937          743.99432373 
        4989.96134976            0.50000000        12630.39355469        20066.19335937          730.99432373 
        4990.41550109            0.50000000        12635.39355469        20435.19335937          774.99432373 
        4990.98079340            0.50000000        12634.39355469        20936.19335937          760.99432373 
        4991.45534322            0.50000000        12553.39355469        21204.19335937          770.99432373 
        4992.01584291            0.50000000        12587.39355469        21704.19335937          779.99432373 
        4992.45019853            0.50000000        12531.39355469        21921.19335937          783.99432373 
        4992.99073309            0.50000000        12498.39355469        22159.19335937          773.99432373 
        4993.45559407            0.50000000        12611.39355469        22521.19335937          784.99432373 
        4993.93571286            0.50000000        12451.39355469        22345.19335937          761.99432373 
        4994.42098805            0.50000000        12475.39355469        22540.19335937          789.99432373 
        4994.96198916            0.50000000        12548.39355469        22570.19335937          790.99432373 
        4995.43736688            0.50000000        12473.39355469        22421.19335937          770.99432373 
        4995.99884450            0.50000000        12387.39355469        22196.19335937          763.99432373 
        4996.46937791            0.50000000        12484.39355469        22298.19335937          743.99432373 
        4996.97037476            0.50000000        12450.39355469        22077.19335937          755.99432373 
        4997.45123255            0.50000000        12339.39355469        21761.19335937          741.99432373 
        4997.91700176            0.50000000        12413.39355469        21719.19335937          727.99432373 
        4998.43857335            0.50000000        12341.39355469        21374.19335937          719.99432373 
        4998.95013286            0.50000000        12232.39355469        20991.19335937          706.99432373 
        4999.44154032            0.50000000        12363.39355469        21072.19335937          696.99432373 
        4999.98373080            0.50000000        12328.39355469        20870.19335937          682.99432373 
        5000.48549814            0.50000000        12274.39355469        20751.19335937          674.99432373 
        5000.96202554            0.50000000        12241.39355469        20640.19335937          674.99432373 
        5001.46907854            0.50000000        12419.39355469        20882.19335937          679.99432373 
        5001.92045021            0.50000000        12309.39355469        20854.19335937          682.99432373 
        5002.44800855            0.50000000        12243.39355469        20816.19335937          684.99432373 
        5002.91479613            0.50000000        12209.39355469        20885.19335937          678.99432373 
        5003.45273462            0.50000000        12276.39355469        21161.19335937          666.99432373 
        5003.96541625            0.50000000        12097.39355469        21059.19335937          651.99432373 
        5004.49852381            0.50000000        12173.39355469        21478.19335937          653.99432373 
        5004.94033552            0.50000000        12054.39355469        21501.19335937          651.99432373 
        5005.46859010            0.50000000        12183.39355469        21903.19335937          668.99432373 
        5005.91058895            0.50000000        12041.39355469        21940.19335937          665.99432373 
        5007.58791178            0.50000000        12042.39355469        22823.19335937          675.99432373 
        5009.39367596            0.50000000        12014.39355469        23409.19335937          713.99432373 
        5011.19577056            0.50000000        11831.39355469        23422.19335937          700.99432373 
        5013.01966861            0.50000000        11762.39355469        23487.19335937          710.99432373 
        5014.83991647            0.50000000        11665.39355469        23292.19335937          714.99432373 
        5016.80965250            0.50000000        11613.39355469        23233.19335937          708.99432373 
        5018.75042204            0.50000000        11536.39355469        23214.19335937          732.99432373 
        5020.78999541            0.50000000        11508.39355469        23452.19335937          738.99432373 
        5022.78019484            0.50000000        11500.39355469        23675.19335937          706.99432373 
        5024.87457660            0.50000000        11322.39355469        23599.19335937          735.99432373 
        5026.91446147            0.50000000        11213.39355469        23503.19335937          703.99432373 
        5029.05880037            0.50000000        11103.39355469        23241.19335937          703.99432373 
        5031.19999976            0.50000000        11125.39355469        23216.19335937          681.99432373 
        5033.47174186            0.50000000        11101.39355469        23077.19335937          674.99432373 
        5035.74057651            0.50000000        10948.39355469        22583.19335937          620.99432373 
        5038.01164406            0.50000000        10910.39355469        22256.19335937          592.99432373 
        5040.26431810            0.50000000        10738.39355469        21840.19335937          561.99432373 
        5042.65858025            0.50000000        10742.39355469        21830.19335937          568.99432373 
        5045.11217458            0.50000000        10620.39355469        21844.19335937          551.99432373 
        5047.44938279            0.50000000        10526.39355469        21925.19335937          563.99432373 
        5049.98575141            0.50000000        10501.39355469        22041.19335937          568.99432373 
        5052.43676187            0.50000000        10225.39355469        21667.19335937          567.99432373 
        5054.95264984            0.50000000        10204.39355469        21836.19335937          589.99432373 
        5057.58038677            0.50000000        10116.39355469        21832.19335937          616.99432373 
        5060.16948832            0.50000000         9975.39355469        21695.19335937          608.99432373 
        5062.79272772            0.50000000         9878.39355469        21756.19335937          612.99432373 
        5065.55970684            0.50000000         9806.39355469        21699.19335937          592.99432373 
        5068.25690262            0.50000000         9678.39355469        21668.19335937          601.99432373 
        5071.06698117            0.50000000         9401.39355469        21339.19335937          598.99432373 
        5073.95894866            0.50000000         9457.39355469        21604.19335937          604.99432373 
        5076.78116247            0.50000000         9287.39355469        21567.19335937          594.99432373 
        5079.66974605            0.50000000         9035.39355469        21075.19335937          557.99432373 
        5082.71423121            0.50000000         9020.39355469        21345.19335937          556.99432373 
        5085.72587834            0.50000000         8856.39355469        21198.19335937          526.99432373 
        5088.70981837            0.50000000         8902.39355469        21423.19335937          513.99432373 
        5091.83467007            0.50000000         8699.39355469        21215.19335937          491.99432373 
        5094.95842309            0.50000000         8564.39355469        21047.19335937          510.99432373 
        5098.05991575            0.50000000         8482.39355469        21090.19335937          505.99432373 
        5101.23964079            0.50000000         8383.39355469        21147.19335937          535.99432373 
        5104.50851173            0.50000000         8250.39355469        21154.19335937          541.99432373 
        5107.78194517            0.50000000         8181.39404297        21074.19335937          554.99432373 
        5111.06526691            0.50000000         8212.39355469        21277.19335937          560.99432373 
        5114.39577678            0.50000000         8130.39404297        21205.19335937          549.99432373 
        5117.77366549            0.50000000         7951.39404297        21032.19335937          552.99432373 
        5121.17776897            0.50000000         7752.39404297        20676.19335937          546.99432373 
        5124.60284295            0.50000000         7664.39404297        20539.19335937          557.99432373 
        5128.08645346            0.50000000         7730.39404297        20891.19335937          565.99432373 
        5131.60739622            0.50000000         7503.39404297        20489.19335937          541.99432373 
        5135.13897069            0.50000000         7385.39404297        20498.19335937          529.99432373 
        5138.71886720            0.50000000         7261.39404297        20355.19335937          528.99432373 
        5142.42272008            0.50000000         7242.39404297        20452.19335937          543.99432373 
        5145.98668794            0.50000000         6935.39404297        19939.19335937          512.99432373 
        5149.70193983            0.50000000         6877.39404297        19946.19335937          501.99432373 
        5153.42843777            0.50000000         6789.39404297        19784.19335937          486.99432373 
        5157.18248472            0.50000000         6601.39404297        19577.19335937          475.99432373 
        5161.04564888            0.50000000         6496.39404297        19548.19335937          503.99432373 
        5164.84983618            0.50000000         6309.39404297        19311.19335937          501.99432373 
        5168.74728178            0.50000000         6239.39404297        19433.19335937          505.99432373 
        5172.70023049            0.50000000         6050.39404297        18982.19335937          499.99432373 
        5176.53950083            0.50000000         5890.39404297        18805.19335937          508.99432373 
        5180.56015224            0.50000000         4757.39404297        15459.19433594          452.99432373 
        5184.55468336            0.50000000         5734.39404297        18624.19335937          517.99432373 
        5188.54491822            0.50000000         5576.39404297        18493.19335937          517.99432373 
        5192.71240326            0.50000000         5410.39404297        18101.19335937          492.99432373 
        5196.83754631            0.50000000         5180.39404297        17532.19335937          485.99432373 
        5200.94771756            0.50000000         5028.39404297        17218.19335937          470.99432373 
        5205.15897853            0.50000000         4809.39404297        16631.19335937          464.99432373 
        5208.93992880            0.50000000         4543.39404297        15860.19433594          440.99432373 
