# 1-D Scan File created by LabVIEW Control Panel  12/5/2011  10:55:58 PM; Scan time 0 hrs 4 min 29 sec. 
#
# Beamline 20 BM
#
# Scan config: 
#                 E0: 4966.00 eV   223 points
#        Scan bounds:  -100.00 -30.00 40.00 243.35 (7.99 (k))
#       Scan step(s):  5.00 0.50 0.07
#  Integration times:  0.50 0.50 0.50    kwgt in EXAFS region: 0.0 
#
# User Comment:
# 50oC
#
#
# Amplifier Sensitivities:
# Preslit: 20 nA/V  I0: 20 nA/V  I: 100 pA/V  IREF: 50 pA/V  
#
# Analog Input Voltages at start/end of scan:
# Preslit: 0.034/0.032  I0: 0.756/0.498  Ignore: 0.022/0.014  I: 0.931/0.975  IREF: 0.247/0.150  
#
# Mono Info:
# 
#
# ID Info:
# 
#
# Slit Info:
# Kappa S1:  Center is at -542 (H), 500 (V)   Size is 8000 wide x 2000 high
# Vacuum Slits:  Center is at 850 (H), -25 (V)   Size is 899 wide x 1000 high
#
# Motor Positions:
# SMV (20bm:m29): -37594.243125 SMH (20bm:m30): 4802.187500 
#
# Detector Names/PVs:
# I0/20bm:scaler1_netA.C  I/20bm:scaler1_netA.E  IREF/20bm:scaler1_netA.F  
#
# Positioner names/Drive PVs/Readback PVs:
# Mono Energy */20bm:monoE.VAL/20bm:EnctoE.VAL  Scaler preset time */20bm:scaler1.TP/  
# Here is a readable list of column headings:
#  1) Mono Energy *        
#  2) Scaler preset time * 
#  3) I0                   
#  4) I                    
#  5) IREF                 
#
# Column Headings:
#Mono Energy *        Scaler preset time * I0                   I                    IREF                 
        4865.41522989            0.50000000        32842.39453125        41565.19531250         6021.99414062 
        4870.47155359            0.50000000        32783.39453125        41877.19531250         6015.99414062 
        4875.48189209            0.50000000        32726.39453125        42129.19531250         5890.99414062 
        4880.56124329            0.50000000        32621.39453125        42377.19531250         5748.99414062 
        4885.60887503            0.50000000        32410.39453125        42483.19531250         5740.99414062 
        4890.60038926            0.50000000        32449.39453125        42961.19531250         5721.99414062 
        4895.68537692            0.50000000        32410.39453125        43336.19531250         5683.99414062 
        4900.80623469            0.50000000        32324.39453125        43640.19531250         5563.99414062 
        4905.82705115            0.50000000        32216.39453125        43959.19531250         5606.99414062 
        4910.83967791            0.50000000        32176.39453125        44343.19531250         5531.99414062 
        4915.85378656            0.50000000        31844.39453125        44356.19531250         5382.99414062 
        4920.87913585            0.50000000        32007.39453125        45079.19531250         5422.99414062 
        4925.91576232            0.50000000        31975.39453125        45551.19531250         5394.99414062 
        4930.92929118            0.50000000        31892.39453125        46011.19531250         5374.99414062 
        4935.98850481            0.50000000        31809.39453125        46376.19531250         5386.99414062 
        4936.49603748            0.50000000        31926.39453125        46677.19531250         5355.99414062 
        4936.96918061            0.50000000        31980.39453125        46753.19531250         5394.99414062 
        4937.47200406            0.50000000        31993.39453125        46871.19531250         5423.99414062 
        4937.95028340            0.50000000        31818.39453125        46636.19531250         5350.99414062 
        4938.45825816            0.50000000        31894.39453125        46756.19531250         5424.99414062 
        4938.97621436            0.50000000        31927.39453125        46886.19531250         5410.99414062 
        4939.46961664            0.50000000        31861.39453125        46922.19531250         5386.99414062 
        4940.02235542            0.50000000        31857.39453125        46899.19531250         5375.99414062 
        4940.49623937            0.50000000        31887.39453125        46973.19531250         5360.99414062 
        4941.00478812            0.50000000        31887.39453125        47147.19531250         5405.99414062 
        4941.47887856            0.50000000        31716.39453125        46944.19531250         5334.99414062 
        4941.97776879            0.50000000        31747.39453125        46947.19531250         5362.99414062 
        4942.45206377            0.50000000        31925.39453125        47315.19531250         5412.99414062 
        4943.00059166            0.50000000        31791.39453125        47205.19531250         5377.99414062 
        4943.48498839            0.50000000        31830.39453125        47298.19531250         5375.99414062 
        4944.04860114            0.50000000        31937.39453125        47541.19531250         5422.99414062 
        4944.49365801            0.50000000        31763.39453125        47312.19531250         5349.99414062 
        4945.02289537            0.50000000        31711.39453125        47375.19531250         5331.99414062 
        4945.49288300            0.50000000        31615.39453125        47203.19531250         5335.99414062 
        4945.99761022            0.50000000        31654.39453125        47299.19531250         5307.99414062 
        4946.45790102            0.50000000        31774.39453125        47468.19531250         5392.99414062 
        4947.01730536            0.50000000        31761.39453125        47659.19531250         5403.99414062 
        4947.50256469            0.50000000        31759.39453125        47736.19531250         5392.99414062 
        4948.08204144            0.50000000        31752.39453125        47670.19531250         5411.99414062 
        4948.50312205            0.50000000        31669.39453125        47692.19531250         5416.99414062 
        4949.03825534            0.50000000        31640.39453125        47706.19531250         5370.99414062 
        4949.50907921            0.50000000        31705.39453125        47901.19531250         5370.99414062 
        4950.01966224            0.50000000        31682.39453125        47899.19531250         5390.99414062 
        4950.46589719            0.50000000        31667.39453125        47888.19531250         5387.99414062 
        4951.03621449            0.50000000        31845.39453125        48181.19531250         5417.99414062 
        4951.50745470            0.50000000        31623.39453125        48004.19531250         5346.99414062 
        4952.10284590            0.50000000        31812.39453125        48359.19531250         5421.99414062 
        4952.51474986            0.50000000        31783.39453125        48254.19531250         5382.99414062 
        4953.05579794            0.50000000        31947.39453125        48567.19531250         5405.99414062 
        4953.51752845            0.50000000        31933.39453125        48662.19531250         5433.99414062 
        4954.03398388            0.50000000        31925.39453125        48696.19531250         5411.99414062 
        4954.47107672            0.50000000        31936.39453125        48654.19531250         5444.99414062 
        4955.04240487            0.50000000        31944.39453125        48828.19531250         5471.99414062 
        4955.51448041            0.50000000        31870.39453125        48842.19531250         5392.99414062 
        4956.10595608            0.50000000        31968.39453125        48993.19531250         5430.99414062 
        4956.51361750            0.50000000        31792.39453125        48785.19531250         5370.99414062 
        4957.06059569            0.50000000        31840.39453125        48847.19531250         5413.99414062 
        4957.51319571            0.50000000        31821.39453125        48914.19531250         5377.99414062 
        4958.04548949            0.50000000        31818.39453125        48998.19531250         5402.99414062 
        4958.47838134            0.50000000        31803.39453125        49012.19531250         5388.99414062 
        4959.04076670            0.50000000        31856.39453125        49151.19531250         5431.99414062 
        4959.52363366            0.50000000        31740.39453125        49064.19531250         5393.99414062 
        4960.10619776            0.50000000        31845.39453125        49318.19531250         5371.99414062 
        4960.51956057            0.50000000        31703.39453125        49114.19531250         5357.99414062 
        4961.05256124            0.50000000        32017.39453125        49664.19531250         5418.99414062 
        4961.51592534            0.50000000        31682.39453125        49202.19531250         5326.99414062 
        4962.04916038            0.50000000        31984.39453125        49678.19531250         5361.99414062 
        4962.46786270            0.50000000        31677.39453125        49286.19531250         5317.99414062 
        4963.04121152            0.50000000        31978.39453125        49817.19531250         5353.99414062 
        4963.51994420            0.50000000        31682.39453125        49396.19531250         5234.99414062 
        4964.11850218            0.50000000        31842.39453125        49752.19531250         5251.99414062 
        4964.51263909            0.50000000        31730.39453125        49642.19531250         5168.99414062 
        4965.05656069            0.50000000        31796.39453125        49745.19531250         5050.99414062 
        4965.50576858            0.50000000        31666.39453125        49660.19531250         4750.99414062 
        4966.04493547            0.50000000        31757.39453125        49724.19531250         4145.99414062 
        4966.45938227            0.50000000        31647.39453125        49576.19531250         3302.99438477 
        4967.03873596            0.50000000        31783.39453125        49766.19531250         2921.99438477 
        4967.50832072            0.50000000        31579.39453125        49450.19531250         3095.99438477 
        4968.10793180            0.50000000        31765.39453125        49560.19531250         3486.99438477 
        4968.49776395            0.50000000        31668.39453125        49336.19531250         3595.99438477 
        4969.04264151            0.50000000        31740.39453125        49177.19531250         3582.99438477 
        4969.49763945            0.50000000        31552.39453125        48751.19531250         3422.99438477 
        4970.03775531            0.50000000        31693.39453125        48747.19531250         3260.99438477 
        4970.44792907            0.50000000        31581.39453125        48387.19531250         3109.99438477 
        4971.03830911            0.50000000        31651.39453125        48389.19531250         3031.99438477 
        4971.50371675            0.50000000        31558.39453125        48521.19531250         2962.99438477 
        4972.09437122            0.50000000        31660.39453125        48902.19531250         3003.99438477 
        4972.48488812            0.50000000        31593.39453125        48878.19531250         2933.99438477 
        4973.04073942            0.50000000        31614.39453125        48865.19531250         2834.99438477 
        4973.49152946            0.50000000        31512.39453125        48697.19531250         2662.99438477 
        4974.02758507            0.50000000        31612.39453125        48262.19531250         2545.99438477 
        4974.44349097            0.50000000        31553.39453125        47621.19531250         2410.99438477 
        4975.03490985            0.50000000        31574.39453125        46610.19531250         2274.99438477 
        4975.49110913            0.50000000        31477.39453125        45474.19531250         2145.99438477 
        4976.08781551            0.50000000        31724.39453125        44718.19531250         2066.99438477 
        4976.47901892            0.50000000        31473.39453125        43738.19531250         1944.99438477 
        4977.03584747            0.50000000        31724.39453125        43479.19531250         1918.99438477 
        4977.49244822            0.50000000        31417.39453125        42627.19531250         1787.99438477 
        4978.02442837            0.50000000        31680.39453125        42647.19531250         1775.99438477 
        4978.43604550            0.50000000        31430.39453125        42025.19531250         1717.99438477 
        4979.01846032            0.50000000        31665.39453125        41979.19531250         1675.99438477 
        4979.50057150            0.50000000        31460.39453125        41503.19531250         1607.99438477 
        4980.08828256            0.50000000        31649.39453125        41425.19531250         1582.99438477 
        4980.49022362            0.50000000        31426.39453125        40832.19531250         1539.99438477 
        4981.03798251            0.50000000        31453.39453125        40323.19531250         1501.99438477 
        4981.49538673            0.50000000        31487.39453125        39749.19531250         1493.99438477 
        4982.02830308            0.50000000        31406.39453125        38747.19531250         1438.99438477 
        4982.44567369            0.50000000        31494.39453125        37928.19531250         1444.99438477 
        4983.02408464            0.50000000        31532.39453125        36589.19531250         1416.99438477 
        4983.49195047            0.50000000        31380.39453125        35184.19531250         1374.99438477 
        4984.07062709            0.50000000        31405.39453125        33692.19531250         1354.99438477 
        4984.48333843            0.50000000        31436.39453125        32513.19335937         1359.99438477 
        4985.02702350            0.50000000        31388.39453125        31265.19335937         1302.99438477 
        4985.48522920            0.50000000        31399.39453125        30474.19335937         1301.99438477 
        4986.00396874            0.50000000        31292.39453125        29703.19335937         1270.99438477 
        4986.44221934            0.50000000        31442.39453125        29451.19335937         1284.99438477 
        4987.01660625            0.50000000        31388.39453125        29090.19335937         1301.99438477 
        4987.49033236            0.50000000        31339.39453125        29001.19335937         1283.99438477 
        4988.07002473            0.50000000        31451.39453125        29201.19335937         1301.99438477 
        4988.48850294            0.50000000        31260.39453125        29337.19335937         1288.99438477 
        4989.01801307            0.50000000        31353.39453125        29848.19335937         1287.99438477 
        4989.49215497            0.50000000        31183.39453125        30278.19335937         1273.99438477 
        4989.99162371            0.50000000        31143.39453125        30897.19335937         1315.99438477 
        4990.44073437            0.50000000        31212.39453125        31632.19335937         1303.99438477 
        4991.00603293            0.50000000        31198.39453125        32323.19335937         1316.99438477 
        4991.48563699            0.50000000        31072.39453125        32780.19531250         1311.99438477 
        4992.04614411            0.50000000        31101.39453125        33465.19531250         1350.99438477 
        4992.47545431            0.50000000        30952.39453125        33688.19531250         1299.99438477 
        4993.01094247            0.50000000        30950.39453125        34006.19531250         1316.99438477 
        4993.48086097            0.50000000        31079.39453125        34453.19531250         1318.99438477 
        4993.96098507            0.50000000        30961.39453125        34437.19531250         1342.99438477 
        4994.44121008            0.50000000        31003.39453125        34577.19531250         1312.99438477 
        4994.98221599            0.50000000        31141.39453125        34758.19531250         1333.99438477 
        4995.47277130            0.50000000        31052.39453125        34595.19531250         1302.99438477 
        4996.02919857            0.50000000        30923.39453125        34322.19531250         1283.99438477 
        4996.49467815            0.50000000        31073.39453125        34255.19531250         1296.99438477 
        4997.00580294            0.50000000        31087.39453125        34133.19531250         1288.99438477 
        4997.48160591            0.50000000        30879.39453125        33613.19531250         1262.99438477 
        4997.94738131            0.50000000        30971.39453125        33392.19531250         1252.99438477 
        4998.45883096            0.50000000        30872.39453125        33046.19531250         1214.99438477 
        4998.97039500            0.50000000        30766.39453125        32576.19335937         1208.99438477 
        4999.47194012            0.50000000        30918.39453125        32566.19335937         1201.99438477 
        5000.00906995            0.50000000        30990.39453125        32518.19335937         1201.99438477 
        5000.50577388            0.50000000        30936.39453125        32311.19335937         1185.99438477 
        5000.98737553            0.50000000        30818.39453125        32195.19335937         1143.99438477 
        5001.48936300            0.50000000        31056.39453125        32486.19335937         1187.99438477 
        5001.94581081            0.50000000        30953.39453125        32563.19335937         1169.99438477 
        5002.46830168            0.50000000        30955.39453125        32705.19335937         1166.99438477 
        5002.94524210            0.50000000        30743.39453125        32721.19335937         1159.99438477 
        5003.47303666            0.50000000        30920.39453125        33206.19531250         1171.99438477 
        5003.99079951            0.50000000        30660.39453125        33206.19531250         1140.99438477 
        5004.51883513            0.50000000        30736.39453125        33723.19531250         1149.99438477 
        5004.96572959            0.50000000        30687.39453125        34001.19531250         1146.99438477 
        5005.48891001            0.50000000        30806.39453125        34556.19531250         1187.99438477 
        5005.93091279            0.50000000        30620.39453125        34827.19531250         1156.99438477 
        5007.61333520            0.50000000        30712.39453125        36242.19531250         1171.99438477 
        5009.40894200            0.50000000        30690.39453125        37279.19531250         1219.99438477 
        5011.21104860            0.50000000        30431.39453125        37523.19531250         1228.99438477 
        5013.03495880            0.50000000        30431.39453125        37782.19531250         1250.99438477 
        5014.85011800            0.50000000        30305.39453125        37538.19531250         1248.99438477 
        5016.81986279            0.50000000        30329.39453125        37518.19531250         1270.99438477 
        5018.76064096            0.50000000        30174.39453125        37527.19531250         1260.99438477 
        5020.80533741            0.50000000        30155.39453125        37977.19531250         1247.99438477 
        5022.79555011            0.50000000        30157.39453125        38517.19531250         1256.99438477 
        5024.88482276            0.50000000        30022.39453125        38732.19531250         1275.99438477 
        5026.92471671            0.50000000        29931.39453125        38728.19531250         1254.99438477 
        5029.06906517            0.50000000        29719.39453125        38457.19531250         1218.99438477 
        5031.21027410            0.50000000        29874.39453125        38620.19531250         1211.99438477 
        5033.48202632            0.50000000        29861.39453125        38368.19531250         1183.99438477 
        5035.75087109            0.50000000        29680.39453125        37730.19531250         1140.99438477 
        5038.02194877            0.50000000        29641.39453125        37316.19531250         1084.99438477 
        5040.27463287            0.50000000        29395.39453125        36750.19531250         1059.99438477 
        5042.65858025            0.50000000        29458.39453125        37020.19531250         1034.99438477 
        5045.12251101            0.50000000        29345.39453125        37235.19531250         1043.99438477 
        5047.46490313            0.50000000        29211.39453125        37455.19531250         1030.99438477 
        5049.99093051            0.50000000        29236.39453125        37812.19531250         1059.99438477 
        5052.44194646            0.50000000        28836.39453125        37462.19531250         1057.99438477 
        5054.96303029            0.50000000        28879.39453125        37772.19531250         1088.99438477 
        5057.59077899            0.50000000        28708.39453125        37880.19531250         1098.99438477 
        5060.17989214            0.50000000        28523.39453125        38153.19531250         1118.99438477 
        5062.80314330            0.50000000        28487.39453125        38500.19531250         1122.99438477 
        5065.58056289            0.50000000        28448.39453125        38825.19531250         1140.99438477 
        5068.28822308            0.50000000        28358.39453125        38951.19531250         1160.99438477 
        5071.09311307            0.50000000        27912.39453125        38644.19531250         1142.99438477 
        5073.98511304            0.50000000        28166.39453125        39538.19531250         1164.99438477 
        5076.80211933            0.50000000        27889.39453125        39532.19531250         1153.99438477 
        5079.69072890            0.50000000        27451.39453125        39226.19531250         1104.99438477 
        5082.73524146            0.50000000        27488.39453125        39676.19531250         1062.99438477 
        5085.75217509            0.50000000        27379.39453125        39961.19531250         1047.99438477 
        5088.73614873            0.50000000        27419.39453125        40403.19531250         1011.99432373 
        5091.86630881            0.50000000        27289.39453125        40513.19531250          998.99432373 
        5094.99538432            0.50000000        26900.39453125        40199.19531250          992.99432373 
        5098.10221321            0.50000000        26870.39453125        40588.19531250         1023.99432373 
        5101.27670129            0.50000000        26711.39453125        40807.19531250         1050.99438477 
        5104.55622754            0.50000000        26566.39453125        41130.19531250         1098.99438477 
        5107.82441840            0.50000000        26395.39453125        41229.19531250         1107.99438477 
        5111.09716633            0.50000000        26413.39453125        41596.19531250         1124.99438477 
        5114.42772144            0.50000000        26208.39453125        41566.19531250         1134.99438477 
        5117.80032428            0.50000000        25895.39453125        41250.19531250         1114.99438477 
        5121.19912685            0.50000000        25680.39453125        41140.19531250         1112.99438477 
        5124.63492646            0.50000000        25467.39453125        41127.19531250         1133.99438477 
        5128.11322923            0.50000000        25739.39453125        42091.19531250         1159.99438477 
        5131.63421198            0.50000000        25452.39453125        41999.19531250         1146.99438477 
        5135.15508420            0.50000000        25183.39453125        41869.19531250         1139.99438477 
        5138.73500514            0.50000000        25002.39453125        41949.19531250         1145.99438477 
        5142.43349555            0.50000000        25080.39453125        42536.19531250         1145.99438477 
        5145.99747965            0.50000000        24389.39453125        41804.19531250         1114.99438477 
        5149.71274848            0.50000000        24372.39453125        42287.19531250         1066.99438477 
        5153.43926342            0.50000000        24189.39453125        42453.19531250         1094.99438477 
        5157.18248472            0.50000000        23901.39453125        42469.19531250         1087.99438477 
        5161.05107909            0.50000000        23819.39453125        42955.19531250         1127.99438477 
        5164.86071401            0.50000000        23402.39453125        42795.19531250         1139.99438477 
        5168.74728178            0.50000000        23376.39453125        43245.19531250         1139.99438477 
        5172.70023049            0.50000000        23126.39453125        43506.19531250         1174.99438477 
        5176.54496650            0.50000000        22762.39453125        43380.19531250         1197.99438477 
        5180.56015224            0.50000000        18987.39453125        36864.19531250         1068.99438477 
        5184.55468336            0.50000000        22891.39453125        44604.19531250         1251.99438477 
        5188.54491822            0.50000000        22500.39453125        44454.19531250         1257.99438477 
        5192.70690048            0.50000000        21927.39453125        43901.19531250         1250.99438477 
        5196.83203404            0.50000000        21522.39453125        43611.19531250         1222.99438477 
        5200.94771756            0.50000000        21200.39453125        43468.19531250         1224.99438477 
        5205.14791567            0.50000000        20831.39453125        43326.19531250         1214.99438477 
        5208.92330839            0.50000000        20108.39453125        42423.19531250         1181.99438477 
