# 1-D Scan File created by LabVIEW Control Panel  12/5/2011  11:16:02 PM; Scan time 0 hrs 4 min 29 sec. 
#
# Beamline 20 BM
#
# Scan config: 
#                 E0: 4966.00 eV   223 points
#        Scan bounds:  -100.00 -30.00 40.00 243.35 (7.99 (k))
#       Scan step(s):  5.00 0.50 0.07
#  Integration times:  0.50 0.50 0.50    kwgt in EXAFS region: 0.0 
#
# User Comment:
# 50oC
#
#
# Amplifier Sensitivities:
# Preslit: 20 nA/V  I0: 20 nA/V  I: 100 pA/V  IREF: 50 pA/V  
#
# Analog Input Voltages at start/end of scan:
# Preslit: 0.034/0.032  I0: 0.716/0.503  Ignore: 0.020/0.013  I: 0.914/0.935  IREF: 0.243/0.148  
#
# Mono Info:
# 
#
# ID Info:
# 
#
# Slit Info:
# Kappa S1:  Center is at -542 (H), 500 (V)   Size is 8000 wide x 2000 high
# Vacuum Slits:  Center is at 850 (H), -25 (V)   Size is 899 wide x 1000 high
#
# Motor Positions:
# SMV (20bm:m29): -37594.243125 SMH (20bm:m30): 4802.187500 
#
# Detector Names/PVs:
# I0/20bm:scaler1_netA.C  I/20bm:scaler1_netA.E  IREF/20bm:scaler1_netA.F  
#
# Positioner names/Drive PVs/Readback PVs:
# Mono Energy */20bm:monoE.VAL/20bm:EnctoE.VAL  Scaler preset time */20bm:scaler1.TP/  
# Here is a readable list of column headings:
#  1) Mono Energy *        
#  2) Scaler preset time * 
#  3) I0                   
#  4) I                    
#  5) IREF                 
#
# Column Headings:
#Mono Energy *        Scaler preset time * I0                   I                    IREF                 
        4865.41522989            0.50000000        31012.39453125        40738.19531250         5829.99414062 
        4870.46676900            0.50000000        30909.39453125        40923.19531250         5845.99414062 
        4875.47709668            0.50000000        30887.39453125        41310.19531250         5719.99414062 
        4880.55643691            0.50000000        30731.39453125        41499.19531250         5662.99414062 
        4885.60405772            0.50000000        30585.39453125        41624.19531250         5548.99414062 
        4890.59556114            0.50000000        30598.39453125        42069.19531250         5500.99414062 
        4895.68053777            0.50000000        30498.39453125        42286.19531250         5487.99414062 
        4900.79653417            0.50000000        30449.39453125        42726.19531250         5420.99414062 
        4905.82705115            0.50000000        30335.39453125        42922.19531250         5364.99414062 
        4910.83480583            0.50000000        30286.39453125        43373.19531250         5405.99414062 
        4915.85378656            0.50000000        29947.39453125        43336.19531250         5226.99414062 
        4920.87913585            0.50000000        30103.39453125        44049.19531250         5254.99414062 
        4925.91085739            0.50000000        30004.39453125        44479.19531250         5261.99414062 
        4930.92437529            0.50000000        29967.39453125        44834.19531250         5232.99414062 
        4935.98357787            0.50000000        29895.39453125        45302.19531250         5196.99414062 
        4936.49110943            0.50000000        30010.39453125        45551.19531250         5226.99414062 
        4936.96425152            0.50000000        30022.39453125        45605.19531250         5246.99414062 
        4937.46707387            0.50000000        30023.39453125        45678.19531250         5273.99414062 
        4937.94535217            0.50000000        29882.39453125        45585.19531250         5181.99414062 
        4938.45332581            0.50000000        29981.39453125        45702.19531250         5273.99414062 
        4938.96634742            0.50000000        29984.39453125        45680.19531250         5260.99414062 
        4939.46468209            0.50000000        29931.39453125        45738.19531250         5215.99414062 
        4940.01248389            0.50000000        29897.39453125        45751.19531250         5214.99414062 
        4940.48636577            0.50000000        29941.39453125        45885.19531250         5203.99414062 
        4940.99491229            0.50000000        29975.39453125        46009.19531250         5201.99414062 
        4941.47393960            0.50000000        29761.39453125        45787.19531250         5197.99414062 
        4941.97282874            0.50000000        29840.39453125        45932.19531250         5198.99414062 
        4942.45206377            0.50000000        29974.39453125        46234.19531250         5246.99414062 
        4942.99564937            0.50000000        29836.39453125        46019.19531250         5207.99414062 
        4943.48498839            0.50000000        29809.39453125        45949.19531250         5172.99414062 
        4944.04365656            0.50000000        29942.39453125        46244.19531250         5252.99414062 
        4944.49365801            0.50000000        29772.39453125        46092.19531250         5177.99414062 
        4945.02289537            0.50000000        29760.39453125        46121.19531250         5213.99414062 
        4945.48793525            0.50000000        29631.39453125        45998.19531250         5178.99414062 
        4945.98771252            0.50000000        29726.39453125        46143.19531250         5148.99414062 
        4946.45790102            0.50000000        29854.39453125        46368.19531250         5232.99414062 
        4947.01235427            0.50000000        29795.39453125        46431.19531250         5212.99414062 
        4947.50256469            0.50000000        29741.39453125        46439.19531250         5236.99414062 
        4948.07708802            0.50000000        29845.39453125        46604.19531250         5265.99414062 
        4948.49816771            0.50000000        29792.39453125        46634.19531250         5265.99414062 
        4949.03825534            0.50000000        29749.39453125        46673.19531250         5230.99414062 
        4949.50412266            0.50000000        29822.39453125        46784.19531250         5245.99414062 
        4950.01470457            0.50000000        29626.39453125        46552.19531250         5190.99414062 
        4950.46589719            0.50000000        29755.39453125        46768.19531250         5261.99414062 
        4951.03621449            0.50000000        30040.39453125        47251.19531250         5309.99414062 
        4951.50745470            0.50000000        29875.39453125        47106.19531250         5236.99414062 
        4952.10284590            0.50000000        29961.39453125        47237.19531250         5303.99414062 
        4952.50978672            0.50000000        30005.39453125        47300.19531250         5297.99414062 
        4953.05083361            0.50000000        29929.39453125        47312.19531250         5280.99414062 
        4953.51752845            0.50000000        30063.39453125        47553.19531250         5300.99414062 
        4954.02901740            0.50000000        29886.39453125        47409.19531250         5279.99414062 
        4954.47107672            0.50000000        29933.39453125        47480.19531250         5247.99414062 
        4955.03743618            0.50000000        30018.39453125        47698.19531250         5290.99414062 
        4955.51448041            0.50000000        29790.39453125        47359.19531250         5240.99414062 
        4956.10595608            0.50000000        29965.39453125        47725.19531250         5257.99414062 
        4956.51361750            0.50000000        29717.39453125        47380.19531250         5237.99414062 
        4957.06059569            0.50000000        29843.39453125        47630.19531250         5266.99414062 
        4957.51319571            0.50000000        29829.39453125        47638.19531250         5227.99414062 
        4958.04548949            0.50000000        29860.39453125        47785.19531250         5214.99414062 
        4958.47340510            0.50000000        29811.39453125        47708.19531250         5219.99414062 
        4959.04076670            0.50000000        29834.39453125        47906.19531250         5247.99414062 
        4959.51865512            0.50000000        29724.39453125        47740.19531250         5226.99414062 
        4960.10121795            0.50000000        29829.39453125        47999.19531250         5240.99414062 
        4960.51956057            0.50000000        29698.39453125        47811.19531250         5187.99414062 
        4961.05256124            0.50000000        29934.39453125        48167.19531250         5254.99414062 
        4961.51592534            0.50000000        29687.39453125        47937.19531250         5169.99414062 
        4962.04417629            0.50000000        29951.39453125        48365.19531250         5244.99414062 
        4962.46287769            0.50000000        29594.39453125        47876.19531250         5138.99414062 
        4963.04121152            0.50000000        29946.39453125        48388.19531250         5190.99414062 
        4963.51994420            0.50000000        29605.39453125        47987.19531250         5082.99414062 
        4964.11850218            0.50000000        29719.39453125        48189.19531250         5086.99414062 
        4964.51263909            0.50000000        29558.39453125        48028.19531250         4978.99414062 
        4965.05656069            0.50000000        29759.39453125        48384.19531250         4876.99414062 
        4965.51076028            0.50000000        29613.39453125        48237.19531250         4596.99414062 
        4966.04493547            0.50000000        29684.39453125        48316.19531250         3995.99438477 
        4966.45438849            0.50000000        29588.39453125        48258.19531250         3191.99438477 
        4967.04373103            0.50000000        29687.39453125        48271.19531250         2823.99438477 
        4967.50332462            0.50000000        29525.39453125        48013.19531250         2991.99438477 
        4968.10793180            0.50000000        29633.39453125        48058.19531250         3380.99438477 
        4968.49776395            0.50000000        29526.39453125        47872.19531250         3500.99438477 
        4969.04264151            0.50000000        29622.39453125        47690.19531250         3451.99438477 
        4969.49263898            0.50000000        29495.39453125        47402.19531250         3329.99438477 
        4970.03275365            0.50000000        29560.39453125        47200.19531250         3172.99438477 
        4970.44292650            0.50000000        29547.39453125        47088.19531250         3018.99438477 
        4971.03330524            0.50000000        29630.39453125        47080.19531250         2936.99438477 
        4971.49871186            0.50000000        29485.39453125        47118.19531250         2896.99438477 
        4972.09437122            0.50000000        29593.39453125        47420.19531250         2869.99438477 
        4972.48488812            0.50000000        29506.39453125        47457.19531250         2814.99438477 
        4973.04073942            0.50000000        29550.39453125        47488.19531250         2735.99438477 
        4973.48652020            0.50000000        29544.39453125        47355.19531250         2593.99438477 
        4974.02758507            0.50000000        29550.39453125        46937.19531250         2487.99438477 
        4974.44349097            0.50000000        29409.39453125        46173.19531250         2336.99438477 
        4975.03490985            0.50000000        29530.39453125        45200.19531250         2155.99438477 
        4975.49110913            0.50000000        29432.39453125        44247.19531250         2049.99438477 
        4976.08781551            0.50000000        29663.39453125        43458.19531250         1991.99438477 
        4976.47901892            0.50000000        29385.39453125        42463.19531250         1834.99438477 
        4977.02581332            0.50000000        29655.39453125        42291.19531250         1810.99438477 
        4977.48743013            0.50000000        29406.39453125        41518.19531250         1729.99438477 
        4978.02442837            0.50000000        29660.39453125        41474.19531250         1672.99438477 
        4978.43604550            0.50000000        29344.39453125        40792.19531250         1630.99438477 
        4979.01846032            0.50000000        29592.39453125        40828.19531250         1608.99438477 
        4979.49052647            0.50000000        29389.39453125        40307.19531250         1532.99438477 
        4980.08828256            0.50000000        29578.39453125        40276.19531250         1540.99438477 
        4980.48519892            0.50000000        29386.39453125        39639.19531250         1473.99438477 
        4981.03798251            0.50000000        29430.39453125        39227.19531250         1447.99438477 
        4981.49538673            0.50000000        29413.39453125        38660.19531250         1415.99438477 
        4982.02830308            0.50000000        29365.39453125        37680.19531250         1389.99438477 
        4982.44064467            0.50000000        29445.39453125        36880.19531250         1362.99438477 
        4983.01402407            0.50000000        29419.39453125        35552.19531250         1337.99438477 
        4983.49195047            0.50000000        29259.39453125        34175.19531250         1286.99438477 
        4984.06559448            0.50000000        29406.39453125        32816.19531250         1288.99438477 
        4984.48333843            0.50000000        29379.39453125        31664.19335937         1257.99438477 
        4985.02198879            0.50000000        29324.39453125        30453.19335937         1244.99438477 
        4985.48019347            0.50000000        29302.39453125        29638.19335937         1242.99438477 
        4985.99893187            0.50000000        29257.39453125        28948.19335937         1214.99438477 
        4986.43214366            0.50000000        29367.39453125        28692.19335937         1236.99438477 
        4987.01156714            0.50000000        29301.39453125        28305.19335937         1222.99438477 
        4987.48529220            0.50000000        29272.39453125        28248.19335937         1225.99438477 
        4988.07002473            0.50000000        29382.39453125        28474.19335937         1230.99438477 
        4988.48346058            0.50000000        29148.39453125        28485.19335937         1223.99438477 
        4989.01801307            0.50000000        29263.39453125        29052.19335937         1237.99438477 
        4989.48206582            0.50000000        29112.39453125        29422.19335937         1219.99438477 
        4989.99162371            0.50000000        29122.39453125        30057.19335937         1249.99438477 
        4990.43064102            0.50000000        29097.39453125        30636.19335937         1232.99438477 
        4991.00603293            0.50000000        29143.39453125        31487.19335937         1234.99438477 
        4991.48563699            0.50000000        28969.39453125        31834.19335937         1244.99438477 
        4992.04109388            0.50000000        29073.39453125        32560.19335937         1275.99438477 
        4992.47545431            0.50000000        28987.39453125        32841.19531250         1258.99438477 
        4993.00589011            0.50000000        28940.39453125        33163.19531250         1262.99438477 
        4993.48086097            0.50000000        29000.39453125        33488.19531250         1279.99438477 
        4993.96603954            0.50000000        28921.39453125        33506.19531250         1276.99438477 
        4994.44121008            0.50000000        28959.39453125        33695.19531250         1256.99438477 
        4994.98221599            0.50000000        29112.39453125        33840.19531250         1300.99438477 
        4995.46771349            0.50000000        29020.39453125        33652.19531250         1279.99438477 
        4996.02919857            0.50000000        28810.39453125        33265.19531250         1243.99438477 
        4996.49467815            0.50000000        29043.39453125        33390.19531250         1265.99438477 
        4997.00074173            0.50000000        28951.39453125        33113.19531250         1222.99438477 
        4997.47654366            0.50000000        28844.39453125        32725.19335937         1205.99438477 
        4997.94738131            0.50000000        28918.39453125        32546.19335937         1185.99438477 
        4998.45883096            0.50000000        28807.39453125        32098.19335937         1171.99438477 
        4998.97546057            0.50000000        28737.39453125        31756.19335937         1158.99438477 
        4999.46687346            0.50000000        28883.39453125        31699.19335937         1156.99438477 
        5000.01413781            0.50000000        28924.39453125        31607.19335937         1147.99438477 
        5000.50070493            0.50000000        28879.39453125        31447.19335937         1142.99438477 
        5000.98737553            0.50000000        28734.39453125        31232.19335937         1115.99438477 
        5001.48429187            0.50000000        29018.39453125        31625.19335937         1152.99438477 
        5001.94581081            0.50000000        28860.39453125        31660.19335937         1115.99438477 
        5002.46322838            0.50000000        28887.39453125        31820.19335937         1097.99438477 
        5002.94524210            0.50000000        28833.39453125        31899.19335937         1092.99438477 
        5003.47811220            0.50000000        28976.39453125        32448.19335937         1134.99438477 
        5003.99587620            0.50000000        28696.39453125        32442.19335937         1113.99438477 
        5004.51883513            0.50000000        28823.39453125        32960.19531250         1110.99438477 
        5004.96572959            0.50000000        28695.39453125        33141.19531250         1080.99438477 
        5005.48383002            0.50000000        28929.39453125        33871.19531250         1121.99438477 
        5005.93599378            0.50000000        28691.39453125        33941.19531250         1109.99438477 
        5007.60316580            0.50000000        28719.39453125        35317.19531250         1137.99438477 
        5009.40894200            0.50000000        28746.39453125        36316.19531250         1169.99438477 
        5011.21104860            0.50000000        28521.39453125        36644.19531250         1190.99438477 
        5013.02986206            0.50000000        28438.39453125        36757.19531250         1223.99438477 
        5014.84501723            0.50000000        28305.39453125        36496.19531250         1210.99438477 
        5016.81986279            0.50000000        28275.39453125        36474.19531250         1201.99438477 
        5018.75553150            0.50000000        28224.39453125        36604.19531250         1208.99438477 
        5020.79510940            0.50000000        28174.39453125        37040.19531250         1242.99438477 
        5022.78531325            0.50000000        28205.39453125        37500.19531250         1215.99438477 
        5024.87969967            0.50000000        28013.39453125        37674.19531250         1219.99438477 
        5026.92471671            0.50000000        27948.39453125        37711.19531250         1207.99438477 
        5029.06906517            0.50000000        27842.39453125        37595.19531250         1194.99438477 
        5031.21027410            0.50000000        27900.39453125        37549.19531250         1170.99438477 
        5033.47688409            0.50000000        27868.39453125        37329.19531250         1119.99438477 
        5035.74572380            0.50000000        27711.39453125        36739.19531250         1084.99438477 
        5038.01679641            0.50000000        27697.39453125        36357.19531250         1046.99438477 
        5040.27979028            0.50000000        27409.39453125        35747.19531250         1008.99432373 
        5042.65858025            0.50000000        27521.39453125        36095.19531250         1021.99432373 
        5045.12251101            0.50000000        27391.39453125        36253.19531250          992.99432373 
        5047.46490313            0.50000000        27255.39453125        36415.19531250         1012.99432373 
        5049.99610963            0.50000000        27240.39453125        36745.19531250         1030.99438477 
        5052.44194646            0.50000000        26889.39453125        36465.19531250         1019.99432373 
        5054.96822053            0.50000000        26933.39453125        36820.19531250         1062.99438477 
        5057.58558288            0.50000000        26852.39453125        37024.19531250         1078.99438477 
        5060.17989214            0.50000000        26684.39453125        37194.19531250         1100.99438477 
        5062.80314330            0.50000000        26521.39453125        37405.19531250         1087.99438477 
        5065.57534886            0.50000000        26537.39453125        37744.19531250         1112.99438477 
        5068.28300297            0.50000000        26381.39453125        37830.19531250         1118.99438477 
        5071.08788666            0.50000000        25938.39453125        37509.19531250         1102.99438477 
        5073.98511304            0.50000000        26157.39453125        38265.19531250         1120.99438477 
        5076.79688009            0.50000000        25951.39453125        38414.19531250         1114.99438477 
        5079.68548317            0.50000000        25585.39453125        38160.19531250         1058.99438477 
        5082.72998888            0.50000000        25598.39453125        38638.19531250         1025.99438477 
        5085.74165636            0.50000000        25440.39453125        38743.19531250         1015.99432373 
        5088.72561655            0.50000000        25500.39453125        39195.19531250          987.99432373 
        5091.85576252            0.50000000        25296.39453125        39174.19531250          966.99432373 
        5094.97954372            0.50000000        25018.39453125        39057.19531250          947.99432373 
        5098.08106438            0.50000000        24944.39453125        39292.19531250          973.99432373 
        5101.25552379            0.50000000        24734.39453125        39455.19531250         1008.99432373 
        5104.52971864            0.50000000        24535.39453125        39596.19531250         1074.99438477 
        5107.80849085            0.50000000        24351.39453125        39708.19531250         1086.99438477 
        5111.09184973            0.50000000        24425.39453125        40126.19531250         1099.99438477 
        5114.41707317            0.50000000        24232.39453125        40052.19531250         1095.99438477 
        5117.79499250            0.50000000        23944.39453125        39814.19531250         1096.99438477 
        5121.19378736            0.50000000        23676.39453125        39616.19531250         1080.99438477 
        5124.62423191            0.50000000        23387.39453125        39443.19531250         1075.99438477 
        5128.10251888            0.50000000        23673.39453125        40318.19531250         1106.99438477 
        5131.62348564            0.50000000        23340.39453125        40104.19531250         1091.99438477 
        5135.14971302            0.50000000        23171.39453125        40283.19531250         1112.99438477 
        5138.72962582            0.50000000        22942.39453125        40291.19531250         1101.99438477 
        5142.43349555            0.50000000        22930.39453125        40511.19531250         1077.99438477 
        5145.99747965            0.50000000        22399.39453125        40064.19531250         1048.99438477 
        5149.71274848            0.50000000        22268.39453125        40368.19531250         1025.99438477 
        5153.43926342            0.50000000        22226.39453125        40742.19531250         1043.99438477 
        5157.18248472            0.50000000        21971.39453125        40736.19531250         1040.99438477 
        5161.04021868            0.50000000        21812.39453125        41018.19531250         1075.99438477 
        5164.86615295            0.50000000        21452.39453125        40951.19531250         1080.99438477 
        5168.75272961            0.50000000        21389.39453125        41410.19531250         1095.99438477 
        5172.70568737            0.50000000        21103.39453125        41386.19531250         1114.99438477 
        5176.55043219            0.50000000        20635.39453125        41080.19531250         1115.99438477 
        5180.56015224            0.50000000        17185.39453125        34846.19531250          989.99432373 
        5184.55468336            0.50000000        20730.39453125        42120.19531250         1184.99438477 
        5188.55041144            0.50000000        20363.39453125        41979.19531250         1176.99438477 
        5192.71240326            0.50000000        19864.39453125        41513.19531250         1177.99438477 
        5196.83754631            0.50000000        19415.39453125        41058.19531250         1152.99438477 
        5200.95323931            0.50000000        19092.39453125        40844.19531250         1164.99438477 
        5205.14791567            0.50000000        18712.39453125        40594.19531250         1141.99438477 
        5208.92884851            0.50000000        18025.39453125        39607.19531250         1094.99438477 
