# 1-D Scan File created by LabVIEW Control Panel  12/6/2011  1:46:38 AM; Scan time 0 hrs 4 min 28 sec. 
#
# Beamline 20 BM
#
# Scan config: 
#                 E0: 4966.00 eV   223 points
#        Scan bounds:  -100.00 -30.00 40.00 243.35 (7.99 (k))
#       Scan step(s):  5.00 0.50 0.07
#  Integration times:  0.50 0.50 0.50    kwgt in EXAFS region: 0.0 
#
# User Comment:
# 50oC
#
#
# Amplifier Sensitivities:
# Preslit: 20 nA/V  I0: 20 nA/V  I: 100 pA/V  IREF: 50 pA/V  
#
# Analog Input Voltages at start/end of scan:
# Preslit: 0.033/0.032  I0: 0.512/0.290  Ignore: 0.013/0.009  I: 0.818/0.610  IREF: 0.226/0.140  
#
# Mono Info:
# 
#
# ID Info:
# 
#
# Slit Info:
# Kappa S1:  Center is at -542 (H), 500 (V)   Size is 8000 wide x 2000 high
# Vacuum Slits:  Center is at 850 (H), -25 (V)   Size is 899 wide x 1000 high
#
# Motor Positions:
# SMV (20bm:m29): -37594.243125 SMH (20bm:m30): 4802.187500 
#
# Detector Names/PVs:
# I0/20bm:scaler1_netA.C  I/20bm:scaler1_netA.E  IREF/20bm:scaler1_netA.F  
#
# Positioner names/Drive PVs/Readback PVs:
# Mono Energy */20bm:monoE.VAL/20bm:EnctoE.VAL  Scaler preset time */20bm:scaler1.TP/  
# Here is a readable list of column headings:
#  1) Mono Energy *        
#  2) Scaler preset time * 
#  3) I0                   
#  4) I                    
#  5) IREF                 
#
# Column Headings:
#Mono Energy *        Scaler preset time * I0                   I                    IREF                 
        4865.40090888            0.50000000        20927.39453125        35860.19531250         5055.99414062 
        4870.45241530            0.50000000        20689.39453125        35681.19531250         4969.99414062 
        4875.45311981            0.50000000        20606.39453125        35879.19531250         4921.99414062 
        4880.54201781            0.50000000        20460.39453125        36007.19531250         4820.99414062 
        4885.58960585            0.50000000        20271.39453125        35930.19531250         4709.99414062 
        4890.57624875            0.50000000        20168.39453125        36014.19531250         4662.99414062 
        4895.66602039            0.50000000        20027.39453125        36113.19531250         4589.99414062 
        4900.77713326            0.50000000        19952.39453125        36473.19531250         4589.99414062 
        4905.80760651            0.50000000        19791.39453125        36409.19531250         4519.99414062 
        4910.81531763            0.50000000        19737.39453125        36746.19531250         4469.99414062 
        4915.83425465            0.50000000        19443.39453125        36580.19531250         4349.99414062 
        4920.85956013            0.50000000        19466.39453125        37135.19531250         4411.99414062 
        4925.89123776            0.50000000        19339.39453125        37259.19531250         4331.99414062 
        4930.89979604            0.50000000        19283.39453125        37509.19531250         4326.99414062 
        4935.96879711            0.50000000        19122.39453125        37673.19531250         4263.99414062 
        4936.48125336            0.50000000        19339.39453125        38228.19531250         4363.99414062 
        4936.94946433            0.50000000        19369.39453125        38308.19531250         4352.99414062 
        4937.44735323            0.50000000        19401.39453125        38394.19531250         4331.99414062 
        4937.92562734            0.50000000        19242.39453125        38202.19531250         4290.99414062 
        4938.43852885            0.50000000        19290.39453125        38222.19531250         4373.99414062 
        4938.95154708            0.50000000        19273.39453125        38204.19531250         4335.99414062 
        4939.44494397            0.50000000        19226.39453125        38279.19531250         4328.99414062 
        4939.99274098            0.50000000        19239.39453125        38231.19531250         4317.99414062 
        4940.47649222            0.50000000        19197.39453125        38231.19531250         4302.99414062 
        4940.98009864            0.50000000        19234.39453125        38407.19531250         4354.99414062 
        4941.45418389            0.50000000        19169.39453125        38298.19531250         4306.99414062 
        4941.95306866            0.50000000        19175.39453125        38365.19531250         4299.99414062 
        4942.43724054            0.50000000        19292.39453125        38608.19531250         4339.99414062 
        4942.98082257            0.50000000        19158.39453125        38490.19531250         4307.99414062 
        4943.46521506            0.50000000        19115.39453125        38372.19531250         4277.99414062 
        4944.02882287            0.50000000        19214.39453125        38543.19531250         4307.99414062 
        4944.47387584            0.50000000        19054.39453125        38427.19531250         4269.99414062 
        4944.99816189            0.50000000        19054.39453125        38401.19531250         4293.99414062 
        4945.46814437            0.50000000        18987.39453125        38374.19531250         4249.99414062 
        4945.96791726            0.50000000        19003.39453125        38416.19531250         4226.99414062 
        4946.43810164            0.50000000        19152.39453125        38623.19531250         4296.99414062 
        4946.99255003            0.50000000        19041.39453125        38650.19531250         4298.99414062 
        4947.48275614            0.50000000        19061.39453125        38623.19531250         4288.99414062 
        4948.05232107            0.50000000        19071.39453125        38792.19531250         4333.99414062 
        4948.47835043            0.50000000        18994.39453125        38672.19531250         4304.99414062 
        4949.02338881            0.50000000        18978.39453125        38629.19531250         4283.99414062 
        4949.48429656            0.50000000        19042.39453125        38890.19531250         4330.99414062 
        4949.99487399            0.50000000        18963.39453125        38744.19531250         4273.99414062 
        4950.44606265            0.50000000        18974.39453125        38810.19531250         4279.99414062 
        4951.01637495            0.50000000        19119.39453125        39089.19531250         4330.99414062 
        4951.48761103            0.50000000        18979.39453125        38887.19531250         4299.99414062 
        4952.08299700            0.50000000        19061.39453125        39011.19531250         4324.99414062 
        4952.48993425            0.50000000        19011.39453125        38990.19531250         4285.99414062 
        4953.03097639            0.50000000        18975.39453125        38887.19531250         4289.99414062 
        4953.49270183            0.50000000        19066.39453125        39205.19531250         4295.99414062 
        4953.99921876            0.50000000        18992.39453125        39111.19531250         4280.99414062 
        4954.44623964            0.50000000        19010.39453125        39166.19531250         4283.99414062 
        4955.02253017            0.50000000        19039.39453125        39304.19531250         4300.99414062 
        4955.49460156            0.50000000        18913.39453125        39179.19531250         4268.99414062 
        4956.08607204            0.50000000        19002.39453125        39392.19531250         4313.99414062 
        4956.48875800            0.50000000        18828.39453125        39069.19531250         4257.99414062 
        4957.04070326            0.50000000        18957.39453125        39327.19531250         4297.99414062 
        4957.49329930            0.50000000        18940.39453125        39302.19531250         4276.99414062 
        4958.02558841            0.50000000        18877.39453125        39270.19531250         4263.99414062 
        4958.45350026            0.50000000        18938.39453125        39316.19531250         4238.99414062 
        4959.02583431            0.50000000        18949.39453125        39533.19531250         4252.99414062 
        4959.49376261            0.50000000        18845.39453125        39269.19531250         4243.99414062 
        4960.08129880            0.50000000        18924.39453125        39575.19531250         4290.99414062 
        4960.48469573            0.50000000        18838.39453125        39409.19531250         4269.99414062 
        4961.03263372            0.50000000        19034.39453125        39732.19531250         4254.99414062 
        4961.48602802            0.50000000        18752.39453125        39252.19531250         4245.99414062 
        4962.01925603            0.50000000        18985.39453125        39765.19531250         4267.99414062 
        4962.44293777            0.50000000        18723.39453125        39362.19531250         4174.99414062 
        4963.02126652            0.50000000        18997.39453125        39837.19531250         4209.99414062 
        4963.49500771            0.50000000        18726.39453125        39437.19531250         4099.99414062 
        4964.09355911            0.50000000        18792.39453125        39597.19531250         4123.99414062 
        4964.48270224            0.50000000        18708.39453125        39554.19531250         4072.99438477 
        4965.03659796            0.50000000        18772.39453125        39631.19531250         3954.99438477 
        4965.47581862            0.50000000        18677.39453125        39581.19531250         3713.99438477 
        4966.01997121            0.50000000        18731.39453125        39594.19531250         3246.99438477 
        4966.43441345            0.50000000        18683.39453125        39529.19531250         2605.99438477 
        4967.02375081            0.50000000        18732.39453125        39579.19531250         2259.99438477 
        4967.48334036            0.50000000        18607.39453125        39363.19531250         2372.99438477 
        4968.08294485            0.50000000        18694.39453125        39294.19531250         2687.99438477 
        4968.47277270            0.50000000        18544.39453125        39036.19531250         2768.99438477 
        4969.02764313            0.50000000        18702.39453125        39097.19531250         2762.99438477 
        4969.47263719            0.50000000        18552.39453125        38714.19531250         2636.99438477 
        4970.00774550            0.50000000        18653.39453125        38686.19531250         2548.99438477 
        4970.42291635            0.50000000        18580.39453125        38431.19531250         2410.99438477 
        4971.01328989            0.50000000        18610.39453125        38277.19531250         2336.99438477 
        4971.47368758            0.50000000        18534.39453125        38313.19531250         2272.99438477 
        4972.07434652            0.50000000        18616.39453125        38688.19531250         2274.99438477 
        4972.46485998            0.50000000        18530.39453125        38720.19531250         2204.99438477 
        4973.01569815            0.50000000        18593.39453125        38785.19531250         2154.99438477 
        4973.46147401            0.50000000        18464.39453125        38464.19531250         2024.99438477 
        4974.00253293            0.50000000        18558.39453125        38276.19531250         1928.99438477 
        4974.41843424            0.50000000        18510.39453125        37831.19531250         1831.99438477 
        4975.01485923            0.50000000        18563.39453125        37093.19531250         1732.99438477 
        4975.47105449            0.50000000        18417.39453125        36118.19531250         1595.99438477 
        4976.06775561            0.50000000        18635.39453125        35700.19531250         1559.99438477 
        4976.45895557            0.50000000        18401.39453125        34776.19531250         1469.99438477 
        4977.00574514            0.50000000        18610.39453125        34675.19531250         1420.99438477 
        4977.46233985            0.50000000        18398.39453125        33902.19531250         1349.99438477 
        4977.99933217            0.50000000        18568.39453125        33874.19531250         1314.99438477 
        4978.41596489            0.50000000        18385.39453125        33300.19531250         1244.99438477 
        4979.00339599            0.50000000        18488.39453125        33303.19531250         1245.99438477 
        4979.47043656            0.50000000        18374.39453125        32885.19531250         1169.99438477 
        4980.06818737            0.50000000        18523.39453125        32832.19531250         1168.99438477 
        4980.46510022            0.50000000        18371.39453125        32263.19335937         1134.99438477 
        4981.01787894            0.50000000        18351.39453125        31801.19335937         1077.99438477 
        4981.47527912            0.50000000        18430.39453125        31461.19335937         1073.99438477 
        4982.00316272            0.50000000        18334.39453125        30565.19335937         1040.99438477 
        4982.42052871            0.50000000        18369.39453125        29955.19335937         1044.99438477 
        4982.99893329            0.50000000        18400.39453125        29016.19335937         1039.99438477 
        4983.46679395            0.50000000        18258.39453125        27893.19335937         1007.99432373 
        4984.04043163            0.50000000        18361.39453125        26903.19335937          993.99432373 
        4984.45817096            0.50000000        18289.39453125        25891.19335937          955.99432373 
        4984.99681538            0.50000000        18272.39453125        24961.19335937          927.99432373 
        4985.46005067            0.50000000        18285.39453125        24329.19335937          933.99432373 
        4985.97374767            0.50000000        18173.39453125        23647.19335937          914.99432373 
        4986.41703024            0.50000000        18282.39453125        23451.19335937          931.99432373 
        4986.99141081            0.50000000        18183.39453125        23018.19335937          903.99432373 
        4987.46513168            0.50000000        18148.39453125        22932.19335937          935.99432373 
        4988.04985905            0.50000000        18256.39453125        23026.19335937          927.99432373 
        4988.46329124            0.50000000        18200.39453125        23224.19335937          942.99432373 
        4989.00288250            0.50000000        18274.39453125        23579.19335937          952.99432373 
        4989.46693217            0.50000000        18132.39453125        23798.19335937          928.99432373 
        4989.96639539            0.50000000        18138.39453125        24259.19335937          931.99432373 
        4990.41550109            0.50000000        18108.39453125        24694.19335937          942.99432373 
        4990.98584129            0.50000000        18084.39453125        25175.19335937          956.99432373 
        4991.46039215            0.50000000        17999.39453125        25517.19335937          918.99432373 
        4992.02089308            0.50000000        18072.39453125        26214.19335937          943.99432373 
        4992.46030081            0.50000000        17992.39453125        26489.19335937          952.99432373 
        4992.98568077            0.50000000        17945.39453125        26670.19335937          928.99432373 
        4993.45559407            0.50000000        18016.39453125        26968.19335937          947.99432373 
        4993.94076728            0.50000000        17876.39453125        26844.19335937          954.99432373 
        4994.42604354            0.50000000        17924.39453125        27034.19335937          946.99432373 
        4994.96198916            0.50000000        18006.39453125        27150.19335937          949.99432373 
        4995.44748237            0.50000000        17893.39453125        26910.19335937          929.99432373 
        4996.00390349            0.50000000        17809.39453125        26726.19335937          907.99432373 
        4996.47443794            0.50000000        17943.39453125        26760.19335937          936.99432373 
        4996.97543589            0.50000000        17886.39453125        26583.19335937          911.99432373 
        4997.45629475            0.50000000        17776.39453125        26244.19335937          885.99432373 
        4997.92206499            0.50000000        17848.39453125        26089.19335937          873.99432373 
        4998.44363774            0.50000000        17773.39453125        25761.19335937          844.99432373 
        4998.95013286            0.50000000        17647.39453125        25336.19335937          840.99432373 
        4999.45167354            0.50000000        17790.39453125        25370.19335937          825.99432373 
        4999.99386642            0.50000000        17845.39453125        25288.19335937          842.99432373 
        5000.48549814            0.50000000        17757.39453125        25093.19335937          835.99432373 
        5000.96709552            0.50000000        17701.39453125        24981.19335937          819.99432373 
        5001.46907854            0.50000000        17848.39453125        25147.19335937          826.99432373 
        5001.92045021            0.50000000        17733.39453125        25147.19335937          808.99432373 
        5002.45308181            0.50000000        17671.39453125        25144.19335937          818.99432373 
        5002.91987043            0.50000000        17563.39453125        25167.19335937          803.99432373 
        5003.45781011            0.50000000        17691.39453125        25608.19335937          794.99432373 
        5003.97049288            0.50000000        17484.39453125        25546.19335937          793.99432373 
        5004.50360162            0.50000000        17571.39453125        25951.19335937          800.99432373 
        5004.94033552            0.50000000        17451.39453125        26078.19335937          785.99432373 
        5005.46351015            0.50000000        17614.39453125        26548.19335937          806.99432373 
        5005.91566990            0.50000000        17448.39453125        26690.19335937          800.99432373 
        5007.58791178            0.50000000        17463.39453125        27699.19335937          829.99432373 
        5009.39367596            0.50000000        17429.39453125        28434.19335937          862.99432373 
        5011.19577056            0.50000000        17282.39453125        28675.19335937          873.99432373 
        5013.01457191            0.50000000        17193.39453125        28729.19335937          881.99432373 
        5014.82971498            0.50000000        17082.39453125        28532.19335937          884.99432373 
        5016.80965250            0.50000000        17055.39453125        28510.19335937          883.99432373 
        5018.75042204            0.50000000        16949.39453125        28482.19335937          894.99432373 
        5020.78999541            0.50000000        16887.39453125        28789.19335937          893.99432373 
        5022.78019484            0.50000000        16842.39453125        29042.19335937          886.99432373 
        5024.86945353            0.50000000        16670.39453125        29037.19335937          894.99432373 
        5026.90933386            0.50000000        16673.39453125        29120.19335937          892.99432373 
        5029.05366799            0.50000000        16439.39453125        28735.19335937          860.99432373 
        5031.19486261            0.50000000        16491.39453125        28787.19335937          841.99432373 
        5033.46145744            0.50000000        16458.39453125        28620.19335937          826.99432373 
        5035.73542923            0.50000000        16290.39355469        28027.19335937          756.99432373 
        5038.00649172            0.50000000        16203.39355469        27592.19335937          756.99432373 
        5040.25916073            0.50000000        15986.39355469        27111.19335937          696.99432373 
        5042.64309213            0.50000000        15960.39355469        27147.19335937          713.99432373 
        5045.10700638            0.50000000        15868.39355469        27279.19335937          701.99432373 
        5047.43903596            0.50000000        15734.39355469        27330.19335937          676.99432373 
        5049.97539323            0.50000000        15672.39355469        27431.19335937          714.99432373 
        5052.42639273            0.50000000        15443.39355469        27244.19335937          731.99432373 
        5054.94226943            0.50000000        15391.39355469        27425.19335937          757.99432373 
        5057.56999460            0.50000000        15279.39355469        27385.19335937          750.99432373 
        5060.16428642            0.50000000        15163.39355469        27423.19335937          763.99432373 
        5062.79272772            0.50000000        15045.39355469        27581.19335937          763.99432373 
        5065.55970684            0.50000000        14997.39355469        27747.19335937          765.99432373 
        5068.26212267            0.50000000        14873.39355469        27720.19335937          774.99432373 
        5071.07220752            0.50000000        14551.39355469        27461.19335937          765.99432373 
        5073.96418151            0.50000000        14651.39355469        27873.19335937          771.99432373 
        5076.78116247            0.50000000        14438.39355469        27898.19335937          763.99432373 
        5079.66450037            0.50000000        14100.39355469        27396.19335937          723.99432373 
        5082.70897868            0.50000000        14085.39355469        27763.19335937          692.99432373 
        5085.72587834            0.50000000        13926.39355469        27754.19335937          669.99432373 
        5088.70455233            0.50000000        13935.39355469        27940.19335937          676.99432373 
        5091.83994316            0.50000000        13785.39355469        27923.19335937          650.99432373 
        5094.95842309            0.50000000        13563.39355469        27717.19335937          647.99432373 
        5098.05991575            0.50000000        13488.39355469        27872.19335937          664.99432373 
        5101.23964079            0.50000000        13320.39355469        27934.19335937          700.99432373 
        5104.51381344            0.50000000        13161.39355469        27916.19335937          728.99432373 
        5107.78725428            0.50000000        13022.39355469        27876.19335937          731.99432373 
        5111.07058345            0.50000000        13095.39355469        28200.19335937          737.99432373 
        5114.40110086            0.50000000        12982.39355469        28090.19335937          718.99432373 
        5117.77899722            0.50000000        12698.39355469        27869.19335937          721.99432373 
        5121.18310842            0.50000000        12454.39355469        27553.19335937          716.99432373 
        5124.60284295            0.50000000        12247.39355469        27093.19335937          692.99432373 
        5128.08109834            0.50000000        12422.39355469        27852.19335937          722.99432373 
        5131.60739622            0.50000000        12100.39355469        27412.19335937          710.99432373 
        5135.13359955            0.50000000        12015.39355469        27674.19335937          726.99432373 
        5138.70810864            0.50000000        11871.39355469        27528.19335937          695.99432373 
        5142.41733236            0.50000000        11805.39355469        27650.19335937          690.99432373 
        5145.98129210            0.50000000        11366.39355469        27007.19335937          677.99432373 
        5149.69653553            0.50000000        11334.39355469        27209.19335937          675.99432373 
        5153.42843777            0.50000000        11224.39355469        27197.19335937          656.99432373 
        5157.17164198            0.50000000        10963.39355469        27023.19335937          674.99432373 
        5161.04021868            0.50000000        10889.39355469        27173.19335937          688.99432373 
        5164.84439729            0.50000000        10561.39355469        26801.19335937          691.99432373 
        5168.74183397            0.50000000        10451.39355469        26924.19335937          680.99432373 
        5172.69477363            0.50000000        10222.39355469        26569.19335937          703.99432373 
        5176.53950083            0.50000000         9952.39355469        26404.19335937          720.99432373 
        5180.54920250            0.50000000         8106.39404297        21805.19335937          597.99432373 
        5184.53823127            0.50000000         9821.39355469        26562.19335937          719.99432373 
        5188.52843863            0.50000000         9612.39355469        26468.19335937          725.99432373 
        5192.70139770            0.50000000         9331.39355469        25931.19335937          715.99432373 
        5196.82652178            0.50000000         9041.39355469        25373.19335937          715.99432373 
        5200.94219583            0.50000000         8796.39355469        25002.19335937          687.99432373 
        5205.14238426            0.50000000         8489.39355469        24446.19335937          687.99432373 
        5208.92330839            0.50000000         8093.39404297        23520.19335937          658.99432373 
