# 1-D Scan File created by LabVIEW Control Panel  12/6/2011  5:27:36 AM; Scan time 0 hrs 4 min 28 sec. 
#
# Beamline 20 BM
#
# Scan config: 
#                 E0: 4966.00 eV   223 points
#        Scan bounds:  -100.00 -30.00 40.00 243.35 (7.99 (k))
#       Scan step(s):  5.00 0.50 0.07
#  Integration times:  0.50 0.50 0.50    kwgt in EXAFS region: 0.0 
#
# User Comment:
# 50oC
#
#
# Amplifier Sensitivities:
# Preslit: 20 nA/V  I0: 20 nA/V  I: 100 pA/V  IREF: 50 pA/V  
#
# Analog Input Voltages at start/end of scan:
# Preslit: 0.033/0.031  I0: 0.349/0.170  Ignore: 0.008/0.005  I: 0.658/0.325  IREF: 0.204/0.132  
#
# Mono Info:
# 
#
# ID Info:
# 
#
# Slit Info:
# Kappa S1:  Center is at -542 (H), 500 (V)   Size is 8000 wide x 2000 high
# Vacuum Slits:  Center is at 850 (H), -25 (V)   Size is 899 wide x 1000 high
#
# Motor Positions:
# SMV (20bm:m29): -37594.243125 SMH (20bm:m30): 4802.187500 
#
# Detector Names/PVs:
# I0/20bm:scaler1_netA.C  I/20bm:scaler1_netA.E  IREF/20bm:scaler1_netA.F  
#
# Positioner names/Drive PVs/Readback PVs:
# Mono Energy */20bm:monoE.VAL/20bm:EnctoE.VAL  Scaler preset time */20bm:scaler1.TP/  
# Here is a readable list of column headings:
#  1) Mono Energy *        
#  2) Scaler preset time * 
#  3) I0                   
#  4) I                    
#  5) IREF                 
#
# Column Headings:
#Mono Energy *        Scaler preset time * I0                   I                    IREF                 
        4865.39136160            0.50000000        12482.39355469        27791.19335937         3840.99438477 
        4870.45241530            0.50000000        12305.39355469        27600.19335937         3780.99438477 
        4875.46271053            0.50000000        12155.39355469        27441.19335937         3713.99438477 
        4880.54201781            0.50000000        11990.39355469        27282.19335937         3582.99438477 
        4885.58960585            0.50000000        11817.39355469        27182.19335937         3537.99438477 
        4890.57624875            0.50000000        11741.39355469        27216.19335937         3495.99438477 
        4895.66118128            0.50000000        11597.39355469        27084.19335937         3445.99438477 
        4900.76743286            0.50000000        11485.39355469        27130.19335937         3339.99438477 
        4905.79788426            0.50000000        11330.39355469        26900.19335937         3316.99438477 
        4910.80557360            0.50000000        11239.39355469        27040.19335937         3278.99438477 
        4915.82448876            0.50000000        10997.39355469        26748.19335937         3142.99438477 
        4920.84977234            0.50000000        11002.39355469        27065.19335937         3157.99438477 
        4925.88633288            0.50000000        10838.39355469        26855.19335937         3106.99438477 
        4930.89488023            0.50000000        10719.39355469        26839.19335937         3062.99438477 
        4935.96879711            0.50000000        10613.39355469        26846.19335937         3030.99438477 
        4936.47632534            0.50000000        10654.39355469        27080.19335937         3056.99438477 
        4936.94946433            0.50000000        10698.39355469        27239.19335937         3074.99438477 
        4937.44242310            0.50000000        10673.39355469        27185.19335937         3069.99438477 
        4937.92069616            0.50000000        10549.39355469        26951.19335937         3009.99438477 
        4938.43359654            0.50000000        10640.39355469        27129.19335937         3053.99438477 
        4938.94661366            0.50000000        10584.39355469        26903.19335937         3047.99438477 
        4939.44494397            0.50000000        10550.39355469        26994.19335937         3034.99438477 
        4939.98780527            0.50000000        10538.39355469        26854.19335937         3021.99438477 
        4940.47155546            0.50000000        10592.39355469        27101.19335937         3078.99438477 
        4940.97516077            0.50000000        10565.39355469        27195.19335937         3060.99438477 
        4941.44430609            0.50000000        10492.39355469        26994.19335937         3000.99438477 
        4941.94318868            0.50000000        10496.39355469        27021.19335937         3060.99438477 
        4942.43229949            0.50000000        10595.39355469        27292.19335937         3051.99438477 
        4942.97093809            0.50000000        10478.39355469        27026.19335937         3066.99438477 
        4943.45532845            0.50000000        10461.39355469        26976.19335937         3004.99438477 
        4944.01893380            0.50000000        10478.39355469        27033.19335937         3037.99438477 
        4944.46893032            0.50000000        10454.39355469        26998.19335937         3032.99438477 
        4944.99816189            0.50000000        10422.39355469        26962.19335937         2994.99438477 
        4945.46319667            0.50000000        10330.39355469        26778.19335937         2992.99438477 
        4945.96296847            0.50000000        10385.39355469        26935.19335937         2988.99438477 
        4946.43315182            0.50000000        10449.39355469        27039.19335937         2987.99438477 
        4946.98759899            0.50000000        10402.39355469        27083.19335937         3000.99438477 
        4947.46294777            0.50000000        10394.39355469        27023.19335937         2991.99438477 
        4948.04736771            0.50000000        10395.39355469        27049.19335937         3009.99438477 
        4948.47339614            0.50000000        10317.39355469        26920.19335937         2997.99438477 
        4949.01843333            0.50000000        10316.39355469        26965.19335937         3005.99438477 
        4949.47438357            0.50000000        10361.39355469        27108.19335937         3005.99438477 
        4949.98495877            0.50000000        10331.39355469        27089.19335937         2997.99438477 
        4950.44110404            0.50000000        10320.39355469        27023.19335937         2970.99438477 
        4951.01141509            0.50000000        10419.39355469        27301.19335937         3001.99438477 
        4951.47768926            0.50000000        10321.39355469        27088.19335937         2975.99438477 
        4952.07307262            0.50000000        10380.39355469        27169.19335937         3007.99438477 
        4952.48497116            0.50000000        10372.39355469        27216.19335937         2988.99438477 
        4953.02601211            0.50000000        10365.39355469        27196.19335937         2979.99438477 
        4953.48277126            0.50000000        10375.39355469        27325.19335937         3021.99438477 
        4953.99425236            0.50000000        10312.39355469        27233.19335937         3000.99438477 
        4954.44623964            0.50000000        10293.39355469        27123.19335937         2956.99438477 
        4955.02253017            0.50000000        10328.39355469        27353.19335937         2970.99438477 
        4955.48466220            0.50000000        10248.39355469        27161.19335937         2966.99438477 
        4956.07613008            0.50000000        10332.39355469        27435.19335937         2991.99438477 
        4956.48378613            0.50000000        10150.39355469        26945.19335937         2940.99438477 
        4957.03075711            0.50000000        10223.39355469        27112.19335937         2947.99438477 
        4957.48832523            0.50000000        10207.39355469        27075.19335937         2946.99438477 
        4958.02061316            0.50000000        10196.39355469        27142.19335937         2941.99438477 
        4958.44354790            0.50000000        10145.39355469        26933.19335937         2922.99438477 
        4959.01587944            0.50000000        10209.39355469        27177.19335937         2966.99438477 
        4959.48878414            0.50000000        10141.39355469        27005.19335937         2917.99438477 
        4960.07631904            0.50000000        10159.39355469        27213.19335937         2944.99438477 
        4960.48469573            0.50000000        10096.39355469        27025.19335937         2887.99438477 
        4961.03263372            0.50000000        10270.39355469        27469.19335937         2957.99438477 
        4961.48104517            0.50000000        10052.39355469        26937.19335937         2891.99438477 
        4962.01925603            0.50000000        10255.39355469        27474.19335937         2915.99438477 
        4962.43795282            0.50000000        10043.39355469        26951.19335937         2869.99438477 
        4963.02126652            0.50000000        10250.39355469        27467.19335937         2922.99438477 
        4963.49500771            0.50000000        10038.39355469        27015.19335937         2824.99438477 
        4964.08857053            0.50000000        10073.39355469        27089.19335937         2815.99438477 
        4964.48270224            0.50000000        10099.39355469        27295.19335937         2784.99438477 
        4965.02661666            0.50000000        10119.39355469        27289.19335937         2746.99438477 
        4965.47581862            0.50000000        10026.39355469        27149.19335937         2591.99438477 
        4966.01497839            0.50000000        10100.39355469        27241.19335937         2254.99438477 
        4966.43441345            0.50000000         9974.39355469        27058.19335937         1798.99438477 
        4967.01376077            0.50000000        10106.39355469        27223.19335937         1546.99438477 
        4967.47834432            0.50000000         9998.39355469        27031.19335937         1624.99438477 
        4968.07295014            0.50000000        10040.39355469        26933.19335937         1856.99438477 
        4968.46277628            0.50000000        10020.39355469        26880.19335937         1927.99438477 
        4969.01764427            0.50000000        10055.39355469        26777.19335937         1894.99438477 
        4969.46763678            0.50000000         9985.39355469        26782.19335937         1825.99438477 
        4970.00774550            0.50000000        10042.39355469        26516.19335937         1745.99438477 
        4970.41791384            0.50000000         9972.39355469        25951.19335937         1637.99438477 
        4971.00828608            0.50000000        10007.39355469        25435.19335937         1546.99438477 
        4971.47368758            0.50000000         9936.39355469        25393.19335937         1537.99438477 
        4972.07434652            0.50000000         9999.39355469        25774.19335937         1523.99438477 
        4972.45985297            0.50000000         9916.39355469        26003.19335937         1505.99438477 
        4973.01569815            0.50000000         9977.39355469        26410.19335937         1482.99438477 
        4973.46648323            0.50000000         9895.39355469        26355.19335937         1405.99438477 
        4974.00253293            0.50000000         9884.39355469        26141.19335937         1322.99438477 
        4974.41342293            0.50000000         9905.39355469        26216.19335937         1251.99438477 
        4975.00984661            0.50000000         9939.39355469        26158.19335937         1198.99438477 
        4975.46102724            0.50000000         9864.39355469        26093.19335937         1148.99438477 
        4976.06274067            0.50000000         9996.39355469        26222.19335937         1107.99438477 
        4976.45393976            0.50000000         9811.39355469        25509.19335937         1039.99438477 
        4977.00574514            0.50000000         9979.39355469        25519.19335937         1002.99432373 
        4977.46233985            0.50000000         9831.39355469        24683.19335937          932.99432373 
        4977.98929377            0.50000000         9931.39355469        24427.19335937          926.99432373 
        4978.40592465            0.50000000         9796.39355469        23758.19335937          884.99432373 
        4978.99335316            0.50000000         9905.39355469        23717.19335937          847.99432373 
        4979.46039167            0.50000000         9803.39355469        23104.19335937          826.99432373 
        4980.05813984            0.50000000         9883.39355469        22639.19335937          787.99432373 
        4980.45505094            0.50000000         9755.39355469        21832.19335937          758.99432373 
        4981.00782722            0.50000000         9746.39355469        21201.19335937          730.99432373 
        4981.46019853            0.50000000         9783.39355469        20886.19335937          733.99432373 
        4981.98807863            0.50000000         9723.39355469        20398.19335937          708.99432373 
        4982.40544186            0.50000000         9728.39355469        20139.19335937          690.99432373 
        4982.98887282            0.50000000         9741.39355469        19845.19335937          687.99432373 
        4983.45673142            0.50000000         9661.39355469        19537.19335937          676.99432373 
        4984.03036657            0.50000000         9700.39355469        19339.19335937          671.99432373 
        4984.45817096            0.50000000         9720.39355469        19120.19335937          661.99432373 
        4984.99681538            0.50000000         9679.39355469        18850.19335937          666.99432373 
        4985.44997933            0.50000000         9673.39355469        18470.19335937          683.99432373 
        4985.96871086            0.50000000         9611.39355469        17965.19335937          645.99432373 
        4986.41199245            0.50000000         9651.39355469        17630.19335937          636.99432373 
        4986.98133271            0.50000000         9612.39355469        17135.19335937          641.99432373 
        4987.45505149            0.50000000         9596.39355469        16802.19335937          645.99432373 
        4988.04481765            0.50000000         9637.39355469        16368.19433594          663.99432373 
        4988.45320663            0.50000000         9518.39355469        15925.19433594          631.99432373 
        4988.99279551            0.50000000         9589.39355469        15748.19433594          629.99432373 
        4989.45684313            0.50000000         9486.39355469        15344.19433594          624.99432373 
        4989.95125854            0.50000000         9456.39355469        15213.19433594          616.99432373 
        4990.41045447            0.50000000         9489.39355469        15327.19433594          596.99432373 
        4990.98079340            0.50000000         9475.39355469        15601.19433594          620.99432373 
        4991.45029430            0.50000000         9434.39355469        15933.19433594          612.99432373 
        4992.01079275            0.50000000         9445.39355469        16506.19335937          618.99432373 
        4992.45019853            0.50000000         9382.39355469        16800.19335937          643.99432373 
        4992.98062847            0.50000000         9363.39355469        17149.19335937          624.99432373 
        4993.44548739            0.50000000         9429.39355469        17572.19335937          645.99432373 
        4993.92560406            0.50000000         9322.39355469        17539.19335937          626.99432373 
        4994.41593257            0.50000000         9385.39355469        17802.19335937          643.99432373 
        4994.95693249            0.50000000         9416.39355469        17859.19335937          638.99432373 
        4995.43736688            0.50000000         9404.39355469        17939.19335937          630.99432373 
        4995.98872657            0.50000000         9266.39355469        17697.19335937          620.99432373 
        4996.46937791            0.50000000         9354.39355469        17841.19335937          610.99432373 
        4996.96025252            0.50000000         9282.39355469        17650.19335937          635.99432373 
        4997.44617036            0.50000000         9217.39355469        17535.19335937          592.99432373 
        4997.91193854            0.50000000         9248.39355469        17463.19335937          587.99432373 
        4998.43350898            0.50000000         9200.39355469        17222.19335937          578.99432373 
        4998.94506736            0.50000000         9117.39355469        16926.19335937          583.99432373 
        4999.43647372            0.50000000         9247.39355469        17010.19335937          585.99432373 
        4999.97866300            0.50000000         9253.39355469        16792.19335937          565.99432373 
        5000.48042923            0.50000000         9189.39355469        16506.19335937          562.99432373 
        5000.95695558            0.50000000         9127.39355469        16285.19433594          547.99432373 
        5001.46400746            0.50000000         9261.39355469        16313.19433594          576.99432373 
        5001.92045021            0.50000000         9182.39355469        16253.19433594          564.99432373 
        5002.44293529            0.50000000         9157.39355469        16136.19433594          561.99432373 
        5002.91479613            0.50000000         9089.39355469        16090.19433594          558.99432373 
        5003.45273462            0.50000000         9143.39355469        16299.19433594          527.99432373 
        5003.95526303            0.50000000         9031.39355469        16264.19433594          522.99432373 
        5004.49344601            0.50000000         9048.39355469        16437.19335937          533.99432373 
        5004.93525674            0.50000000         8980.39355469        16512.19335937          513.99432373 
        5005.45843021            0.50000000         9084.39355469        16807.19335937          542.99432373 
        5005.91058895            0.50000000         8982.39355469        16806.19335937          540.99432373 
        5007.58282713            0.50000000         8935.39355469        17285.19335937          535.99432373 
        5009.39367596            0.50000000         8898.39355469        17710.19335937          554.99432373 
        5011.19067790            0.50000000         8741.39355469        17785.19335937          578.99432373 
        5013.00947521            0.50000000         8731.39355469        18048.19335937          586.99432373 
        5014.82971498            0.50000000         8628.39355469        18119.19335937          570.99432373 
        5016.80454738            0.50000000         8595.39355469        18320.19335937          577.99432373 
        5018.75042204            0.50000000         8504.39355469        18288.19335937          593.99432373 
        5020.78999541            0.50000000         8450.39355469        18289.19335937          588.99432373 
        5022.77507644            0.50000000         8412.39355469        18282.19335937          561.99432373 
        5024.87457660            0.50000000         8316.39355469        18226.19335937          579.99432373 
        5026.91446147            0.50000000         8245.39355469        18095.19335937          566.99432373 
        5029.06393276            0.50000000         8082.39404297        17783.19335937          544.99432373 
        5031.19999976            0.50000000         8112.39404297        17815.19335937          536.99432373 
        5033.47174186            0.50000000         8025.39404297        17699.19335937          519.99432373 
        5035.74572380            0.50000000         7936.39404297        17481.19335937          493.99432373 
        5038.01679641            0.50000000         7892.39404297        17349.19335937          471.99432373 
        5040.26431810            0.50000000         7734.39404297        16971.19335937          452.99432373 
        5042.65858025            0.50000000         7750.39404297        16895.19335937          448.99432373 
        5045.11734279            0.50000000         7696.39404297        16846.19335937          442.99432373 
        5047.45455623            0.50000000         7619.39404297        16973.19335937          441.99432373 
        5049.99093051            0.50000000         7572.39404297        17039.19335937          454.99432373 
        5052.43157729            0.50000000         7392.39404297        16867.19335937          443.99432373 
        5054.95264984            0.50000000         7386.39404297        16921.19335937          475.99432373 
        5057.57519068            0.50000000         7267.39404297        16729.19335937          471.99432373 
        5060.16428642            0.50000000         7167.39404297        16508.19335937          469.99432373 
        5062.79272772            0.50000000         7048.39404297        16436.19335937          464.99432373 
        5065.55970684            0.50000000         7017.39404297        16383.19433594          459.99432373 
        5068.26212267            0.50000000         6930.39404297        16407.19335937          472.99432373 
        5071.07220752            0.50000000         6726.39404297        16111.19433594          472.99432373 
        5073.96418151            0.50000000         6776.39404297        16313.19433594          480.99432373 
        5076.78116247            0.50000000         6621.39404297        16197.19433594          459.99432373 
        5079.66974605            0.50000000         6418.39404297        15876.19433594          434.99432373 
        5082.71423121            0.50000000         6371.39404297        16002.19433594          421.99432373 
        5085.72587834            0.50000000         6243.39404297        15789.19433594          401.99432373 
        5088.70981837            0.50000000         6230.39404297        15760.19433594          399.99432373 
        5091.84521627            0.50000000         6113.39404297        15746.19433594          367.99432373 
        5094.96370323            0.50000000         5960.39404297        15589.19433594          356.99432373 
        5098.05991575            0.50000000         5932.39404297        15671.19433594          382.99432373 
        5101.23964079            0.50000000         5835.39404297        15682.19433594          387.99432373 
        5104.50851173            0.50000000         5709.39404297        15532.19433594          419.99432373 
        5107.78725428            0.50000000         5645.39404297        15507.19433594          403.99432373 
        5111.07058345            0.50000000         5645.39404297        15532.19433594          418.99432373 
        5114.40110086            0.50000000         5595.39404297        15468.19433594          416.99432373 
        5117.77899722            0.50000000         5422.39404297        15271.19433594          414.99432373 
        5121.18310842            0.50000000         5294.39404297        15124.19433594          406.99432373 
        5124.60284295            0.50000000         5220.39404297        14854.19433594          405.99432373 
        5128.08645346            0.50000000         5274.39404297        15302.19433594          425.99432373 
        5131.61812249            0.50000000         5103.39404297        14798.19433594          410.99432373 
        5135.14434185            0.50000000         5051.39404297        14908.19433594          398.99432373 
        5138.72424650            0.50000000         4932.39404297        14674.19433594          402.99432373 
        5142.42810781            0.50000000         4873.39404297        14560.19433594          378.99432373 
        5145.98668794            0.50000000         4662.39404297        14248.19433594          378.99432373 
        5149.70734415            0.50000000         4612.39404297        14208.19433594          379.99432373 
        5153.42843777            0.50000000         4553.39404297        14089.19433594          366.99432373 
        5157.18248472            0.50000000         4443.39404297        14035.19433594          373.99432373 
        5161.04564888            0.50000000         4364.39404297        13978.19433594          370.99432373 
        5164.85527509            0.50000000         4204.39404297        13644.19433594          358.99432373 
        5168.74728178            0.50000000         4148.39404297        13619.19433594          378.99432373 
        5172.70568737            0.50000000         3996.39404297        13154.19433594          369.99432373 
        5176.55043219            0.50000000         3868.39404297        13029.19433594          380.99432373 
        5180.56015224            0.50000000         3105.39404297        10606.19433594          328.99432373 
        5184.54919932            0.50000000         3747.39404297        12860.19433594          377.99432373 
        5188.53942501            0.50000000         3631.39404297        12708.19433594          370.99432373 
        5192.70690048            0.50000000         3472.39404297        12240.19433594          350.99432373 
        5196.83203404            0.50000000         3322.39404297        11846.19433594          331.99432373 
        5200.94219583            0.50000000         3201.39404297        11530.19433594          324.99432373 
        5205.15344710            0.50000000         3057.39404297        11118.19433594          301.99432373 
        5208.92884851            0.50000000         2859.39404297        10437.19433594          310.99432373 
