# 1-D Scan File created by LabVIEW Control Panel  12/6/2011  12:16:16 AM; Scan time 0 hrs 4 min 28 sec. 
#
# Beamline 20 BM
#
# Scan config: 
#                 E0: 4966.00 eV   223 points
#        Scan bounds:  -100.00 -30.00 40.00 243.35 (7.99 (k))
#       Scan step(s):  5.00 0.50 0.07
#  Integration times:  0.50 0.50 0.50    kwgt in EXAFS region: 0.0 
#
# User Comment:
# 50oC
#
#
# Amplifier Sensitivities:
# Preslit: 20 nA/V  I0: 20 nA/V  I: 100 pA/V  IREF: 50 pA/V  
#
# Analog Input Voltages at start/end of scan:
# Preslit: 0.034/0.031  I0: 0.626/0.427  Ignore: 0.016/0.011  I: 0.880/0.786  IREF: 0.232/0.144  
#
# Mono Info:
# 
#
# ID Info:
# 
#
# Slit Info:
# Kappa S1:  Center is at -542 (H), 500 (V)   Size is 8000 wide x 2000 high
# Vacuum Slits:  Center is at 850 (H), -25 (V)   Size is 899 wide x 1000 high
#
# Motor Positions:
# SMV (20bm:m29): -37594.243125 SMH (20bm:m30): 4802.187500 
#
# Detector Names/PVs:
# I0/20bm:scaler1_netA.C  I/20bm:scaler1_netA.E  IREF/20bm:scaler1_netA.F  
#
# Positioner names/Drive PVs/Readback PVs:
# Mono Energy */20bm:monoE.VAL/20bm:EnctoE.VAL  Scaler preset time */20bm:scaler1.TP/  
# Here is a readable list of column headings:
#  1) Mono Energy *        
#  2) Scaler preset time * 
#  3) I0                   
#  4) I                    
#  5) IREF                 
#
# Column Headings:
#Mono Energy *        Scaler preset time * I0                   I                    IREF                 
        4865.41045621            0.50000000        26434.39453125        38788.19531250         5451.99414062 
        4870.46198442            0.50000000        26267.39453125        38898.19531250         5471.99414062 
        4875.47230129            0.50000000        26153.39453125        39032.19531250         5352.99414062 
        4880.54682416            0.50000000        26018.39453125        39180.19531250         5248.99414062 
        4885.59442313            0.50000000        25837.39453125        39207.19531250         5144.99414062 
        4890.59073303            0.50000000        25800.39453125        39513.19531250         5132.99414062 
        4895.67569864            0.50000000        25681.39453125        39708.19531250         5055.99414062 
        4900.79168393            0.50000000        25619.39453125        40082.19531250         4986.99414062 
        4905.81732881            0.50000000        25526.39453125        40291.19531250         5003.99414062 
        4910.82506171            0.50000000        25424.39453125        40581.19531250         4945.99414062 
        4915.83913761            0.50000000        25074.39453125        40529.19531250         4841.99414062 
        4920.86934797            0.50000000        25153.39453125        41070.19531250         4824.99414062 
        4925.90104755            0.50000000        25103.39453125        41420.19531250         4821.99414062 
        4930.90962771            0.50000000        25030.39453125        41885.19531250         4802.99414062 
        4935.97865094            0.50000000        24956.39453125        42095.19531250         4812.99414062 
        4936.48618139            0.50000000        25076.39453125        42468.19531250         4823.99414062 
        4936.95932245            0.50000000        25102.39453125        42471.19531250         4844.99414062 
        4937.45721353            0.50000000        25100.39453125        42619.19531250         4862.99414062 
        4937.94042094            0.50000000        24958.39453125        42487.19531250         4792.99414062 
        4938.44839348            0.50000000        25035.39453125        42483.19531250         4821.99414062 
        4938.96141396            0.50000000        25021.39453125        42534.19531250         4803.99414062 
        4939.45481300            0.50000000        24954.39453125        42596.19531250         4794.99414062 
        4940.00754815            0.50000000        24970.39453125        42595.19531250         4798.99414062 
        4940.48142899            0.50000000        24977.39453125        42655.19531250         4842.99414062 
        4940.98997440            0.50000000        25009.39453125        42803.19531250         4829.99414062 
        4941.45912280            0.50000000        24881.39453125        42614.19531250         4784.99414062 
        4941.96294868            0.50000000        24925.39453125        42745.19531250         4745.99414062 
        4942.44218161            0.50000000        25030.39453125        43043.19531250         4803.99414062 
        4942.99070709            0.50000000        24881.39453125        42826.19531250         4804.99414062 
        4943.47510170            0.50000000        24884.39453125        42838.19531250         4771.99414062 
        4944.03376742            0.50000000        24934.39453125        43036.19531250         4762.99414062 
        4944.48376690            0.50000000        24799.39453125        42827.19531250         4775.99414062 
        4945.00805525            0.50000000        24868.39453125        42928.19531250         4783.99414062 
        4945.47803978            0.50000000        24853.39453125        42969.19531250         4776.99414062 
        4945.97286606            0.50000000        24884.39453125        43063.19531250         4795.99414062 
        4946.44305147            0.50000000        24988.39453125        43210.19531250         4817.99414062 
        4947.00740320            0.50000000        24974.39453125        43375.19531250         4838.99414062 
        4947.49266039            0.50000000        24905.39453125        43319.19531250         4811.99414062 
        4948.06222782            0.50000000        24913.39453125        43366.19531250         4828.99414062 
        4948.48825905            0.50000000        24856.39453125        43373.19531250         4835.99414062 
        4949.02834431            0.50000000        24874.39453125        43431.19531250         4844.99414062 
        4949.49420959            0.50000000        24926.39453125        43602.19531250         4835.99414062 
        4950.00478926            0.50000000        24839.39453125        43459.19531250         4830.99414062 
        4950.45597990            0.50000000        24846.39453125        43565.19531250         4800.99414062 
        4951.02629470            0.50000000        25019.39453125        43885.19531250         4852.99414062 
        4951.49753284            0.50000000        24899.39453125        43656.19531250         4833.99414062 
        4952.09292143            0.50000000        24975.39453125        43883.19531250         4842.99414062 
        4952.49489735            0.50000000        24942.39453125        43857.19531250         4854.99414062 
        4953.04090498            0.50000000        24898.39453125        43791.19531250         4854.99414062 
        4953.50263245            0.50000000        24969.39453125        43989.19531250         4840.99414062 
        4954.01908448            0.50000000        24900.39453125        43994.19531250         4809.99414062 
        4954.45617444            0.50000000        24913.39453125        43965.19531250         4840.99414062 
        4955.03246750            0.50000000        25026.39453125        44310.19531250         4871.99414062 
        4955.50454097            0.50000000        24857.39453125        44049.19531250         4835.99414062 
        4956.10098505            0.50000000        24964.39453125        44348.19531250         4864.99414062 
        4956.50367367            0.50000000        24745.39453125        43994.19531250         4787.99414062 
        4957.05064945            0.50000000        24825.39453125        44171.19531250         4818.99414062 
        4957.50822159            0.50000000        24817.39453125        44126.19531250         4836.99414062 
        4958.04548949            0.50000000        24836.39453125        44298.19531250         4811.99414062 
        4958.46345266            0.50000000        24807.39453125        44244.19531250         4800.99414062 
        4959.03578922            0.50000000        24847.39453125        44464.19531250         4804.99414062 
        4959.50869808            0.50000000        24741.39453125        44279.19531250         4801.99414062 
        4960.09623814            0.50000000        24815.39453125        44384.19531250         4801.99414062 
        4960.50461843            0.50000000        24705.39453125        44341.19531250         4771.99414062 
        4961.05256124            0.50000000        24888.39453125        44670.19531250         4827.99414062 
        4961.50595952            0.50000000        24565.39453125        44127.19531250         4724.99414062 
        4962.03919222            0.50000000        24871.39453125        44701.19531250         4789.99414062 
        4962.46287769            0.50000000        24586.39453125        44265.19531250         4702.99414062 
        4963.03123900            0.50000000        24905.39453125        44902.19531250         4800.99414062 
        4963.50996957            0.50000000        24558.39453125        44326.19531250         4682.99414062 
        4964.10852492            0.50000000        24718.39453125        44635.19531250         4665.99414062 
        4964.50266010            0.50000000        24587.39453125        44568.19531250         4614.99414062 
        4965.04657931            0.50000000        24698.39453125        44741.19531250         4494.99414062 
        4965.49578522            0.50000000        24565.39453125        44625.19531250         4243.99414062 
        4966.03494973            0.50000000        24701.39453125        44832.19531250         3706.99438477 
        4966.44939471            0.50000000        24551.39453125        44637.19531250         2948.99438477 
        4967.03374090            0.50000000        24593.39453125        44425.19531250         2577.99438477 
        4967.50332462            0.50000000        24493.39453125        44356.19531250         2691.99438477 
        4968.09793699            0.50000000        24598.39453125        44448.19531250         3064.99438477 
        4968.48776741            0.50000000        24527.39453125        44257.19531250         3182.99438477 
        4969.03764204            0.50000000        24629.39453125        44168.19531250         3153.99438477 
        4969.48263806            0.50000000        24534.39453125        43965.19531250         3025.99438477 
        4970.02275036            0.50000000        24591.39453125        43796.19531250         2895.99438477 
        4970.43792395            0.50000000        24482.39453125        43470.19531250         2756.99438477 
        4971.02830139            0.50000000        24556.39453125        43418.19531250         2650.99438477 
        4971.49370698            0.50000000        24454.39453125        43499.19531250         2598.99438477 
        4972.08936502            0.50000000        24548.39453125        43887.19531250         2588.99438477 
        4972.47487403            0.50000000        24444.39453125        43829.19531250         2548.99438477 
        4973.03072288            0.50000000        24511.39453125        43901.19531250         2459.99438477 
        4973.48151094            0.50000000        24394.39453125        43642.19531250         2336.99438477 
        4974.01756418            0.50000000        24510.39453125        43440.19531250         2217.99438477 
        4974.43346825            0.50000000        24428.39453125        42797.19531250         2081.99438477 
        4975.02488452            0.50000000        24439.39453125        41784.19531250         1960.99438477 
        4975.48108179            0.50000000        24385.39453125        40920.19531250         1858.99438477 
        4976.07277057            0.50000000        24549.39453125        40247.19531250         1775.99438477 
        4976.46898723            0.50000000        24271.39453125        39181.19531250         1658.99438477 
        4977.02581332            0.50000000        24534.39453125        39105.19531250         1624.99438477 
        4977.48241205            0.50000000        24294.39453125        38307.19531250         1543.99438477 
        4978.01438986            0.50000000        24522.39453125        38313.19531250         1517.99438477 
        4978.42600518            0.50000000        24257.39453125        37701.19531250         1437.99438477 
        4979.01343887            0.50000000        24380.39453125        37563.19531250         1415.99438477 
        4979.48550398            0.50000000        24271.39453125        37158.19531250         1383.99438477 
        4980.07823494            0.50000000        24399.39453125        37110.19531250         1329.99438477 
        4980.47514955            0.50000000        24208.39453125        36437.19531250         1325.99438477 
        4981.02793070            0.50000000        24271.39453125        36132.19531250         1280.99438477 
        4981.48030601            0.50000000        24303.39453125        35592.19531250         1263.99438477 
        4982.00819077            0.50000000        24254.39453125        34753.19531250         1212.99438477 
        4982.43058667            0.50000000        24259.39453125        33947.19531250         1218.99438477 
        4983.00899379            0.50000000        24311.39453125        32825.19531250         1182.99438477 
        4983.48188783            0.50000000        24096.39453125        31521.19335937         1163.99438477 
        4984.05552931            0.50000000        24234.39453125        30279.19335937         1145.99438477 
        4984.47327141            0.50000000        24202.39453125        29281.19335937         1104.99438477 
        4985.01191939            0.50000000        24166.39453125        28141.19335937         1084.99438477 
        4985.47515775            0.50000000        24148.39453125        27406.19335937         1110.99438477 
        4985.99389500            0.50000000        24050.39453125        26652.19335937         1096.99438477 
        4986.43214366            0.50000000        24184.39453125        26495.19335937         1092.99438477 
        4987.00148895            0.50000000        24112.39453125        26059.19335937         1076.99438477 
        4987.47521192            0.50000000        24084.39453125        26024.19335937         1078.99438477 
        4988.05490045            0.50000000        24144.39453125        26133.19335937         1103.99438477 
        4988.47337588            0.50000000        24035.39453125        26274.19335937         1054.99438477 
        4989.00792601            0.50000000        24070.39453125        26647.19335937         1093.99438477 
        4989.47197671            0.50000000        23911.39453125        26977.19335937         1082.99438477 
        4989.98153235            0.50000000        23928.39453125        27542.19335937         1079.99438477 
        4990.42559437            0.50000000        23963.39453125        28215.19335937         1103.99438477 
        4990.99593709            0.50000000        23978.39453125        28832.19335937         1102.99438477 
        4991.47049005            0.50000000        23850.39453125        29195.19335937         1125.99438477 
        4992.03604366            0.50000000        23908.39453125        29855.19335937         1137.99438477 
        4992.47040313            0.50000000        23829.39453125        30130.19335937         1126.99438477 
        4992.99578542            0.50000000        23797.39453125        30446.19335937         1123.99438477 
        4993.47075418            0.50000000        23882.39453125        30789.19335937         1139.99438477 
        4993.95593060            0.50000000        23792.39453125        30780.19335937         1136.99438477 
        4994.43615456            0.50000000        23780.39453125        30856.19335937         1118.99438477 
        4994.98221599            0.50000000        23933.39453125        31046.19335937         1135.99438477 
        4995.45759791            0.50000000        23824.39453125        30901.19335937         1132.99438477 
        4996.01402149            0.50000000        23718.39453125        30622.19335937         1134.99438477 
        4996.48455802            0.50000000        23863.39453125        30625.19335937         1111.99438477 
        4996.98555820            0.50000000        23829.39453125        30456.19335937         1108.99438477 
        4997.47148141            0.50000000        23734.39453125        30070.19335937         1084.99438477 
        4997.93725475            0.50000000        23897.39453125        30082.19335937         1097.99438477 
        4998.44870213            0.50000000        23771.39453125        29618.19335937         1045.99438477 
        4998.96532945            0.50000000        23674.39453125        29184.19335937         1046.99438477 
        4999.45674017            0.50000000        23892.39453125        29292.19335937         1043.99438477 
        4999.99893425            0.50000000        23883.39453125        29107.19335937         1034.99438477 
        5000.49563599            0.50000000        23808.39453125        29023.19335937         1003.99432373 
        5000.97723550            0.50000000        23710.39453125        28794.19335937          997.99432373 
        5001.47922075            0.50000000        23900.39453125        29090.19335937         1010.99432373 
        5001.93566654            0.50000000        23795.39453125        29117.19335937         1008.99432373 
        5002.45815509            0.50000000        23785.39453125        29251.19335937         1009.99432373 
        5002.93509340            0.50000000        23605.39453125        29217.19335937          979.99432373 
        5003.46288562            0.50000000        23758.39453125        29653.19335937         1009.99432373 
        5003.98064617            0.50000000        23536.39453125        29639.19335937          988.99432373 
        5004.50867945            0.50000000        23640.39453125        30184.19335937          997.99432373 
        5004.95557193            0.50000000        23507.39453125        30321.19335937          975.99432373 
        5005.47875003            0.50000000        23705.39453125        30866.19335937         1005.99432373 
        5005.92583181            0.50000000        23507.39453125        31014.19335937         1004.99432373 
        5007.59808111            0.50000000        23550.39453125        32245.19335937         1015.99432373 
        5009.39876463            0.50000000        23495.39453125        33072.19531250         1037.99438477 
        5011.20086323            0.50000000        23307.39453125        33399.19531250         1071.99438477 
        5013.02476533            0.50000000        23186.39453125        33436.19531250         1078.99438477 
        5014.83481572            0.50000000        23087.39453125        33231.19531250         1073.99438477 
        5016.80965250            0.50000000        23033.39453125        33185.19531250         1077.99438477 
        5018.74531260            0.50000000        22917.39453125        33189.19531250         1065.99438477 
        5020.78999541            0.50000000        22870.39453125        33515.19531250         1075.99438477 
        5022.78019484            0.50000000        22903.39453125        34014.19531250         1102.99438477 
        5024.86945353            0.50000000        22766.39453125        34142.19531250         1101.99438477 
        5026.91446147            0.50000000        22737.39453125        34232.19531250         1074.99438477 
        5029.05880037            0.50000000        22465.39453125        33818.19531250         1042.99438477 
        5031.19999976            0.50000000        22498.39453125        33838.19531250         1032.99438477 
        5033.46659965            0.50000000        22507.39453125        33687.19531250          992.99432373 
        5035.73542923            0.50000000        22368.39453125        33050.19531250          956.99432373 
        5038.00649172            0.50000000        22264.39453125        32625.19335937          913.99432373 
        5040.26431810            0.50000000        22038.39453125        32108.19335937          899.99432373 
        5042.64309213            0.50000000        22058.39453125        32287.19335937          880.99432373 
        5045.10700638            0.50000000        21955.39453125        32436.19335937          862.99432373 
        5047.45455623            0.50000000        21765.39453125        32528.19335937          872.99432373 
        5049.98575141            0.50000000        21792.39453125        32818.19531250          905.99432373 
        5052.43676187            0.50000000        21447.39453125        32433.19335937          901.99432373 
        5054.95784006            0.50000000        21458.39453125        32778.19531250          931.99432373 
        5057.57519068            0.50000000        21328.39453125        32839.19531250          945.99432373 
        5060.16948832            0.50000000        21211.39453125        33030.19531250          954.99432373 
        5062.79793550            0.50000000        21083.39453125        33211.19531250          961.99432373 
        5065.57013484            0.50000000        20996.39453125        33384.19531250          967.99432373 
        5068.27256280            0.50000000        20908.39453125        33461.19531250          975.99432373 
        5071.07743389            0.50000000        20472.39453125        33142.19531250          943.99432373 
        5073.96941438            0.50000000        20665.39453125        33768.19531250          974.99432373 
        5076.79164087            0.50000000        20475.39453125        33900.19531250          949.99432373 
        5079.68023745            0.50000000        20079.39453125        33535.19531250          911.99432373 
        5082.72473631            0.50000000        20056.39453125        33824.19531250          898.99432373 
        5085.73639701            0.50000000        19880.39453125        33855.19531250          855.99432373 
        5088.72035048            0.50000000        19922.39453125        34241.19531250          844.99432373 
        5091.85048939            0.50000000        19721.39453125        34143.19531250          805.99432373 
        5094.97954372            0.50000000        19489.39453125        34054.19531250          813.99432373 
        5098.08106438            0.50000000        19476.39453125        34395.19531250          844.99432373 
        5101.25022945            0.50000000        19324.39453125        34510.19531250          864.99432373 
        5104.52971864            0.50000000        19132.39453125        34646.19531250          895.99432373 
        5107.80318169            0.50000000        18946.39453125        34589.19531250          902.99432373 
        5111.09184973            0.50000000        18971.39453125        34879.19531250          936.99432373 
        5114.41174906            0.50000000        18840.39453125        34879.19531250          924.99432373 
        5117.78432897            0.50000000        18479.39453125        34514.19531250          918.99432373 
        5121.18844788            0.50000000        18176.39453125        34179.19531250          920.99432373 
        5124.61888465            0.50000000        18022.39453125        34018.19531250          920.99432373 
        5128.09716373            0.50000000        18149.39453125        34676.19531250          945.99432373 
        5131.61812249            0.50000000        17855.39453125        34399.19531250          914.99432373 
        5135.14434185            0.50000000        17655.39453125        34458.19531250          922.99432373 
        5138.72424650            0.50000000        17498.39453125        34498.19531250          918.99432373 
        5142.42272008            0.50000000        17482.39453125        34784.19531250          899.99432373 
        5145.98668794            0.50000000        16927.39453125        34123.19531250          858.99432373 
        5149.70193983            0.50000000        16902.39453125        34497.19531250          854.99432373 
        5153.42843777            0.50000000        16824.39453125        34609.19531250          847.99432373 
        5157.18248472            0.50000000        16549.39453125        34589.19531250          862.99432373 
        5161.04564888            0.50000000        16359.39355469        34659.19531250          886.99432373 
        5164.85527509            0.50000000        15991.39355469        34419.19531250          882.99432373 
        5168.74728178            0.50000000        15862.39355469        34574.19531250          899.99432373 
        5172.69477363            0.50000000        15687.39355469        34667.19531250          930.99432373 
        5176.54496650            0.50000000        15205.39355469        34092.19531250          926.99432373 
        5180.55467736            0.50000000        12601.39355469        28714.19335937          822.99432373 
        5184.54371529            0.50000000        15217.39355469        34850.19531250          952.99432373 
        5188.53942501            0.50000000        14941.39355469        34785.19531250          981.99432373 
        5192.70139770            0.50000000        14578.39355469        34315.19531250          968.99432373 
        5196.83203404            0.50000000        14214.39355469        33847.19531250          937.99432373 
        5200.94771756            0.50000000        13906.39355469        33590.19531250          948.99432373 
        5205.14238426            0.50000000        13550.39355469        33145.19531250          915.99432373 
        5208.92330839            0.50000000        13050.39355469        32354.19335937          897.99432373 
