# 1-D Scan File created by LabVIEW Control Panel  12/6/2011  2:51:56 AM; Scan time 0 hrs 4 min 28 sec. 
#
# Beamline 20 BM
#
# Scan config: 
#                 E0: 4966.00 eV   223 points
#        Scan bounds:  -100.00 -30.00 40.00 243.35 (7.99 (k))
#       Scan step(s):  5.00 0.50 0.07
#  Integration times:  0.50 0.50 0.50    kwgt in EXAFS region: 0.0 
#
# User Comment:
# 50oC
#
#
# Amplifier Sensitivities:
# Preslit: 20 nA/V  I0: 20 nA/V  I: 100 pA/V  IREF: 50 pA/V  
#
# Analog Input Voltages at start/end of scan:
# Preslit: 0.034/0.031  I0: 0.455/0.226  Ignore: 0.012/0.007  I: 0.777/0.519  IREF: 0.218/0.136  
#
# Mono Info:
# 
#
# ID Info:
# 
#
# Slit Info:
# Kappa S1:  Center is at -542 (H), 500 (V)   Size is 8000 wide x 2000 high
# Vacuum Slits:  Center is at 850 (H), -25 (V)   Size is 899 wide x 1000 high
#
# Motor Positions:
# SMV (20bm:m29): -37594.243125 SMH (20bm:m30): 4802.187500 
#
# Detector Names/PVs:
# I0/20bm:scaler1_netA.C  I/20bm:scaler1_netA.E  IREF/20bm:scaler1_netA.F  
#
# Positioner names/Drive PVs/Readback PVs:
# Mono Energy */20bm:monoE.VAL/20bm:EnctoE.VAL  Scaler preset time */20bm:scaler1.TP/  
# Here is a readable list of column headings:
#  1) Mono Energy *        
#  2) Scaler preset time * 
#  3) I0                   
#  4) I                    
#  5) IREF                 
#
# Column Headings:
#Mono Energy *        Scaler preset time * I0                   I                    IREF                 
        4865.39613524            0.50000000        17840.39453125        33764.19531250         4685.99414062 
        4870.45241530            0.50000000        17651.39453125        33646.19531250         4623.99414062 
        4875.46750590            0.50000000        17561.39453125        33745.19531250         4522.99414062 
        4880.53721146            0.50000000        17364.39453125        33765.19531250         4447.99414062 
        4885.59442313            0.50000000        17195.39453125        33693.19531250         4327.99414062 
        4890.58107683            0.50000000        17092.39453125        33775.19531250         4299.99414062 
        4895.66118128            0.50000000        16988.39453125        33913.19531250         4265.99414062 
        4900.77228306            0.50000000        16900.39453125        34142.19531250         4180.99414062 
        4905.80760651            0.50000000        16728.39453125        34053.19531250         4133.99414062 
        4910.81531763            0.50000000        16635.39453125        34255.19531250         4093.99438477 
        4915.82937170            0.50000000        16358.39355469        34102.19531250         3968.99438477 
        4920.85466623            0.50000000        16399.39453125        34489.19531250         4036.99438477 
        4925.88633288            0.50000000        16251.39355469        34584.19531250         3981.99438477 
        4930.89979604            0.50000000        16193.39355469        34884.19531250         3973.99438477 
        4935.97372402            0.50000000        16005.39355469        34856.19531250         3929.99438477 
        4936.47632534            0.50000000        16138.39355469        35350.19531250         3975.99438477 
        4936.94946433            0.50000000        16103.39355469        35180.19531250         3988.99438477 
        4937.44735323            0.50000000        16108.39355469        35283.19531250         3948.99438477 
        4937.92562734            0.50000000        15984.39355469        35077.19531250         3936.99438477 
        4938.43852885            0.50000000        16071.39355469        35179.19531250         3938.99438477 
        4938.95154708            0.50000000        16070.39355469        35261.19531250         3964.99438477 
        4939.44494397            0.50000000        16010.39355469        35249.19531250         3947.99438477 
        4939.99274098            0.50000000        16028.39355469        35298.19531250         3948.99438477 
        4940.47155546            0.50000000        16005.39355469        35239.19531250         3958.99438477 
        4940.98009864            0.50000000        15989.39355469        35402.19531250         3959.99438477 
        4941.44924499            0.50000000        15865.39355469        35138.19531250         3910.99438477 
        4941.94812866            0.50000000        15922.39355469        35310.19531250         3936.99438477 
        4942.43724054            0.50000000        15988.39355469        35397.19531250         3950.99438477 
        4942.97588032            0.50000000        15897.39355469        35320.19531250         3929.99438477 
        4943.46521506            0.50000000        15863.39355469        35204.19531250         3910.99438477 
        4944.02882287            0.50000000        15942.39355469        35457.19531250         3963.99438477 
        4944.47387584            0.50000000        15812.39355469        35278.19531250         3914.99438477 
        4944.99816189            0.50000000        15835.39355469        35307.19531250         3893.99438477 
        4945.46814437            0.50000000        15744.39355469        35128.19531250         3892.99438477 
        4945.96791726            0.50000000        15796.39355469        35362.19531250         3909.99438477 
        4946.43315182            0.50000000        15824.39355469        35270.19531250         3878.99438477 
        4946.99255003            0.50000000        15779.39355469        35350.19531250         3905.99438477 
        4947.48275614            0.50000000        15793.39355469        35419.19531250         3931.99438477 
        4948.05232107            0.50000000        15800.39355469        35540.19531250         3955.99438477 
        4948.47835043            0.50000000        15724.39355469        35466.19531250         3914.99438477 
        4949.02338881            0.50000000        15714.39355469        35442.19531250         3918.99438477 
        4949.48429656            0.50000000        15743.39355469        35564.19531250         3933.99438477 
        4949.99487399            0.50000000        15708.39355469        35559.19531250         3925.99438477 
        4950.44606265            0.50000000        15727.39355469        35573.19531250         3922.99438477 
        4951.01637495            0.50000000        15822.39355469        35791.19531250         3932.99438477 
        4951.48761103            0.50000000        15746.39355469        35715.19531250         3938.99438477 
        4952.07803480            0.50000000        15749.39355469        35632.19531250         3943.99438477 
        4952.48497116            0.50000000        15757.39355469        35749.19531250         3929.99438477 
        4953.03097639            0.50000000        15736.39355469        35667.19531250         3907.99438477 
        4953.49270183            0.50000000        15768.39355469        35925.19531250         3901.99438477 
        4954.00418517            0.50000000        15665.39355469        35761.19531250         3887.99438477 
        4954.44623964            0.50000000        15665.39355469        35686.19531250         3904.99438477 
        4955.02253017            0.50000000        15819.39355469        36126.19531250         3952.99438477 
        4955.48963188            0.50000000        15656.39355469        35873.19531250         3912.99438477 
        4956.08607204            0.50000000        15810.39355469        36205.19531250         3937.99438477 
        4956.48875800            0.50000000        15657.39355469        35921.19531250         3877.99438477 
        4957.03573018            0.50000000        15680.39355469        35967.19531250         3885.99438477 
        4957.49329930            0.50000000        15691.39355469        36016.19531250         3912.99438477 
        4958.01563793            0.50000000        15692.39355469        36035.19531250         3900.99438477 
        4958.44354790            0.50000000        15637.39355469        35978.19531250         3893.99438477 
        4959.02085687            0.50000000        15704.39355469        36223.19531250         3907.99438477 
        4959.49376261            0.50000000        15615.39355469        36015.19531250         3862.99438477 
        4960.08129880            0.50000000        15686.39355469        36316.19531250         3899.99438477 
        4960.48967639            0.50000000        15572.39355469        36023.19531250         3873.99438477 
        4961.03761559            0.50000000        15811.39355469        36549.19531250         3922.99438477 
        4961.48602802            0.50000000        15505.39355469        36010.19531250         3817.99438477 
        4962.01925603            0.50000000        15772.39355469        36607.19531250         3915.99438477 
        4962.43795282            0.50000000        15522.39355469        36082.19531250         3816.99438477 
        4963.02126652            0.50000000        15743.39355469        36525.19531250         3872.99438477 
        4963.49500771            0.50000000        15488.39355469        36104.19531250         3783.99438477 
        4964.08857053            0.50000000        15556.39355469        36253.19531250         3753.99438477 
        4964.48270224            0.50000000        15502.39355469        36246.19531250         3697.99438477 
        4965.02661666            0.50000000        15543.39355469        36253.19531250         3612.99438477 
        4965.47581862            0.50000000        15470.39355469        36243.19531250         3409.99438477 
        4966.01497839            0.50000000        15536.39355469        36307.19531250         3011.99438477 
        4966.42941972            0.50000000        15461.39355469        36241.19531250         2386.99438477 
        4967.01376077            0.50000000        15478.39355469        36091.19531250         2022.99438477 
        4967.47834432            0.50000000        15382.39355469        35980.19531250         2145.99438477 
        4968.08294485            0.50000000        15501.39355469        36168.19531250         2445.99438477 
        4968.46777448            0.50000000        15392.39355469        35862.19531250         2540.99438477 
        4969.01764427            0.50000000        15511.39355469        35935.19531250         2548.99438477 
        4969.46763678            0.50000000        15407.39355469        35648.19531250         2425.99438477 
        4970.00774550            0.50000000        15466.39355469        35486.19531250         2311.99438477 
        4970.42291635            0.50000000        15376.39355469        35231.19531250         2180.99438477 
        4971.00828608            0.50000000        15440.39355469        35158.19531250         2097.99438477 
        4971.47368758            0.50000000        15332.39355469        35116.19531250         2047.99438477 
        4972.07434652            0.50000000        15419.39355469        35448.19531250         2053.99438477 
        4972.45484597            0.50000000        15319.39355469        35385.19531250         2011.99438477 
        4973.01569815            0.50000000        15410.39355469        35549.19531250         1958.99438477 
        4973.46648323            0.50000000        15319.39355469        35423.19531250         1858.99438477 
        4973.99752254            0.50000000        15329.39355469        35039.19531250         1759.99438477 
        4974.41342293            0.50000000        15285.39355469        34644.19531250         1652.99438477 
        4975.00984661            0.50000000        15330.39355469        33904.19531250         1566.99438477 
        4975.46604086            0.50000000        15266.39355469        33252.19531250         1477.99438477 
        4976.05772573            0.50000000        15432.39355469        32767.19335937         1403.99438477 
        4976.45393976            0.50000000        15187.39355469        31806.19335937         1321.99438477 
        4977.01076217            0.50000000        15358.39355469        31737.19335937         1300.99438477 
        4977.46233985            0.50000000        15208.39355469        31084.19335937         1209.99438477 
        4977.99431297            0.50000000        15365.39355469        31103.19335937         1178.99438477 
        4978.40592465            0.50000000        15164.39355469        30465.19335937         1135.99438477 
        4978.99335316            0.50000000        15279.39355469        30495.19335937         1091.99438477 
        4979.46541411            0.50000000        15169.39355469        30043.19335937         1063.99438477 
        4980.06316360            0.50000000        15340.39355469        30132.19335937         1054.99438477 
        4980.45505094            0.50000000        15181.39355469        29556.19335937         1029.99438477 
        4981.01285307            0.50000000        15147.39355469        29087.19335937         1004.99432373 
        4981.47025225            0.50000000        15207.39355469        28683.19335937          981.99432373 
        4981.99310665            0.50000000        15115.39355469        27937.19335937          952.99432373 
        4982.41549975            0.50000000        15134.39355469        27346.19335937          940.99432373 
        4982.99390305            0.50000000        15183.39355469        26494.19335937          917.99432373 
        4983.46176268            0.50000000        15023.39355469        25473.19335937          877.99432373 
        4984.03539909            0.50000000        15112.39355469        24567.19335937          885.99432373 
        4984.45313750            0.50000000        15092.39355469        23754.19335937          892.99432373 
        4984.99681538            0.50000000        15065.39355469        22909.19335937          865.99432373 
        4985.45501500            0.50000000        15049.39355469        22262.19335937          855.99432373 
        4985.97878448            0.50000000        14963.39355469        21617.19335937          843.99432373 
        4986.41703024            0.50000000        15039.39355469        21424.19335937          852.99432373 
        4986.98637175            0.50000000        14936.39355469        21033.19335937          828.99432373 
        4987.46009158            0.50000000        14993.39355469        20989.19335937          826.99432373 
        4988.03977627            0.50000000        15031.39355469        21088.19335937          836.99432373 
        4988.45824893            0.50000000        14919.39355469        21049.19335937          831.99432373 
        4988.99279551            0.50000000        14973.39355469        21348.19335937          822.99432373 
        4989.46188765            0.50000000        14863.39355469        21569.19335937          803.99432373 
        4989.96134976            0.50000000        14859.39355469        22013.19335937          856.99432373 
        4990.41045447            0.50000000        14844.39355469        22383.19335937          818.99432373 
        4990.97574553            0.50000000        14832.39355469        22791.19335937          868.99432373 
        4991.45029430            0.50000000        14801.39355469        23248.19335937          851.99432373 
        4992.01584291            0.50000000        14827.39355469        23807.19335937          874.99432373 
        4992.45019853            0.50000000        14752.39355469        23984.19335937          880.99432373 
        4992.98062847            0.50000000        14706.39355469        24202.19335937          874.99432373 
        4993.45054073            0.50000000        14796.39355469        24549.19335937          863.99432373 
        4993.93065845            0.50000000        14675.39355469        24460.19335937          860.99432373 
        4994.41593257            0.50000000        14694.39355469        24595.19335937          872.99432373 
        4994.95693249            0.50000000        14770.39355469        24667.19335937          863.99432373 
        4995.44242462            0.50000000        14714.39355469        24580.19335937          870.99432373 
        4995.98872657            0.50000000        14567.39355469        24242.19335937          839.99432373 
        4996.46937791            0.50000000        14711.39355469        24361.19335937          835.99432373 
        4996.97037476            0.50000000        14679.39355469        24136.19335937          831.99432373 
        4997.45123255            0.50000000        14547.39355469        23790.19335937          830.99432373 
        4997.91700176            0.50000000        14673.39355469        23776.19335937          815.99432373 
        4998.43857335            0.50000000        14605.39355469        23502.19335937          811.99432373 
        4998.95013286            0.50000000        14512.39355469        23104.19335937          795.99432373 
        4999.44660692            0.50000000        14674.39355469        23163.19335937          793.99432373 
        4999.98879861            0.50000000        14647.39355469        22990.19335937          762.99432373 
        5000.48549814            0.50000000        14538.39355469        22808.19335937          758.99432373 
        5000.96202554            0.50000000        14524.39355469        22696.19335937          753.99432373 
        5001.46907854            0.50000000        14664.39355469        22898.19335937          753.99432373 
        5001.92552231            0.50000000        14558.39355469        22901.19335937          773.99432373 
        5002.44800855            0.50000000        14514.39355469        22894.19335937          758.99432373 
        5002.91479613            0.50000000        14396.39355469        22843.19335937          765.99432373 
        5003.45273462            0.50000000        14526.39355469        23318.19335937          771.99432373 
        5003.96541625            0.50000000        14328.39355469        23140.19335937          750.99432373 
        5004.49852381            0.50000000        14426.39355469        23576.19335937          754.99432373 
        5004.94033552            0.50000000        14309.39355469        23672.19335937          736.99432373 
        5005.46351015            0.50000000        14460.39355469        24129.19335937          747.99432373 
        5005.90550802            0.50000000        14304.39355469        24172.19335937          732.99432373 
        5007.58282713            0.50000000        14287.39355469        25143.19335937          749.99432373 
        5009.38858730            0.50000000        14301.39355469        25764.19335937          770.99432373 
        5011.19067790            0.50000000        14153.39355469        26023.19335937          776.99432373 
        5013.01457191            0.50000000        14062.39355469        26047.19335937          783.99432373 
        5014.82461425            0.50000000        13964.39355469        25850.19335937          796.99432373 
        5016.80965250            0.50000000        13958.39355469        25824.19335937          799.99432373 
        5018.74020318            0.50000000        13806.39355469        25708.19335937          800.99432373 
        5020.78488144            0.50000000        13790.39355469        26014.19335937          813.99432373 
        5022.77507644            0.50000000        13764.39355469        26285.19335937          812.99432373 
        5024.86433048            0.50000000        13564.39355469        26130.19335937          793.99432373 
        5026.90420627            0.50000000        13566.39355469        26290.19335937          786.99432373 
        5029.04853562            0.50000000        13364.39355469        25897.19335937          769.99432373 
        5031.18972547            0.50000000        13408.39355469        25888.19335937          758.99432373 
        5033.45631525            0.50000000        13351.39355469        25719.19335937          707.99432373 
        5035.72513472            0.50000000        13221.39355469        25188.19335937          674.99432373 
        5038.00133939            0.50000000        13191.39355469        24861.19335937          660.99432373 
        5040.25400337            0.50000000        12969.39355469        24308.19335937          630.99432373 
        5042.64309213            0.50000000        12952.39355469        24385.19335937          628.99432373 
        5045.10700638            0.50000000        12842.39355469        24442.19335937          626.99432373 
        5047.44938279            0.50000000        12728.39355469        24492.19335937          640.99432373 
        5049.97539323            0.50000000        12706.39355469        24645.19335937          650.99432373 
        5052.42639273            0.50000000        12453.39355469        24319.19335937          630.99432373 
        5054.94745963            0.50000000        12412.39355469        24505.19335937          679.99432373 
        5057.56999460            0.50000000        12274.39355469        24434.19335937          662.99432373 
        5060.16428642            0.50000000        12215.39355469        24534.19335937          681.99432373 
        5062.79272772            0.50000000        12099.39355469        24622.19335937          680.99432373 
        5065.55970684            0.50000000        12002.39355469        24588.19335937          687.99432373 
        5068.26212267            0.50000000        11873.39355469        24495.19335937          694.99432373 
        5071.06698117            0.50000000        11540.39355469        24212.19335937          679.99432373 
        5073.96418151            0.50000000        11666.39355469        24626.19335937          702.99432373 
        5076.78116247            0.50000000        11431.39355469        24439.19335937          666.99432373 
        5079.66974605            0.50000000        11159.39355469        24088.19335937          644.99432373 
        5082.71423121            0.50000000        11126.39355469        24325.19335937          638.99432373 
        5085.72587834            0.50000000        10947.39355469        24172.19335937          591.99432373 
        5088.70455233            0.50000000        10994.39355469        24448.19335937          591.99432373 
        5091.83467007            0.50000000        10797.39355469        24237.19335937          581.99432373 
        5094.95842309            0.50000000        10671.39355469        24198.19335937          549.99432373 
        5098.06520289            0.50000000        10549.39355469        24162.19335937          597.99432373 
        5101.24493511            0.50000000        10402.39355469        24143.19335937          619.99432373 
        5104.51381344            0.50000000        10277.39355469        24219.19335937          622.99432373 
        5107.78194517            0.50000000        10144.39355469        24154.19335937          638.99432373 
        5111.07058345            0.50000000        10152.39355469        24291.19335937          633.99432373 
        5114.39577678            0.50000000        10056.39355469        24175.19335937          632.99432373 
        5117.77899722            0.50000000         9877.39355469        24059.19335937          646.99432373 
        5121.18310842            0.50000000         9680.39355469        23824.19335937          632.99432373 
        5124.60284295            0.50000000         9496.39355469        23401.19335937          629.99432373 
        5128.08109834            0.50000000         9591.39355469        23923.19335937          636.99432373 
        5131.60739622            0.50000000         9383.39355469        23581.19335937          625.99432373 
        5135.13359955            0.50000000         9212.39355469        23579.19335937          621.99432373 
        5138.71348792            0.50000000         9080.39355469        23388.19335937          604.99432373 
        5142.41733236            0.50000000         9093.39355469        23646.19335937          613.99432373 
        5145.98129210            0.50000000         8675.39355469        22955.19335937          575.99432373 
        5149.69113124            0.50000000         8649.39355469        23122.19335937          565.99432373 
        5153.42302496            0.50000000         8528.39355469        23010.19335937          565.99432373 
        5157.17706334            0.50000000         8414.39355469        23023.19335937          560.99432373 
        5161.02392815            0.50000000         8294.39355469        22938.19335937          561.99432373 
        5164.84439729            0.50000000         8000.39404297        22616.19335937          577.99432373 
        5168.74183397            0.50000000         7933.39404297        22741.19335937          590.99432373 
        5172.68931678            0.50000000         7729.39404297        22295.19335937          585.99432373 
        5176.53403517            0.50000000         7494.39404297        22075.19335937          600.99432373 
        5180.54372764            0.50000000         6076.39404297        18120.19335937          499.99432373 
        5184.53823127            0.50000000         7363.39404297        22048.19335937          613.99432373 
        5188.52843863            0.50000000         7169.39404297        21883.19335937          585.99432373 
        5192.69039219            0.50000000         6933.39404297        21401.19335937          581.99432373 
        5196.81549730            0.50000000         6674.39404297        20830.19335937          572.99432373 
        5200.92010902            0.50000000         6463.39404297        20493.19335937          563.99432373 
        5205.13132148            0.50000000         6236.39404297        19953.19335937          555.99432373 
        5208.91222817            0.50000000         5894.39404297        18994.19335937          503.99432373 
