# 1-D Scan File created by LabVIEW Control Panel  12/5/2011  11:11:01 PM; Scan time 0 hrs 4 min 28 sec. 
#
# Beamline 20 BM
#
# Scan config: 
#                 E0: 4966.00 eV   223 points
#        Scan bounds:  -100.00 -30.00 40.00 243.35 (7.99 (k))
#       Scan step(s):  5.00 0.50 0.07
#  Integration times:  0.50 0.50 0.50    kwgt in EXAFS region: 0.0 
#
# User Comment:
# 50oC
#
#
# Amplifier Sensitivities:
# Preslit: 20 nA/V  I0: 20 nA/V  I: 100 pA/V  IREF: 50 pA/V  
#
# Analog Input Voltages at start/end of scan:
# Preslit: 0.036/0.031  I0: 0.728/0.467  Ignore: 0.021/0.012  I: 0.926/0.940  IREF: 0.245/0.149  
#
# Mono Info:
# 
#
# ID Info:
# 
#
# Slit Info:
# Kappa S1:  Center is at -542 (H), 500 (V)   Size is 8000 wide x 2000 high
# Vacuum Slits:  Center is at 850 (H), -25 (V)   Size is 899 wide x 1000 high
#
# Motor Positions:
# SMV (20bm:m29): -37594.243125 SMH (20bm:m30): 4802.187500 
#
# Detector Names/PVs:
# I0/20bm:scaler1_netA.C  I/20bm:scaler1_netA.E  IREF/20bm:scaler1_netA.F  
#
# Positioner names/Drive PVs/Readback PVs:
# Mono Energy */20bm:monoE.VAL/20bm:EnctoE.VAL  Scaler preset time */20bm:scaler1.TP/  
# Here is a readable list of column headings:
#  1) Mono Energy *        
#  2) Scaler preset time * 
#  3) I0                   
#  4) I                    
#  5) IREF                 
#
# Column Headings:
#Mono Energy *        Scaler preset time * I0                   I                    IREF                 
        4865.41522989            0.50000000        31378.39453125        41236.19531250         6009.99414062 
        4870.47155359            0.50000000        31427.39453125        41535.19531250         6020.99414062 
        4875.47709668            0.50000000        31356.39453125        41739.19531250         5886.99414062 
        4880.55643691            0.50000000        31229.39453125        41942.19531250         5774.99414062 
        4885.60887503            0.50000000        31051.39453125        42013.19531250         5690.99414062 
        4890.60038926            0.50000000        31085.39453125        42443.19531250         5688.99414062 
        4895.68537692            0.50000000        31002.39453125        42793.19531250         5592.99414062 
        4900.79653417            0.50000000        30947.39453125        43143.19531250         5537.99414062 
        4905.82705115            0.50000000        30866.39453125        43366.19531250         5516.99414062 
        4910.83480583            0.50000000        30800.39453125        43792.19531250         5444.99414062 
        4915.85378656            0.50000000        30437.39453125        43752.19531250         5364.99414062 
        4920.88402981            0.50000000        30646.39453125        44539.19531250         5373.99414062 
        4925.91085739            0.50000000        30493.39453125        44838.19531250         5304.99414062 
        4930.92437529            0.50000000        30515.39453125        45358.19531250         5310.99414062 
        4935.98357787            0.50000000        30431.39453125        45753.19531250         5311.99414062 
        4936.49110943            0.50000000        30509.39453125        45944.19531250         5338.99414062 
        4936.96425152            0.50000000        30597.39453125        46157.19531250         5337.99414062 
        4937.46214370            0.50000000        30617.39453125        46227.19531250         5354.99414062 
        4937.94535217            0.50000000        30480.39453125        46097.19531250         5310.99414062 
        4938.45332581            0.50000000        30530.39453125        46227.19531250         5341.99414062 
        4938.97128088            0.50000000        30528.39453125        46177.19531250         5340.99414062 
        4939.46468209            0.50000000        30451.39453125        46255.19531250         5271.99414062 
        4940.01248389            0.50000000        30453.39453125        46221.19531250         5314.99414062 
        4940.48636577            0.50000000        30506.39453125        46343.19531250         5332.99414062 
        4940.99491229            0.50000000        30508.39453125        46482.19531250         5312.99414062 
        4941.46900066            0.50000000        30373.39453125        46319.19531250         5298.99414062 
        4941.97282874            0.50000000        30450.39453125        46571.19531250         5305.99414062 
        4942.44712268            0.50000000        30520.39453125        46643.19531250         5344.99414062 
        4942.99070709            0.50000000        30426.39453125        46563.19531250         5282.99414062 
        4943.47510170            0.50000000        30397.39453125        46574.19531250         5304.99414062 
        4944.04365656            0.50000000        30533.39453125        46919.19531250         5321.99414062 
        4944.48871245            0.50000000        30350.39453125        46641.19531250         5324.99414062 
        4945.01300194            0.50000000        30377.39453125        46718.19531250         5306.99414062 
        4945.48793525            0.50000000        30273.39453125        46665.19531250         5250.99414062 
        4945.98276369            0.50000000        30276.39453125        46674.19531250         5267.99414062 
        4946.45295116            0.50000000        30363.39453125        46756.19531250         5299.99414062 
        4947.01235427            0.50000000        30354.39453125        46958.19531250         5332.99414062 
        4947.49761254            0.50000000        30341.39453125        46991.19531250         5345.99414062 
        4948.07213461            0.50000000        30316.39453125        47021.19531250         5331.99414062 
        4948.49816771            0.50000000        30282.39453125        47094.19531250         5312.99414062 
        4949.03825534            0.50000000        30265.39453125        47022.19531250         5311.99414062 
        4949.49916612            0.50000000        30318.39453125        47198.19531250         5341.99414062 
        4950.00974691            0.50000000        30287.39453125        47198.19531250         5300.99414062 
        4950.46093854            0.50000000        30242.39453125        47179.19531250         5293.99414062 
        4951.03125459            0.50000000        30369.39453125        47432.19531250         5360.99414062 
        4951.50745470            0.50000000        30329.39453125        47429.19531250         5340.99414062 
        4952.10284590            0.50000000        30415.39453125        47584.19531250         5420.99414062 
        4952.49986046            0.50000000        30418.39453125        47652.19531250         5378.99414062 
        4953.05083361            0.50000000        30318.39453125        47583.19531250         5346.99414062 
        4953.51256311            0.50000000        30408.39453125        47735.19531250         5349.99414062 
        4954.02405094            0.50000000        30352.39453125        47725.19531250         5361.99414062 
        4954.47107672            0.50000000        30331.39453125        47727.19531250         5365.99414062 
        4955.03743618            0.50000000        30451.39453125        48039.19531250         5375.99414062 
        4955.51448041            0.50000000        30223.39453125        47729.19531250         5285.99414062 
        4956.10595608            0.50000000        30428.39453125        48049.19531250         5321.99414062 
        4956.51361750            0.50000000        30223.39453125        47876.19531250         5254.99414062 
        4957.06059569            0.50000000        30265.39453125        47911.19531250         5278.99414062 
        4957.51319571            0.50000000        30269.39453125        48022.19531250         5331.99414062 
        4958.04548949            0.50000000        30322.39453125        48130.19531250         5312.99414062 
        4958.47340510            0.50000000        30272.39453125        48102.19531250         5298.99414062 
        4959.03578922            0.50000000        30306.39453125        48229.19531250         5294.99414062 
        4959.51367660            0.50000000        30222.39453125        48122.19531250         5290.99414062 
        4960.10121795            0.50000000        30298.39453125        48337.19531250         5301.99414062 
        4960.51457984            0.50000000        30221.39453125        48289.19531250         5273.99414062 
        4961.05256124            0.50000000        30402.39453125        48554.19531250         5333.99414062 
        4961.51094242            0.50000000        30085.39453125        48135.19531250         5237.99414062 
        4962.04417629            0.50000000        30414.39453125        48714.19531250         5334.99414062 
        4962.46287769            0.50000000        30089.39453125        48281.19531250         5269.99414062 
        4963.04619780            0.50000000        30429.39453125        48822.19531250         5294.99414062 
        4963.51994420            0.50000000        30072.39453125        48376.19531250         5184.99414062 
        4964.11351354            0.50000000        30156.39453125        48498.19531250         5166.99414062 
        4964.50764959            0.50000000        30096.39453125        48519.19531250         5039.99414062 
        4965.04657931            0.50000000        30170.39453125        48674.19531250         4939.99414062 
        4965.50576858            0.50000000        30047.39453125        48550.19531250         4660.99414062 
        4966.04493547            0.50000000        30134.39453125        48647.19531250         4062.99438477 
        4966.45438849            0.50000000        30025.39453125        48517.19531250         3221.99438477 
        4967.03873596            0.50000000        30113.39453125        48567.19531250         2891.99438477 
        4967.50832072            0.50000000        29926.39453125        48292.19531250         3020.99438477 
        4968.10293439            0.50000000        30117.39453125        48404.19531250         3422.99438477 
        4968.49276568            0.50000000        29996.39453125        48172.19531250         3525.99438477 
        4969.04264151            0.50000000        30101.39453125        48094.19531250         3496.99438477 
        4969.49263898            0.50000000        29975.39453125        47689.19531250         3355.99438477 
        4970.02775200            0.50000000        30073.39453125        47713.19531250         3234.99438477 
        4970.44292650            0.50000000        29964.39453125        47333.19531250         3062.99438477 
        4971.02830139            0.50000000        30107.39453125        47474.19531250         2980.99438477 
        4971.49871186            0.50000000        29936.39453125        47401.19531250         2903.99438477 
        4972.09437122            0.50000000        30012.39453125        47715.19531250         2905.99438477 
        4972.48488812            0.50000000        29976.39453125        47898.19531250         2862.99438477 
        4973.04073942            0.50000000        30013.39453125        47851.19531250         2778.99438477 
        4973.48652020            0.50000000        29889.39453125        47560.19531250         2632.99438477 
        4974.02758507            0.50000000        30056.39453125        47326.19531250         2491.99438477 
        4974.44349097            0.50000000        29901.39453125        46539.19531250         2371.99438477 
        4975.02989718            0.50000000        29990.39453125        45530.19531250         2230.99438477 
        4975.49110913            0.50000000        29915.39453125        44508.19531250         2121.99438477 
        4976.08781551            0.50000000        30127.39453125        43765.19531250         2015.99438477 
        4976.47901892            0.50000000        29764.39453125        42621.19531250         1895.99438477 
        4977.02581332            0.50000000        30093.39453125        42568.19531250         1849.99438477 
        4977.48743013            0.50000000        30032.39453125        42058.19531250         1777.99438477 
        4978.02442837            0.50000000        30213.39453125        41882.19531250         1763.99438477 
        4978.43102534            0.50000000        29938.39453125        41222.19531250         1699.99438477 
        4979.01343887            0.50000000        30187.39453125        41305.19531250         1656.99438477 
        4979.49052647            0.50000000        30010.39453125        40806.19531250         1582.99438477 
        4980.08325875            0.50000000        30197.39453125        40755.19531250         1541.99438477 
        4980.48017423            0.50000000        29953.39453125        40027.19531250         1517.99438477 
        4981.03295660            0.50000000        30006.39453125        39652.19531250         1500.99438477 
        4981.49538673            0.50000000        29997.39453125        38995.19531250         1456.99438477 
        4982.02327499            0.50000000        29937.39453125        38110.19531250         1428.99438477 
        4982.43561566            0.50000000        30022.39453125        37300.19531250         1413.99438477 
        4983.01402407            0.50000000        30050.39453125        35899.19531250         1377.99438477 
        4983.48691914            0.50000000        29884.39453125        34541.19531250         1312.99438477 
        4984.06559448            0.50000000        29933.39453125        33079.19531250         1342.99438477 
        4984.48333843            0.50000000        29914.39453125        31933.19335937         1292.99438477 
        4985.01695408            0.50000000        29888.39453125        30701.19335937         1289.99438477 
        4985.48019347            0.50000000        29877.39453125        29932.19335937         1274.99438477 
        4985.99893187            0.50000000        29770.39453125        29158.19335937         1267.99438477 
        4986.43718149            0.50000000        29926.39453125        28932.19335937         1270.99438477 
        4987.01156714            0.50000000        29861.39453125        28511.19335937         1259.99438477 
        4987.48529220            0.50000000        29849.39453125        28513.19335937         1255.99438477 
        4988.07002473            0.50000000        29899.39453125        28610.19335937         1293.99438477 
        4988.48346058            0.50000000        29753.39453125        28742.19335937         1276.99438477 
        4989.01801307            0.50000000        29852.39453125        29306.19335937         1266.99438477 
        4989.48711039            0.50000000        29724.39453125        29670.19335937         1242.99438477 
        4989.98657802            0.50000000        29648.39453125        30192.19335937         1249.99438477 
        4990.43064102            0.50000000        29734.39453125        30995.19335937         1265.99438477 
        4991.00603293            0.50000000        29703.39453125        31706.19335937         1292.99438477 
        4991.48058800            0.50000000        29538.39453125        32073.19335937         1264.99438477 
        4992.04614411            0.50000000        29663.39453125        32789.19531250         1273.99438477 
        4992.47545431            0.50000000        29583.39453125        33168.19531250         1315.99438477 
        4993.00589011            0.50000000        29563.39453125        33471.19531250         1311.99438477 
        4993.48086097            0.50000000        29596.39453125        33748.19531250         1304.99438477 
        4993.96098507            0.50000000        29531.39453125        33810.19531250         1314.99438477 
        4994.44121008            0.50000000        29541.39453125        33945.19531250         1278.99438477 
        4994.98727272            0.50000000        29698.39453125        34089.19531250         1301.99438477 
        4995.46771349            0.50000000        29642.39453125        34008.19531250         1296.99438477 
        4996.02413953            0.50000000        29460.39453125        33609.19531250         1255.99438477 
        4996.49467815            0.50000000        29612.39453125        33566.19531250         1270.99438477 
        4996.99568054            0.50000000        29533.39453125        33377.19531250         1253.99438477 
        4997.47654366            0.50000000        29416.39453125        32930.19531250         1236.99438477 
        4997.94231803            0.50000000        29510.39453125        32772.19531250         1217.99438477 
        4998.45883096            0.50000000        29403.39453125        32336.19335937         1185.99438477 
        4998.97546057            0.50000000        29303.39453125        32009.19335937         1172.99438477 
        4999.46687346            0.50000000        29516.39453125        32032.19335937         1176.99438477 
        5000.00906995            0.50000000        29557.39453125        31856.19335937         1140.99438477 
        5000.50070493            0.50000000        29468.39453125        31695.19335937         1164.99438477 
        5000.98230551            0.50000000        29361.39453125        31505.19335937         1126.99438477 
        5001.48429187            0.50000000        29565.39453125        31816.19335937         1139.99438477 
        5001.94073867            0.50000000        29510.39453125        31915.19335937         1133.99438477 
        5002.46322838            0.50000000        29439.39453125        31945.19335937         1136.99438477 
        5002.94016775            0.50000000        29256.39453125        31984.19335937         1101.99438477 
        5003.47303666            0.50000000        29422.39453125        32488.19335937         1133.99438477 
        5003.98572284            0.50000000        29165.39453125        32466.19335937         1106.99438477 
        5004.51375728            0.50000000        29261.39453125        33011.19531250         1112.99438477 
        5004.96065075            0.50000000        29134.39453125        33170.19531250         1128.99438477 
        5005.47875003            0.50000000        29322.39453125        33799.19531250         1127.99438477 
        5005.93091279            0.50000000        29139.39453125        33999.19531250         1118.99438477 
        5007.60316580            0.50000000        29178.39453125        35315.19531250         1137.99438477 
        5009.40894200            0.50000000        29148.39453125        36350.19531250         1198.99438477 
        5011.20595591            0.50000000        28946.39453125        36701.19531250         1181.99438477 
        5013.02986206            0.50000000        28899.39453125        36860.19531250         1210.99438477 
        5014.84501723            0.50000000        28739.39453125        36612.19531250         1197.99438477 
        5016.81986279            0.50000000        28733.39453125        36528.19531250         1207.99438477 
        5018.75553150            0.50000000        28693.39453125        36737.19531250         1229.99438477 
        5020.80022340            0.50000000        28670.39453125        37168.19531250         1233.99438477 
        5022.78531325            0.50000000        28639.39453125        37595.19531250         1215.99438477 
        5024.87969967            0.50000000        28445.39453125        37710.19531250         1236.99438477 
        5026.92471671            0.50000000        28331.39453125        37687.19531250         1200.99438477 
        5029.06906517            0.50000000        28282.39453125        37642.19531250         1213.99438477 
        5031.21027410            0.50000000        28311.39453125        37598.19531250         1185.99438477 
        5033.47688409            0.50000000        28320.39453125        37423.19531250         1126.99438477 
        5035.75087109            0.50000000        28119.39453125        36721.19531250         1079.99438477 
        5038.02194877            0.50000000        28100.39453125        36315.19531250         1036.99438477 
        5040.27463287            0.50000000        27847.39453125        35761.19531250         1021.99432373 
        5042.66374297            0.50000000        27959.39453125        36176.19531250         1014.99432373 
        5045.12767924            0.50000000        27863.39453125        36405.19531250         1021.99432373 
        5047.46490313            0.50000000        27620.39453125        36372.19531250          994.99432373 
        5049.99610963            0.50000000        27609.39453125        36688.19531250         1030.99438477 
        5052.44194646            0.50000000        27335.39453125        36478.19531250         1033.99438477 
        5054.96822053            0.50000000        27327.39453125        36757.19531250         1051.99438477 
        5057.59077899            0.50000000        27184.39453125        36951.19531250         1088.99438477 
        5060.17989214            0.50000000        27112.39453125        37320.19531250         1102.99438477 
        5062.80314330            0.50000000        26926.39453125        37378.19531250         1077.99438477 
        5065.58056289            0.50000000        26947.39453125        37790.19531250         1097.99438477 
        5068.28300297            0.50000000        26791.39453125        37800.19531250         1133.99438477 
        5071.08788666            0.50000000        26449.39453125        37609.19531250         1103.99438477 
        5073.99034596            0.50000000        26599.39453125        38396.19531250         1122.99438477 
        5076.80211933            0.50000000        26343.39453125        38376.19531250         1108.99438477 
        5079.68548317            0.50000000        25964.39453125        38136.19531250         1073.99438477 
        5082.72998888            0.50000000        25982.39453125        38581.19531250         1036.99438477 
        5085.74691572            0.50000000        25804.39453125        38726.19531250         1013.99432373 
        5088.72561655            0.50000000        25982.39453125        39361.19531250          992.99432373 
        5091.86630881            0.50000000        25738.39453125        39280.19531250          977.99432373 
        5094.99010411            0.50000000        25412.39453125        39125.19531250          958.99432373 
        5098.08635157            0.50000000        25367.39453125        39431.19531250         1003.99432373 
        5101.25552379            0.50000000        25166.39453125        39511.19531250         1027.99438477 
        5104.53502039            0.50000000        24883.39453125        39556.19531250         1062.99438477 
        5107.81380002            0.50000000        24817.39453125        39853.19531250         1068.99438477 
        5111.09184973            0.50000000        24804.39453125        40107.19531250         1091.99438477 
        5114.42239730            0.50000000        24815.39453125        40440.19531250         1110.99438477 
        5117.79499250            0.50000000        24439.39453125        40091.19531250         1105.99438477 
        5121.19378736            0.50000000        24194.39453125        39883.19531250         1089.99438477 
        5124.62423191            0.50000000        23964.39453125        39851.19531250         1115.99438477 
        5128.10251888            0.50000000        24210.39453125        40695.19531250         1140.99438477 
        5131.62348564            0.50000000        23938.39453125        40633.19531250         1123.99438477 
        5135.14434185            0.50000000        23712.39453125        40655.19531250         1121.99438477 
        5138.72424650            0.50000000        23511.39453125        40701.19531250         1087.99438477 
        5142.43349555            0.50000000        23501.39453125        41069.19531250         1083.99438477 
        5145.99208379            0.50000000        22921.39453125        40508.19531250         1049.99438477 
        5149.70193983            0.50000000        22837.39453125        40800.19531250         1052.99438477 
        5153.42843777            0.50000000        22801.39453125        41281.19531250         1067.99438477 
        5157.17706334            0.50000000        22644.39453125        41505.19531250         1059.99438477 
        5161.03478849            0.50000000        22326.39453125        41451.19531250         1079.99438477 
        5164.85527509            0.50000000        22008.39453125        41513.19531250         1107.99438477 
        5168.74728178            0.50000000        21877.39453125        41854.19531250         1122.99438477 
        5172.70023049            0.50000000        21591.39453125        41935.19531250         1136.99438477 
        5176.55043219            0.50000000        21216.39453125        41783.19531250         1154.99438477 
        5180.56015224            0.50000000        17670.39453125        35434.19531250         1015.99432373 
        5184.54919932            0.50000000        21260.39453125        42736.19531250         1209.99438477 
        5188.55041144            0.50000000        20864.39453125        42570.19531250         1217.99438477 
        5192.71240326            0.50000000        20426.39453125        42241.19531250         1211.99438477 
        5196.83754631            0.50000000        19964.39453125        41737.19531250         1191.99438477 
        5200.95323931            0.50000000        19717.39453125        41763.19531250         1187.99438477 
        5205.15344710            0.50000000        19328.39453125        41462.19531250         1166.99438477 
        5208.92884851            0.50000000        18637.39453125        40561.19531250         1125.99438477 
