# 1-D Scan File created by LabVIEW Control Panel  12/6/2011  4:02:14 AM; Scan time 0 hrs 4 min 28 sec. 
#
# Beamline 20 BM
#
# Scan config: 
#                 E0: 4966.00 eV   223 points
#        Scan bounds:  -100.00 -30.00 40.00 243.35 (7.99 (k))
#       Scan step(s):  5.00 0.50 0.07
#  Integration times:  0.50 0.50 0.50    kwgt in EXAFS region: 0.0 
#
# User Comment:
# 50oC
#
#
# Amplifier Sensitivities:
# Preslit: 20 nA/V  I0: 20 nA/V  I: 100 pA/V  IREF: 50 pA/V  
#
# Analog Input Voltages at start/end of scan:
# Preslit: 0.033/0.031  I0: 0.397/0.214  Ignore: 0.012/0.005  I: 0.737/0.439  IREF: 0.208/0.135  
#
# Mono Info:
# 
#
# ID Info:
# 
#
# Slit Info:
# Kappa S1:  Center is at -542 (H), 500 (V)   Size is 8000 wide x 2000 high
# Vacuum Slits:  Center is at 850 (H), -25 (V)   Size is 899 wide x 1000 high
#
# Motor Positions:
# SMV (20bm:m29): -37594.243125 SMH (20bm:m30): 4802.187500 
#
# Detector Names/PVs:
# I0/20bm:scaler1_netA.C  I/20bm:scaler1_netA.E  IREF/20bm:scaler1_netA.F  
#
# Positioner names/Drive PVs/Readback PVs:
# Mono Energy */20bm:monoE.VAL/20bm:EnctoE.VAL  Scaler preset time */20bm:scaler1.TP/  
# Here is a readable list of column headings:
#  1) Mono Energy *        
#  2) Scaler preset time * 
#  3) I0                   
#  4) I                    
#  5) IREF                 
#
# Column Headings:
#Mono Energy *        Scaler preset time * I0                   I                    IREF                 
        4865.38658797            0.50000000        15116.39355469        31676.19335937         4319.99414062 
        4870.45719986            0.50000000        14892.39355469        31378.19335937         4237.99414062 
        4875.46750590            0.50000000        14787.39355469        31461.19335937         4147.99414062 
        4880.54682416            0.50000000        14614.39355469        31395.19335937         4053.99438477 
        4885.59442313            0.50000000        14390.39355469        31216.19335937         3969.99438477 
        4890.58107683            0.50000000        14335.39355469        31389.19335937         3930.99438477 
        4895.67085951            0.50000000        14209.39355469        31365.19335937         3854.99438477 
        4900.77713326            0.50000000        14102.39355469        31457.19335937         3842.99438477 
        4905.80760651            0.50000000        13967.39355469        31375.19335937         3767.99438477 
        4910.81531763            0.50000000        13823.39355469        31448.19335937         3710.99438477 
        4915.82937170            0.50000000        13586.39355469        31296.19335937         3657.99438477 
        4920.85956013            0.50000000        13649.39355469        31816.19335937         3666.99438477 
        4925.89123776            0.50000000        13470.39355469        31705.19335937         3592.99438477 
        4930.89488023            0.50000000        13342.39355469        31750.19335937         3585.99438477 
        4935.96879711            0.50000000        13231.39355469        31821.19335937         3564.99438477 
        4936.47632534            0.50000000        13316.39355469        32229.19335937         3604.99438477 
        4936.94946433            0.50000000        13326.39355469        32248.19335937         3602.99438477 
        4937.44242310            0.50000000        13294.39355469        32221.19335937         3593.99438477 
        4937.92069616            0.50000000        13201.39355469        32034.19335937         3573.99438477 
        4938.43359654            0.50000000        13259.39355469        32165.19335937         3555.99438477 
        4938.94168024            0.50000000        13235.39355469        32045.19335937         3546.99438477 
        4939.44494397            0.50000000        13195.39355469        32176.19335937         3568.99438477 
        4939.98286958            0.50000000        13150.39355469        31959.19335937         3544.99438477 
        4940.47155546            0.50000000        13186.39355469        32132.19335937         3534.99438477 
        4940.97516077            0.50000000        13188.39355469        32275.19335937         3540.99438477 
        4941.44430609            0.50000000        13079.39355469        32038.19335937         3535.99438477 
        4941.94318868            0.50000000        13160.39355469        32326.19335937         3548.99438477 
        4942.43229949            0.50000000        13185.39355469        32284.19335937         3557.99438477 
        4942.97093809            0.50000000        13059.39355469        32069.19335937         3498.99438477 
        4943.46027175            0.50000000        13092.39355469        32146.19335937         3554.99438477 
        4944.01398928            0.50000000        13113.39355469        32243.19335937         3543.99438477 
        4944.46893032            0.50000000        13006.39355469        32011.19335937         3500.99438477 
        4944.99321522            0.50000000        13008.39355469        32017.19335937         3515.99438477 
        4945.46319667            0.50000000        12883.39355469        31825.19335937         3476.99438477 
        4945.96296847            0.50000000        12960.39355469        32031.19335937         3489.99438477 
        4946.43315182            0.50000000        13005.39355469        32091.19335937         3526.99438477 
        4946.99255003            0.50000000        12978.39355469        32147.19335937         3487.99438477 
        4947.47285194            0.50000000        12953.39355469        32066.19335937         3508.99438477 
        4948.04736771            0.50000000        13078.39355469        32469.19335937         3543.99438477 
        4948.47835043            0.50000000        12961.39355469        32263.19335937         3526.99438477 
        4949.01843333            0.50000000        12946.39355469        32217.19335937         3534.99438477 
        4949.47934006            0.50000000        13009.39355469        32436.19335937         3550.99438477 
        4949.98991638            0.50000000        12896.39355469        32240.19335937         3501.99438477 
        4950.44110404            0.50000000        12951.39355469        32358.19335937         3535.99438477 
        4951.01637495            0.50000000        13014.39355469        32570.19335937         3549.99438477 
        4951.48265014            0.50000000        12922.39355469        32333.19335937         3493.99438477 
        4952.08299700            0.50000000        13006.39355469        32514.19335937         3522.99438477 
        4952.48497116            0.50000000        12982.39355469        32551.19335937         3555.99438477 
        4953.03097639            0.50000000        12956.39355469        32476.19335937         3509.99438477 
        4953.48773654            0.50000000        12996.39355469        32738.19335937         3531.99438477 
        4953.99921876            0.50000000        12878.39355469        32471.19335937         3493.99438477 
        4954.44623964            0.50000000        12911.39355469        32505.19335937         3503.99438477 
        4955.02253017            0.50000000        12933.39355469        32658.19335937         3537.99438477 
        4955.48963188            0.50000000        12845.39355469        32467.19335937         3472.99438477 
        4956.08110105            0.50000000        12920.39355469        32729.19335937         3526.99438477 
        4956.48875800            0.50000000        12787.39355469        32455.19335937         3495.99438477 
        4957.04070326            0.50000000        12860.39355469        32547.19335937         3465.99438477 
        4957.49329930            0.50000000        12855.39355469        32590.19335937         3475.99438477 
        4958.03056366            0.50000000        12819.39355469        32588.19335937         3460.99438477 
        4958.45350026            0.50000000        12829.39355469        32578.19335937         3477.99438477 
        4959.02583431            0.50000000        12856.39355469        32822.19531250         3494.99438477 
        4959.49376261            0.50000000        12747.39355469        32524.19335937         3460.99438477 
        4960.07631904            0.50000000        12795.39355469        32752.19335937         3485.99438477 
        4960.48469573            0.50000000        12764.39355469        32654.19335937         3473.99438477 
        4961.03761559            0.50000000        12886.39355469        32972.19531250         3499.99438477 
        4961.48602802            0.50000000        12664.39355469        32488.19335937         3449.99438477 
        4962.01925603            0.50000000        12882.39355469        33003.19531250         3514.99438477 
        4962.44293777            0.50000000        12634.39355469        32492.19335937         3420.99438477 
        4963.02126652            0.50000000        12855.39355469        33034.19531250         3473.99438477 
        4963.49002044            0.50000000        12620.39355469        32497.19335937         3369.99438477 
        4964.09355911            0.50000000        12673.39355469        32655.19335937         3347.99438477 
        4964.47771280            0.50000000        12592.39355469        32545.19335937         3291.99438477 
        4965.03160731            0.50000000        12655.39355469        32571.19335937         3204.99438477 
        4965.47581862            0.50000000        12587.39355469        32623.19335937         3047.99438477 
        4966.01497839            0.50000000        12616.39355469        32552.19335937         2630.99438477 
        4966.42941972            0.50000000        12527.39355469        32487.19335937         2090.99438477 
        4967.01875579            0.50000000        12650.39355469        32642.19335937         1828.99438477 
        4967.48334036            0.50000000        12499.39355469        32294.19335937         1914.99438477 
        4968.08294485            0.50000000        12587.39355469        32419.19335937         2181.99438477 
        4968.46777448            0.50000000        12481.39355469        32152.19335937         2247.99438477 
        4969.01764427            0.50000000        12574.39355469        32132.19335937         2242.99438477 
        4969.46263637            0.50000000        12503.39355469        31978.19335937         2156.99438477 
        4970.00774550            0.50000000        12518.39355469        31790.19335937         2047.99438477 
        4970.42791887            0.50000000        12474.39355469        31573.19335937         1922.99438477 
        4971.01328989            0.50000000        12488.39355469        31324.19335937         1870.99438477 
        4971.47368758            0.50000000        12427.39355469        31423.19335937         1827.99438477 
        4972.07434652            0.50000000        12488.39355469        31611.19335937         1823.99438477 
        4972.45985297            0.50000000        12412.39355469        31721.19335937         1777.99438477 
        4973.02070638            0.50000000        12461.39355469        31771.19335937         1734.99438477 
        4973.46147401            0.50000000        12394.39355469        31622.19335937         1638.99438477 
        4974.00253293            0.50000000        12454.39355469        31443.19335937         1562.99438477 
        4974.41843424            0.50000000        12434.39355469        31113.19335937         1476.99438477 
        4975.00984661            0.50000000        12411.39355469        30347.19335937         1376.99438477 
        4975.46604086            0.50000000        12345.39355469        29786.19335937         1297.99438477 
        4976.05772573            0.50000000        12479.39355469        29389.19335937         1235.99438477 
        4976.45393976            0.50000000        12295.39355469        28590.19335937         1186.99438477 
        4977.01076217            0.50000000        12445.39355469        28504.19335937         1139.99438477 
        4977.45732183            0.50000000        12252.39355469        27771.19335937         1081.99438477 
        4977.99431297            0.50000000        12427.39355469        27839.19335937         1063.99438477 
        4978.40592465            0.50000000        12243.39355469        27184.19335937         1010.99432373 
        4978.99837457            0.50000000        12325.39355469        27233.19335937          982.99432373 
        4979.46541411            0.50000000        12284.39355469        26964.19335937          952.99432373 
        4980.05813984            0.50000000        12346.39355469        26798.19335937          920.99432373 
        4980.45505094            0.50000000        12225.39355469        26307.19335937          874.99432373 
        4981.01285307            0.50000000        12189.39355469        25806.19335937          882.99432373 
        4981.46522538            0.50000000        12266.39355469        25634.19335937          844.99432373 
        4981.99310665            0.50000000        12174.39355469        24930.19335937          833.99432373 
        4982.41549975            0.50000000        12214.39355469        24438.19335937          825.99432373 
        4982.99893329            0.50000000        12237.39355469        23669.19335937          814.99432373 
        4983.46176268            0.50000000        12124.39355469        22767.19335937          785.99432373 
        4984.03539909            0.50000000        12196.39355469        21993.19335937          775.99432373 
        4984.45817096            0.50000000        12157.39355469        21236.19335937          778.99432373 
        4985.00185004            0.50000000        12121.39355469        20416.19335937          769.99432373 
        4985.45501500            0.50000000        12139.39355469        19926.19335937          740.99432373 
        4985.97878448            0.50000000        12032.39355469        19267.19335937          758.99432373 
        4986.41703024            0.50000000        12141.39355469        19136.19335937          768.99432373 
        4986.99141081            0.50000000        12078.39355469        18801.19335937          749.99432373 
        4987.45505149            0.50000000        12045.39355469        18711.19335937          723.99432373 
        4988.03977627            0.50000000        12112.39355469        18804.19335937          738.99432373 
        4988.45824893            0.50000000        11943.39355469        18628.19335937          747.99432373 
        4988.99279551            0.50000000        12050.39355469        19031.19335937          741.99432373 
        4989.45684313            0.50000000        11943.39355469        19100.19335937          741.99432373 
        4989.96134976            0.50000000        11919.39355469        19411.19335937          772.99432373 
        4990.41045447            0.50000000        11965.39355469        19876.19335937          756.99432373 
        4990.98079340            0.50000000        11950.39355469        20256.19335937          769.99432373 
        4991.45534322            0.50000000        11883.39355469        20569.19335937          739.99432373 
        4992.01584291            0.50000000        11903.39355469        21062.19335937          762.99432373 
        4992.45524966            0.50000000        11809.39355469        21187.19335937          758.99432373 
        4992.98568077            0.50000000        11816.39355469        21409.19335937          747.99432373 
        4993.45559407            0.50000000        11867.39355469        21700.19335937          762.99432373 
        4993.93065845            0.50000000        11775.39355469        21597.19335937          734.99432373 
        4994.42098805            0.50000000        11777.39355469        21704.19335937          752.99432373 
        4994.96198916            0.50000000        11869.39355469        21835.19335937          760.99432373 
        4995.43736688            0.50000000        11829.39355469        21818.19335937          735.99432373 
        4995.99884450            0.50000000        11687.39355469        21467.19335937          715.99432373 
        4996.47443794            0.50000000        11843.39355469        21658.19335937          737.99432373 
        4996.97037476            0.50000000        11766.39355469        21411.19335937          716.99432373 
        4997.45629475            0.50000000        11628.39355469        20991.19335937          682.99432373 
        4997.91700176            0.50000000        11744.39355469        21010.19335937          706.99432373 
        4998.44363774            0.50000000        11704.39355469        20777.19335937          691.99432373 
        4998.95519838            0.50000000        11579.39355469        20400.19335937          671.99432373 
        4999.45167354            0.50000000        11722.39355469        20463.19335937          678.99432373 
        4999.98879861            0.50000000        11781.39355469        20351.19335937          648.99432373 
        5000.49056706            0.50000000        11690.39355469        20248.19335937          639.99432373 
        5000.96709552            0.50000000        11683.39355469        20131.19335937          644.99432373 
        5001.47414964            0.50000000        11809.39355469        20330.19335937          649.99432373 
        5001.92552231            0.50000000        11718.39355469        20336.19335937          636.99432373 
        5002.44800855            0.50000000        11693.39355469        20279.19335937          632.99432373 
        5002.91987043            0.50000000        11614.39355469        20301.19335937          647.99432373 
        5003.45273462            0.50000000        11692.39355469        20686.19335937          641.99432373 
        5003.97049288            0.50000000        11519.39355469        20472.19335937          626.99432373 
        5004.50360162            0.50000000        11566.39355469        20839.19335937          621.99432373 
        5004.94541431            0.50000000        11519.39355469        21003.19335937          629.99432373 
        5005.46351015            0.50000000        11642.39355469        21370.19335937          626.99432373 
        5005.91058895            0.50000000        11500.39355469        21445.19335937          640.99432373 
        5007.58791178            0.50000000        11454.39355469        22173.19335937          647.99432373 
        5009.39876463            0.50000000        11439.39355469        22735.19335937          667.99432373 
        5011.19577056            0.50000000        11265.39355469        22829.19335937          673.99432373 
        5013.02476533            0.50000000        11192.39355469        22792.19335937          712.99432373 
        5014.83481572            0.50000000        11053.39355469        22580.19335937          684.99432373 
        5016.80965250            0.50000000        11054.39355469        22588.19335937          681.99432373 
        5018.75042204            0.50000000        10919.39355469        22434.19335937          698.99432373 
        5020.78999541            0.50000000        10912.39355469        22731.19335937          683.99432373 
        5022.78019484            0.50000000        10891.39355469        22963.19335937          679.99432373 
        5024.87457660            0.50000000        10718.39355469        22813.19335937          700.99432373 
        5026.91958908            0.50000000        10680.39355469        22823.19335937          690.99432373 
        5029.05366799            0.50000000        10568.39355469        22619.19335937          690.99432373 
        5031.19486261            0.50000000        10574.39355469        22597.19335937          649.99432373 
        5033.45631525            0.50000000        10517.39355469        22361.19335937          620.99432373 
        5035.72513472            0.50000000        10403.39355469        21918.19335937          588.99432373 
        5038.00649172            0.50000000        10363.39355469        21643.19335937          585.99432373 
        5040.24884603            0.50000000        10217.39355469        21267.19335937          555.99432373 
        5042.64309213            0.50000000        10209.39355469        21277.19335937          558.99432373 
        5045.10700638            0.50000000        10073.39355469        21199.19335937          550.99432373 
        5047.44420937            0.50000000         9969.39355469        21243.19335937          547.99432373 
        5049.97021416            0.50000000         9933.39355469        21307.19335937          551.99432373 
        5052.42120817            0.50000000         9703.39355469        21074.19335937          559.99432373 
        5054.93707924            0.50000000         9685.39355469        21188.19335937          576.99432373 
        5057.56999460            0.50000000         9554.39355469        21047.19335937          583.99432373 
        5060.15908454            0.50000000         9503.39355469        21114.19335937          590.99432373 
        5062.78751994            0.50000000         9391.39355469        21178.19335937          600.99432373 
        5065.54927889            0.50000000         9319.39355469        21074.19335937          596.99432373 
        5068.24646257            0.50000000         9170.39355469        21012.19335937          587.99432373 
        5071.06698117            0.50000000         8903.39355469        20669.19335937          577.99432373 
        5073.95371582            0.50000000         8984.39355469        20944.19335937          592.99432373 
        5076.77592328            0.50000000         8843.39355469        21024.19335937          587.99432373 
        5079.66450037            0.50000000         8573.39355469        20538.19335937          543.99432373 
        5082.70372616            0.50000000         8562.39355469        20804.19335937          539.99432373 
        5085.72587834            0.50000000         8413.39355469        20691.19335937          507.99432373 
        5088.70455233            0.50000000         8431.39355469        20762.19335937          489.99432373 
        5091.83467007            0.50000000         8300.39355469        20709.19335937          474.99432373 
        5094.95314296            0.50000000         8149.39404297        20521.19335937          467.99432373 
        5098.06520289            0.50000000         8103.39404297        20610.19335937          501.99432373 
        5101.23964079            0.50000000         8000.39404297        20686.19335937          479.99432373 
        5104.50851173            0.50000000         7844.39404297        20573.19335937          513.99432373 
        5107.78725428            0.50000000         7726.39404297        20490.19335937          520.99432373 
        5111.07058345            0.50000000         7735.39404297        20592.19335937          540.99432373 
        5114.39577678            0.50000000         7655.39404297        20458.19335937          528.99432373 
        5117.77899722            0.50000000         7491.39404297        20304.19335937          515.99432373 
        5121.18310842            0.50000000         7367.39404297        20206.19335937          525.99432373 
        5124.60284295            0.50000000         7188.39404297        19716.19335937          506.99432373 
        5128.08645346            0.50000000         7272.39404297        20212.19335937          537.99432373 
        5131.61275934            0.50000000         7093.39404297        19828.19335937          511.99432373 
        5135.13897069            0.50000000         6948.39404297        19779.19335937          507.99432373 
        5138.71348792            0.50000000         6815.39404297        19525.19335937          500.99432373 
        5142.42272008            0.50000000         6768.39404297        19565.19335937          529.99432373 
        5145.98668794            0.50000000         6516.39404297        19194.19335937          475.99432373 
        5149.69653553            0.50000000         6471.39404297        19299.19335937          475.99432373 
        5153.42843777            0.50000000         6387.39404297        19147.19335937          455.99432373 
        5157.17706334            0.50000000         6246.39404297        19050.19335937          461.99432373 
        5161.04564888            0.50000000         6138.39404297        18973.19335937          462.99432373 
        5164.84983618            0.50000000         5954.39404297        18683.19335937          468.99432373 
        5168.74728178            0.50000000         5889.39404297        18787.19335937          465.99432373 
        5172.69477363            0.50000000         5700.39404297        18352.19335937          464.99432373 
        5176.53950083            0.50000000         5498.39404297        18046.19335937          464.99432373 
        5180.55467736            0.50000000         4456.39404297        14842.19433594          416.99432373 
        5184.54371529            0.50000000         5371.39404297        17912.19335937          475.99432373 
        5188.53393181            0.50000000         5208.39404297        17695.19335937          491.99432373 
        5192.70139770            0.50000000         5048.39404297        17322.19335937          466.99432373 
        5196.82652178            0.50000000         4848.39404297        16800.19335937          451.99432373 
        5200.93115240            0.50000000         4681.39404297        16422.19335937          449.99432373 
        5205.14791567            0.50000000         4491.39404297        15929.19433594          432.99432373 
        5208.92330839            0.50000000         4230.39404297        15023.19433594          402.99432373 
