# 1-D Scan File created by LabVIEW Control Panel  12/6/2011  7:58:14 AM; Scan time 0 hrs 4 min 28 sec. 
#
# Beamline 20 BM
#
# Scan config: 
#                 E0: 4966.00 eV   223 points
#        Scan bounds:  -100.00 -30.00 40.00 243.35 (7.99 (k))
#       Scan step(s):  5.00 0.50 0.07
#  Integration times:  0.50 0.50 0.50    kwgt in EXAFS region: 0.0 
#
# User Comment:
# 50oC
#
#
# Amplifier Sensitivities:
# Preslit: 20 nA/V  I0: 20 nA/V  I: 100 pA/V  IREF: 50 pA/V  
#
# Analog Input Voltages at start/end of scan:
# Preslit: 0.033/0.032  I0: 0.278/0.144  Ignore: 0.007/0.004  I: 0.563/0.257  IREF: 0.191/0.128  
#
# Mono Info:
# 
#
# ID Info:
# 
#
# Slit Info:
# Kappa S1:  Center is at -542 (H), 500 (V)   Size is 8000 wide x 2000 high
# Vacuum Slits:  Center is at 850 (H), -25 (V)   Size is 899 wide x 1000 high
#
# Motor Positions:
# SMV (20bm:m29): -37594.243125 SMH (20bm:m30): 4802.187500 
#
# Detector Names/PVs:
# I0/20bm:scaler1_netA.C  I/20bm:scaler1_netA.E  IREF/20bm:scaler1_netA.F  
#
# Positioner names/Drive PVs/Readback PVs:
# Mono Energy */20bm:monoE.VAL/20bm:EnctoE.VAL  Scaler preset time */20bm:scaler1.TP/  
# Here is a readable list of column headings:
#  1) Mono Energy *        
#  2) Scaler preset time * 
#  3) I0                   
#  4) I                    
#  5) IREF                 
#
# Column Headings:
#Mono Energy *        Scaler preset time * I0                   I                    IREF                 
        4865.39136160            0.50000000         9213.39355469        23139.19335937         3219.99438477 
        4870.46198442            0.50000000         9020.39355469        22839.19335937         3130.99438477 
        4875.46271053            0.50000000         8874.39355469        22636.19335937         3040.99438477 
        4880.54682416            0.50000000         8713.39355469        22289.19335937         2932.99438477 
        4885.59442313            0.50000000         8508.39355469        21937.19335937         2850.99438477 
        4890.58590492            0.50000000         8463.39355469        22000.19335937         2793.99438477 
        4895.67085951            0.50000000         8319.39355469        21804.19335937         2742.99438477 
        4900.77228306            0.50000000         8190.39404297        21594.19335937         2680.99438477 
        4905.80274538            0.50000000         8075.39404297        21469.19335937         2627.99438477 
        4910.80557360            0.50000000         7958.39404297        21306.19335937         2576.99438477 
        4915.82448876            0.50000000         7735.39404297        20916.19335937         2469.99438477 
        4920.84487846            0.50000000         7726.39404297        21085.19335937         2486.99438477 
        4925.87652315            0.50000000         7554.39404297        20783.19335937         2452.99438477 
        4930.88013284            0.50000000         7404.39404297        20605.19335937         2380.99438477 
        4935.95894332            0.50000000         7296.39404297        20530.19335937         2363.99438477 
        4936.47139734            0.50000000         7351.39404297        20711.19335937         2344.99438477 
        4936.93467723            0.50000000         7371.39404297        20806.19335937         2374.99438477 
        4937.43749298            0.50000000         7388.39404297        20873.19335937         2389.99438477 
        4937.91576500            0.50000000         7251.39404297        20465.19335937         2349.99438477 
        4938.42866425            0.50000000         7333.39404297        20766.19335937         2380.99438477 
        4938.93674684            0.50000000         7307.39404297        20717.19335937         2346.99438477 
        4939.43507497            0.50000000         7272.39404297        20638.19335937         2331.99438477 
        4939.98286958            0.50000000         7220.39404297        20441.19335937         2326.99438477 
        4940.46168197            0.50000000         7276.39404297        20625.19335937         2341.99438477 
        4940.96528508            0.50000000         7246.39404297        20630.19335937         2369.99438477 
        4941.43936721            0.50000000         7159.39404297        20409.19335937         2290.99438477 
        4941.93824871            0.50000000         7188.39404297        20448.19335937         2310.99438477 
        4942.42735845            0.50000000         7260.39404297        20723.19335937         2351.99438477 
        4942.96599587            0.50000000         7169.39404297        20520.19335937         2335.99438477 
        4943.45038517            0.50000000         7160.39404297        20450.19335937         2310.99438477 
        4944.00904478            0.50000000         7216.39404297        20674.19335937         2329.99438477 
        4944.45903933            0.50000000         7096.39404297        20308.19335937         2271.99438477 
        4944.99321522            0.50000000         7127.39404297        20451.19335937         2305.99438477 
        4945.45824899            0.50000000         7029.39404297        20156.19335937         2251.99438477 
        4945.95307092            0.50000000         7045.39404297        20272.19335937         2269.99438477 
        4946.42820201            0.50000000         7123.39404297        20476.19335937         2306.99438477 
        4946.98264797            0.50000000         7070.39404297        20331.19335937         2271.99438477 
        4947.46789985            0.50000000         7130.39404297        20584.19335937         2310.99438477 
        4948.03746103            0.50000000         7095.39404297        20487.19335937         2336.99438477 
        4948.46348759            0.50000000         7050.39404297        20390.19335937         2308.99438477 
        4949.00852239            0.50000000         7034.39404297        20384.19335937         2278.99438477 
        4949.46942710            0.50000000         7059.39404297        20474.19335937         2282.99438477 
        4949.97504359            0.50000000         7023.39404297        20427.19335937         2276.99438477 
        4950.42622829            0.50000000         7026.39404297        20332.19335937         2272.99438477 
        4951.00149541            0.50000000         7106.39404297        20718.19335937         2319.99438477 
        4951.47272839            0.50000000         6999.39404297        20402.19335937         2300.99438477 
        4952.06811044            0.50000000         7051.39404297        20547.19335937         2293.99438477 
        4952.47008195            0.50000000         7044.39404297        20537.19335937         2287.99438477 
        4953.02104785            0.50000000         7024.39404297        20544.19335937         2294.99438477 
        4953.47284074            0.50000000         7045.39404297        20582.19335937         2276.99438477 
        4953.98928596            0.50000000         6976.39404297        20416.19335937         2269.99438477 
        4954.43630488            0.50000000         6995.39404297        20440.19335937         2260.99438477 
        4955.01259288            0.50000000         6995.39404297        20502.19335937         2289.99438477 
        4955.47969254            0.50000000         6915.39404297        20257.19335937         2241.99438477 
        4956.07115912            0.50000000         7002.39404297        20611.19335937         2270.99438477 
        4956.47881427            0.50000000         6887.39404297        20266.19335937         2230.99438477 
        4957.03075711            0.50000000         6888.39404297        20223.19335937         2215.99438477 
        4957.48335116            0.50000000         6914.39404297        20386.19335937         2223.99438477 
        4958.02061316            0.50000000         6873.39404297        20248.19335937         2232.99438477 
        4958.44354790            0.50000000         6866.39404297        20251.19335937         2222.99438477 
        4959.01587944            0.50000000         6892.39404297        20361.19335937         2242.99438477 
        4959.48878414            0.50000000         6803.39404297        20160.19335937         2183.99438477 
        4960.07631904            0.50000000         6862.39404297        20325.19335937         2230.99438477 
        4960.48469573            0.50000000         6762.39404297        20030.19335937         2166.99438477 
        4961.02765187            0.50000000         6913.39404297        20555.19335937         2235.99438477 
        4961.48104517            0.50000000         6738.39404297        20040.19335937         2177.99438477 
        4962.01925603            0.50000000         6905.39404297        20515.19335937         2226.99438477 
        4962.43795282            0.50000000         6748.39404297        20062.19335937         2162.99438477 
        4963.01628030            0.50000000         6883.39404297        20489.19335937         2183.99438477 
        4963.48503319            0.50000000         6681.39404297        19930.19335937         2108.99438477 
        4964.09355911            0.50000000         6780.39404297        20272.19335937         2123.99438477 
        4964.48270224            0.50000000         6701.39404297        19974.19335937         2059.99438477 
        4965.03160731            0.50000000         6761.39404297        20210.19335937         2057.99438477 
        4965.48081026            0.50000000         6672.39404297        19969.19335937         1935.99438477 
        4966.02496404            0.50000000         6752.39404297        20187.19335937         1690.99438477 
        4966.43441345            0.50000000         6693.39404297        20061.19335937         1363.99438477 
        4967.02375081            0.50000000         6730.39404297        20179.19335937         1174.99438477 
        4967.48334036            0.50000000         6628.39404297        19780.19335937         1211.99438477 
        4968.08294485            0.50000000         6727.39404297        20079.19335937         1397.99438477 
        4968.46777448            0.50000000         6627.39404297        19618.19335937         1444.99438477 
        4969.02264369            0.50000000         6683.39404297        19663.19335937         1410.99438477 
        4969.47263719            0.50000000         6609.39404297        19479.19335937         1356.99438477 
        4970.01274711            0.50000000         6687.39404297        19476.19335937         1303.99438477 
        4970.42791887            0.50000000         6608.39404297        18864.19335937         1208.99438477 
        4971.01328989            0.50000000         6629.39404297        18581.19335937         1164.99438477 
        4971.47368758            0.50000000         6576.39404297        18468.19335937         1148.99438477 
        4972.07935267            0.50000000         6654.39404297        18904.19335937         1167.99438477 
        4972.46986700            0.50000000         6578.39404297        18987.19335937         1143.99438477 
        4973.02571462            0.50000000         6624.39404297        19390.19335937         1123.99438477 
        4973.47149245            0.50000000         6529.39404297        19146.19335937         1053.99438477 
        4974.00754334            0.50000000         6572.39404297        19188.19335937         1019.99432373 
        4974.41843424            0.50000000         6515.39404297        19038.19335937          943.99432373 
        4975.01485923            0.50000000         6572.39404297        19237.19335937          920.99432373 
        4975.47105449            0.50000000         6482.39404297        18986.19335937          858.99432373 
        4976.06775561            0.50000000         6609.39404297        19308.19335937          829.99432373 
        4976.45393976            0.50000000         6461.39404297        18793.19335937          805.99432373 
        4977.01076217            0.50000000         6583.39404297        18794.19335937          760.99432373 
        4977.46233985            0.50000000         6448.39404297        18180.19335937          725.99432373 
        4977.98929377            0.50000000         6573.39404297        18195.19335937          718.99432373 
        4978.40592465            0.50000000         6456.39404297        17624.19335937          674.99432373 
        4978.99335316            0.50000000         6530.39404297        17527.19335937          649.99432373 
        4979.46541411            0.50000000         6449.39404297        17114.19335937          647.99432373 
        4980.05813984            0.50000000         6532.39404297        16860.19335937          632.99432373 
        4980.45505094            0.50000000         6423.39404297        16172.19433594          588.99432373 
        4981.01285307            0.50000000         6400.39404297        15681.19433594          582.99432373 
        4981.46522538            0.50000000         6420.39404297        15474.19433594          572.99432373 
        4981.99310665            0.50000000         6381.39404297        15058.19433594          549.99432373 
        4982.40544186            0.50000000         6399.39404297        14870.19433594          557.99432373 
        4982.99390305            0.50000000         6410.39404297        14578.19433594          556.99432373 
        4983.46176268            0.50000000         6356.39404297        14238.19433594          521.99432373 
        4984.03036657            0.50000000         6395.39404297        14121.19433594          526.99432373 
        4984.45817096            0.50000000         6361.39404297        13871.19433594          531.99432373 
        4984.99178073            0.50000000         6330.39404297        13594.19433594          520.99432373 
        4985.44997933            0.50000000         6350.39404297        13432.19433594          516.99432373 
        4985.96871086            0.50000000         6291.39404297        13092.19433594          504.99432373 
        4986.41703024            0.50000000         6347.39404297        12974.19433594          526.99432373 
        4986.98637175            0.50000000         6288.39404297        12625.19433594          523.99432373 
        4987.46009158            0.50000000         6284.39404297        12394.19433594          511.99432373 
        4988.04481765            0.50000000         6321.39404297        12245.19433594          514.99432373 
        4988.45824893            0.50000000         6252.39404297        11874.19433594          499.99432373 
        4988.99279551            0.50000000         6289.39404297        11700.19433594          509.99432373 
        4989.46188765            0.50000000         6203.39404297        11299.19433594          494.99432373 
        4989.96134976            0.50000000         6202.39404297        11214.19433594          459.99432373 
        4990.41550109            0.50000000         6201.39404297        11232.19433594          483.99432373 
        4990.98079340            0.50000000         6191.39404297        11367.19433594          488.99432373 
        4991.45534322            0.50000000         6152.39404297        11530.19433594          485.99432373 
        4992.01584291            0.50000000         6131.39404297        11816.19433594          493.99432373 
        4992.45019853            0.50000000         6154.39404297        12123.19433594          490.99432373 
        4992.98062847            0.50000000         6104.39404297        12253.19433594          498.99432373 
        4993.45559407            0.50000000         6169.39404297        12609.19433594          509.99432373 
        4993.93571286            0.50000000         6062.39404297        12530.19433594          513.99432373 
        4994.42098805            0.50000000         6172.39404297        12838.19433594          507.99432373 
        4994.95693249            0.50000000         6146.39404297        12843.19433594          505.99432373 
        4995.44242462            0.50000000         6138.39404297        12905.19433594          514.99432373 
        4995.99884450            0.50000000         6061.39404297        12757.19433594          503.99432373 
        4996.47949797            0.50000000         6121.39404297        12852.19433594          486.99432373 
        4996.96531364            0.50000000         6066.39404297        12729.19433594          480.99432373 
        4997.45123255            0.50000000         5998.39404297        12580.19433594          490.99432373 
        4997.91700176            0.50000000         6044.39404297        12626.19433594          474.99432373 
        4998.44363774            0.50000000         6017.39404297        12497.19433594          455.99432373 
        4998.95013286            0.50000000         5903.39404297        12177.19433594          441.99432373 
        4999.44660692            0.50000000         6068.39404297        12371.19433594          449.99432373 
        4999.98879861            0.50000000         6045.39404297        12218.19433594          440.99432373 
        5000.48549814            0.50000000         6042.39404297        12108.19433594          422.99432373 
        5000.96709552            0.50000000         5989.39404297        11908.19433594          428.99432373 
        5001.46907854            0.50000000         6064.39404297        11984.19433594          447.99432373 
        5001.93059442            0.50000000         6023.39404297        11846.19433594          453.99432373 
        5002.45308181            0.50000000         6035.39404297        11856.19433594          424.99432373 
        5002.92494474            0.50000000         5951.39404297        11730.19433594          424.99432373 
        5003.46288562            0.50000000         6001.39404297        11893.19433594          437.99432373 
        5003.97049288            0.50000000         5869.39404297        11696.19433594          404.99432373 
        5004.50360162            0.50000000         5934.39404297        11929.19433594          416.99432373 
        5004.95049312            0.50000000         5872.39404297        11882.19433594          411.99432373 
        5005.46859010            0.50000000         5969.39404297        12193.19433594          412.99432373 
        5005.91566990            0.50000000         5854.39404297        12024.19433594          414.99432373 
        5007.59808111            0.50000000         5843.39404297        12406.19433594          433.99432373 
        5009.40385331            0.50000000         5807.39404297        12681.19433594          437.99432373 
        5011.20086323            0.50000000         5668.39404297        12637.19433594          453.99432373 
        5013.02476533            0.50000000         5635.39404297        12833.19433594          432.99432373 
        5014.83481572            0.50000000         5572.39404297        12860.19433594          438.99432373 
        5016.80965250            0.50000000         5541.39404297        12967.19433594          444.99432373 
        5018.75042204            0.50000000         5452.39404297        12867.19433594          445.99432373 
        5020.79510940            0.50000000         5447.39404297        12899.19433594          432.99432373 
        5022.78019484            0.50000000         5430.39404297        12933.19433594          442.99432373 
        5024.87457660            0.50000000         5312.39404297        12804.19433594          457.99432373 
        5026.91958908            0.50000000         5260.39404297        12722.19433594          427.99432373 
        5029.06393276            0.50000000         5183.39404297        12551.19433594          423.99432373 
        5031.21027410            0.50000000         5212.39404297        12657.19433594          423.99432373 
        5033.47688409            0.50000000         5150.39404297        12529.19433594          401.99432373 
        5035.74572380            0.50000000         5063.39404297        12302.19433594          375.99432373 
        5038.01679641            0.50000000         5042.39404297        12214.19433594          358.99432373 
        5040.27463287            0.50000000         4930.39404297        11954.19433594          354.99432373 
        5042.66374297            0.50000000         4922.39404297        11937.19433594          351.99432373 
        5045.13284748            0.50000000         4881.39404297        11892.19433594          329.99432373 
        5047.46490313            0.50000000         4789.39404297        11780.19433594          346.99432373 
        5049.99093051            0.50000000         4775.39404297        11842.19433594          344.99432373 
        5052.44194646            0.50000000         4648.39404297        11660.19433594          352.99432373 
        5054.96303029            0.50000000         4620.39404297        11655.19433594          352.99432373 
        5057.59077899            0.50000000         4563.39404297        11559.19433594          351.99432373 
        5060.17469022            0.50000000         4512.39404297        11478.19433594          352.99432373 
        5062.80314330            0.50000000         4439.39404297        11368.19433594          359.99432373 
        5065.57013484            0.50000000         4393.39404297        11310.19433594          357.99432373 
        5068.26734273            0.50000000         4328.39404297        11261.19433594          347.99432373 
        5071.07743389            0.50000000         4158.39404297        10957.19433594          333.99432373 
        5073.96418151            0.50000000         4196.39404297        11125.19433594          345.99432373 
        5076.78640166            0.50000000         4082.39404297        11005.19433594          333.99432373 
        5079.67499175            0.50000000         3932.39404297        10690.19433594          308.99432373 
        5082.71948375            0.50000000         3914.39404297        10766.19433594          293.99432373 
        5085.73639701            0.50000000         3837.39404297        10691.19433594          282.99432373 
        5088.71508442            0.50000000         3797.39404297        10672.19433594          275.99432373 
        5091.85048939            0.50000000         3740.39404297        10624.19433594          285.99432373 
        5094.96898338            0.50000000         3663.39404297        10556.19433594          273.99432373 
        5098.07049004            0.50000000         3624.39404297        10578.19433594          284.99432373 
        5101.24493511            0.50000000         3549.39404297        10524.19433594          283.99432373 
        5104.51381344            0.50000000         3472.39404297        10420.19433594          301.99432373 
        5107.79256341            0.50000000         3407.39404297        10335.19433594          288.99432373 
        5111.07058345            0.50000000         3409.39404297        10385.19433594          296.99432373 
        5114.40642495            0.50000000         3349.39404297        10250.19433594          296.99432373 
        5117.78432897            0.50000000         3233.39404297        10115.19433594          287.99432373 
        5121.18310842            0.50000000         3160.39404297        10003.19433594          286.99432373 
        5124.60284295            0.50000000         3088.39404297         9760.19433594          294.99432373 
        5128.08109834            0.50000000         3127.39404297        10017.19433594          303.99432373 
        5131.61275934            0.50000000         3034.39404297         9778.19433594          288.99432373 
        5135.13897069            0.50000000         2951.39404297         9653.19433594          267.99432373 
        5138.71886720            0.50000000         2886.39404297         9531.19433594          273.99432373 
        5142.42272008            0.50000000         2865.39404297         9530.19433594          282.99432373 
        5145.98668794            0.50000000         2690.39404297         9120.19433594          251.99432373 
        5149.70193983            0.50000000         2646.39404297         9071.19433594          245.99432373 
        5153.42843777            0.50000000         2621.39404297         9034.19433594          247.99432373 
        5157.18248472            0.50000000         2564.39404297         8985.19433594          241.99432373 
        5161.05107909            0.50000000         2489.39404297         8847.19433594          235.99432373 
        5164.85527509            0.50000000         2386.39404297         8604.19433594          253.99432373 
        5168.74728178            0.50000000         2382.39404297         8678.19433594          247.99432373 
        5172.70568737            0.50000000         2289.39404297         8438.19433594          233.99432373 
        5176.55043219            0.50000000         2212.39404297         8272.19433594          242.99432373 
        5180.57110204            0.50000000         1773.39404297         6718.19433594          208.99432373 
        5184.54919932            0.50000000         2130.39404297         8095.19433594          246.99432373 
        5188.55041144            0.50000000         2071.39404297         8069.19433594          249.99432373 
        5192.70690048            0.50000000         1991.39404297         7830.19433594          247.99432373 
        5196.83203404            0.50000000         1914.39404297         7613.19433594          238.99432373 
        5200.94771756            0.50000000         1846.39404297         7423.19433594          245.99432373 
        5205.15344710            0.50000000         1742.39404297         7069.19433594          230.99432373 
        5208.92884851            0.50000000         1617.39404297         6605.19433594          205.99432373 
