# 1-D Scan File created by LabVIEW Control Panel  12/6/2011  1:01:28 AM; Scan time 0 hrs 4 min 28 sec. 
#
# Beamline 20 BM
#
# Scan config: 
#                 E0: 4966.00 eV   223 points
#        Scan bounds:  -100.00 -30.00 40.00 243.35 (7.99 (k))
#       Scan step(s):  5.00 0.50 0.07
#  Integration times:  0.50 0.50 0.50    kwgt in EXAFS region: 0.0 
#
# User Comment:
# 50oC
#
#
# Amplifier Sensitivities:
# Preslit: 20 nA/V  I0: 20 nA/V  I: 100 pA/V  IREF: 50 pA/V  
#
# Analog Input Voltages at start/end of scan:
# Preslit: 0.034/0.031  I0: 0.567/0.307  Ignore: 0.016/0.009  I: 0.848/0.682  IREF: 0.230/0.141  
#
# Mono Info:
# 
#
# ID Info:
# 
#
# Slit Info:
# Kappa S1:  Center is at -542 (H), 500 (V)   Size is 8000 wide x 2000 high
# Vacuum Slits:  Center is at 850 (H), -25 (V)   Size is 899 wide x 1000 high
#
# Motor Positions:
# SMV (20bm:m29): -37594.243125 SMH (20bm:m30): 4802.187500 
#
# Detector Names/PVs:
# I0/20bm:scaler1_netA.C  I/20bm:scaler1_netA.E  IREF/20bm:scaler1_netA.F  
#
# Positioner names/Drive PVs/Readback PVs:
# Mono Energy */20bm:monoE.VAL/20bm:EnctoE.VAL  Scaler preset time */20bm:scaler1.TP/  
# Here is a readable list of column headings:
#  1) Mono Energy *        
#  2) Scaler preset time * 
#  3) I0                   
#  4) I                    
#  5) IREF                 
#
# Column Headings:
#Mono Energy *        Scaler preset time * I0                   I                    IREF                 
        4865.40568254            0.50000000        23510.39453125        37372.19531250         5296.99414062 
        4870.45241530            0.50000000        23302.39453125        37323.19531250         5254.99414062 
        4875.46271053            0.50000000        23259.39453125        37683.19531250         5152.99414062 
        4880.54682416            0.50000000        23067.39453125        37667.19531250         5061.99414062 
        4885.58960585            0.50000000        22883.39453125        37684.19531250         4974.99414062 
        4890.58107683            0.50000000        22774.39453125        37829.19531250         4904.99414062 
        4895.66118128            0.50000000        22687.39453125        38055.19531250         4888.99414062 
        4900.78198347            0.50000000        22588.39453125        38324.19531250         4781.99414062 
        4905.81246765            0.50000000        22465.39453125        38390.19531250         4768.99414062 
        4910.82018967            0.50000000        22387.39453125        38726.19531250         4730.99414062 
        4915.83425465            0.50000000        22079.39453125        38549.19531250         4622.99414062 
        4920.85466623            0.50000000        22128.39453125        39025.19531250         4648.99414062 
        4925.89123776            0.50000000        22001.39453125        39272.19531250         4586.99414062 
        4930.90962771            0.50000000        21970.39453125        39679.19531250         4603.99414062 
        4935.97372402            0.50000000        21864.39453125        39919.19531250         4611.99414062 
        4936.48618139            0.50000000        21980.39453125        40378.19531250         4629.99414062 
        4936.95439338            0.50000000        21964.39453125        40317.19531250         4596.99414062 
        4937.44735323            0.50000000        21997.39453125        40432.19531250         4593.99414062 
        4937.92562734            0.50000000        21865.39453125        40252.19531250         4569.99414062 
        4938.43852885            0.50000000        21899.39453125        40278.19531250         4583.99414062 
        4938.95648052            0.50000000        21903.39453125        40312.19531250         4628.99414062 
        4939.45481300            0.50000000        21844.39453125        40323.19531250         4572.99414062 
        4940.00261241            0.50000000        21845.39453125        40309.19531250         4561.99414062 
        4940.47155546            0.50000000        21898.39453125        40486.19531250         4573.99414062 
        4940.98503651            0.50000000        21886.39453125        40580.19531250         4565.99414062 
        4941.45912280            0.50000000        21771.39453125        40425.19531250         4526.99414062 
        4941.95306866            0.50000000        21830.39453125        40596.19531250         4544.99414062 
        4942.44218161            0.50000000        21920.39453125        40816.19531250         4552.99414062 
        4942.98576482            0.50000000        21812.39453125        40654.19531250         4562.99414062 
        4943.47015837            0.50000000        21758.39453125        40528.19531250         4545.99414062 
        4944.02882287            0.50000000        21855.39453125        40775.19531250         4577.99414062 
        4944.47387584            0.50000000        21762.39453125        40645.19531250         4536.99414062 
        4945.00310856            0.50000000        21761.39453125        40640.19531250         4559.99414062 
        4945.46814437            0.50000000        21661.39453125        40591.19531250         4513.99414062 
        4945.96791726            0.50000000        21634.39453125        40563.19531250         4493.99414062 
        4946.43810164            0.50000000        21729.39453125        40703.19531250         4534.99414062 
        4946.99750107            0.50000000        21722.39453125        40910.19531250         4546.99414062 
        4947.48275614            0.50000000        21681.39453125        40847.19531250         4566.99414062 
        4948.05727444            0.50000000        21698.39453125        40865.19531250         4597.99414062 
        4948.48330474            0.50000000        21636.39453125        40974.19531250         4553.99414062 
        4949.02338881            0.50000000        21611.39453125        40911.19531250         4556.99414062 
        4949.48925307            0.50000000        21667.39453125        41035.19531250         4572.99414062 
        4949.99983162            0.50000000        21613.39453125        40950.19531250         4553.99414062 
        4950.44606265            0.50000000        21653.39453125        41130.19531250         4544.99414062 
        4951.02133482            0.50000000        21732.39453125        41243.19531250         4582.99414062 
        4951.49257193            0.50000000        21641.39453125        41196.19531250         4561.99414062 
        4952.09292143            0.50000000        21703.39453125        41230.19531250         4544.99414062 
        4952.48993425            0.50000000        21704.39453125        41336.19531250         4563.99414062 
        4953.03594068            0.50000000        21679.39453125        41298.19531250         4556.99414062 
        4953.49766714            0.50000000        21744.39453125        41509.19531250         4582.99414062 
        4954.00915160            0.50000000        21604.39453125        41367.19531250         4569.99414062 
        4954.45120703            0.50000000        21667.39453125        41345.19531250         4582.99414062 
        4955.02749883            0.50000000        21711.39453125        41625.19531250         4614.99414062 
        4955.49957126            0.50000000        21566.39453125        41404.19531250         4545.99414062 
        4956.08607204            0.50000000        21724.39453125        41776.19531250         4578.99414062 
        4956.49372988            0.50000000        21536.39453125        41446.19531250         4538.99414062 
        4957.04567635            0.50000000        21590.39453125        41499.19531250         4557.99414062 
        4957.50324748            0.50000000        21614.39453125        41620.19531250         4567.99414062 
        4958.03553893            0.50000000        21586.39453125        41672.19531250         4555.99414062 
        4958.45847645            0.50000000        21511.39453125        41521.19531250         4539.99414062 
        4959.03578922            0.50000000        21588.39453125        41731.19531250         4536.99414062 
        4959.50371958            0.50000000        21440.39453125        41510.19531250         4506.99414062 
        4960.09125835            0.50000000        21549.39453125        41826.19531250         4540.99414062 
        4960.49963774            0.50000000        21534.39453125        41827.19531250         4512.99414062 
        4961.04259746            0.50000000        21684.39453125        42088.19531250         4569.99414062 
        4961.50097663            0.50000000        21400.39453125        41640.19531250         4493.99414062 
        4962.03420815            0.50000000        21707.39453125        42228.19531250         4541.99414062 
        4962.45290771            0.50000000        21403.39453125        41790.19531250         4492.99414062 
        4963.03622526            0.50000000        21693.39453125        42319.19531250         4518.99414062 
        4963.50498227            0.50000000        21353.39453125        41671.19531250         4403.99414062 
        4964.10353630            0.50000000        21469.39453125        41920.19531250         4397.99414062 
        4964.49268115            0.50000000        21318.39453125        41767.19531250         4304.99414062 
        4965.04158863            0.50000000        21495.39453125        42070.19531250         4220.99414062 
        4965.49079356            0.50000000        21369.39453125        41920.19531250         3976.99438477 
        4966.02995688            0.50000000        21401.39453125        41966.19531250         3478.99438477 
        4966.44440095            0.50000000        21413.39453125        42041.19531250         2781.99438477 
        4967.02874585            0.50000000        21507.39453125        42007.19531250         2423.99438477 
        4967.49333247            0.50000000        21413.39453125        41943.19531250         2587.99438477 
        4968.09293960            0.50000000        21504.39453125        41984.19531250         2866.99438477 
        4968.48276917            0.50000000        21363.39453125        41749.19531250         3004.99438477 
        4969.03264258            0.50000000        21465.39453125        41544.19531250         2964.99438477 
        4969.48263806            0.50000000        21397.39453125        41429.19531250         2854.99438477 
        4970.02275036            0.50000000        21489.39453125        41352.19531250         2744.99438477 
        4970.43292141            0.50000000        21374.39453125        41004.19531250         2582.99438477 
        4971.02329755            0.50000000        21472.39453125        41022.19531250         2530.99438477 
        4971.48369726            0.50000000        21333.39453125        41016.19531250         2441.99438477 
        4972.08435884            0.50000000        21357.39453125        41159.19531250         2432.99438477 
        4972.46986700            0.50000000        21303.39453125        41269.19531250         2359.99438477 
        4973.02571462            0.50000000        21397.39453125        41356.19531250         2312.99438477 
        4973.47650169            0.50000000        21338.39453125        41262.19531250         2227.99438477 
        4974.01255376            0.50000000        21427.39453125        40995.19531250         2120.99438477 
        4974.42845690            0.50000000        21297.39453125        40321.19531250         1963.99438477 
        4975.01987187            0.50000000        21308.39453125        39432.19531250         1833.99438477 
        4975.48108179            0.50000000        21257.39453125        38561.19531250         1728.99438477 
        4976.07778554            0.50000000        21439.39453125        37965.19531250         1666.99438477 
        4976.46898723            0.50000000        21207.39453125        37069.19531250         1568.99438477 
        4977.02079626            0.50000000        21404.39453125        36909.19531250         1544.99438477 
        4977.47237593            0.50000000        21169.39453125        36097.19531250         1482.99438477 
        4978.00937062            0.50000000        21386.39453125        36171.19531250         1425.99438477 
        4978.42600518            0.50000000        21133.39453125        35441.19531250         1367.99438477 
        4979.00841742            0.50000000        21309.39453125        35530.19531250         1341.99438477 
        4979.48048149            0.50000000        21238.39453125        35175.19531250         1280.99438477 
        4980.07823494            0.50000000        21293.39453125        34967.19531250         1268.99438477 
        4980.47514955            0.50000000        21174.39453125        34534.19531250         1233.99438477 
        4981.02793070            0.50000000        21121.39453125        33970.19531250         1213.99438477 
        4981.48030601            0.50000000        21245.39453125        33563.19531250         1198.99438477 
        4982.00819077            0.50000000        21112.39453125        32694.19335937         1126.99438477 
        4982.43058667            0.50000000        21114.39453125        31871.19335937         1150.99438477 
        4983.00396353            0.50000000        21170.39453125        30894.19335937         1090.99438477 
        4983.47685652            0.50000000        21037.39453125        29760.19335937         1088.99438477 
        4984.05552931            0.50000000        21033.39453125        28419.19335937         1070.99438477 
        4984.47327141            0.50000000        21070.39453125        27557.19335937         1055.99438477 
        4985.00688471            0.50000000        21066.39453125        26569.19335937         1033.99438477 
        4985.47515775            0.50000000        21040.39453125        25810.19335937         1030.99438477 
        4985.98885815            0.50000000        20995.39453125        25138.19335937          990.99432373 
        4986.43214366            0.50000000        21072.39453125        24895.19335937         1005.99432373 
        4987.00148895            0.50000000        21040.39453125        24598.19335937         1038.99438477 
        4987.47521192            0.50000000        20935.39453125        24414.19335937         1014.99432373 
        4988.05994187            0.50000000        21069.39453125        24594.19335937         1041.99438477 
        4988.46833355            0.50000000        20910.39453125        24625.19335937         1008.99432373 
        4989.00792601            0.50000000        20958.39453125        25054.19335937         1016.99432373 
        4989.47197671            0.50000000        20852.39453125        25291.19335937          992.99432373 
        4989.97648668            0.50000000        20804.39453125        25719.19335937          998.99432373 
        4990.42054772            0.50000000        20855.39453125        26353.19335937         1006.99432373 
        4990.99593709            0.50000000        20846.39453125        26891.19335937         1032.99438477 
        4991.46544110            0.50000000        20754.39453125        27302.19335937         1015.99432373 
        4992.03099346            0.50000000        20837.39453125        27971.19335937         1022.99432373 
        4992.46535196            0.50000000        20688.39453125        28171.19335937         1034.99438477 
        4992.99578542            0.50000000        20711.39453125        28456.19335937         1023.99432373 
        4993.46570080            0.50000000        20774.39453125        28805.19335937         1035.99438477 
        4993.95087615            0.50000000        20677.39453125        28780.19335937         1029.99438477 
        4994.43109904            0.50000000        20653.39453125        28836.19335937         1043.99438477 
        4994.97210255            0.50000000        20801.39453125        28980.19335937         1042.99438477 
        4995.45759791            0.50000000        20719.39453125        28866.19335937         1021.99432373 
        4996.01402149            0.50000000        20586.39453125        28581.19335937          989.99432373 
        4996.47949797            0.50000000        20686.39453125        28620.19335937          993.99432373 
        4996.98555820            0.50000000        20678.39453125        28357.19335937          991.99432373 
        4997.46641918            0.50000000        20551.39453125        28004.19335937          992.99432373 
        4997.93219149            0.50000000        20604.39453125        27858.19335937          983.99432373 
        4998.44870213            0.50000000        20517.39453125        27457.19335937          945.99432373 
        4998.96026391            0.50000000        20409.39453125        27110.19335937          900.99432373 
        4999.46180681            0.50000000        20602.39453125        27142.19335937          914.99432373 
        5000.00400209            0.50000000        20595.39453125        27000.19335937          937.99432373 
        5000.49056706            0.50000000        20467.39453125        26747.19335937          891.99432373 
        5000.97723550            0.50000000        20446.39453125        26627.19335937          884.99432373 
        5001.47922075            0.50000000        20609.39453125        26876.19335937          898.99432373 
        5001.93566654            0.50000000        20507.39453125        26878.19335937          873.99432373 
        5002.45815509            0.50000000        20443.39453125        26926.19335937          886.99432373 
        5002.93509340            0.50000000        20355.39453125        26955.19335937          860.99432373 
        5003.46796113            0.50000000        20498.39453125        27474.19335937          894.99432373 
        5003.98064617            0.50000000        20266.39453125        27387.19335937          886.99432373 
        5004.50867945            0.50000000        20357.39453125        27825.19335937          879.99432373 
        5004.95557193            0.50000000        20250.39453125        27991.19335937          892.99432373 
        5005.47875003            0.50000000        20424.39453125        28494.19335937          908.99432373 
        5005.92075085            0.50000000        20209.39453125        28571.19335937          888.99432373 
        5007.59808111            0.50000000        20229.39453125        29739.19335937          913.99432373 
        5009.39876463            0.50000000        20232.39453125        30549.19335937          933.99432373 
        5011.19577056            0.50000000        20021.39453125        30729.19335937          969.99432373 
        5013.01966861            0.50000000        19913.39453125        30809.19335937          968.99432373 
        5014.83481572            0.50000000        19797.39453125        30584.19335937          966.99432373 
        5016.80965250            0.50000000        19813.39453125        30603.19335937          982.99432373 
        5018.74531260            0.50000000        19681.39453125        30583.19335937          971.99432373 
        5020.78488144            0.50000000        19672.39453125        30997.19335937          996.99432373 
        5022.77507644            0.50000000        19570.39453125        31157.19335937          991.99432373 
        5024.86945353            0.50000000        19422.39453125        31224.19335937          985.99432373 
        5026.90933386            0.50000000        19326.39453125        31179.19335937          977.99432373 
        5029.05366799            0.50000000        19208.39453125        31009.19335937          934.99432373 
        5031.18458834            0.50000000        19228.39453125        31018.19335937          918.99432373 
        5033.45117307            0.50000000        19170.39453125        30754.19335937          897.99432373 
        5035.71998748            0.50000000        19007.39453125        30149.19335937          875.99432373 
        5038.00133939            0.50000000        18927.39453125        29800.19335937          823.99432373 
        5040.24884603            0.50000000        18671.39453125        29259.19335937          807.99432373 
        5042.63276678            0.50000000        18703.39453125        29371.19335937          766.99432373 
        5045.10700638            0.50000000        18622.39453125        29537.19335937          743.99432373 
        5047.43386256            0.50000000        18484.39453125        29658.19335937          737.99432373 
        5049.96503510            0.50000000        18455.39453125        29850.19335937          786.99432373 
        5052.41083910            0.50000000        18198.39453125        29633.19335937          791.99432373 
        5054.92669891            0.50000000        18132.39453125        29713.19335937          797.99432373 
        5057.55960247            0.50000000        18079.39453125        29906.19335937          813.99432373 
        5060.14868081            0.50000000        18046.39453125        30218.19335937          834.99432373 
        5062.77710442            0.50000000        17895.39453125        30360.19335937          852.99432373 
        5065.54927889            0.50000000        17806.39453125        30401.19335937          866.99432373 
        5068.25168259            0.50000000        17685.39453125        30478.19335937          868.99432373 
        5071.06175482            0.50000000        17346.39453125        30181.19335937          862.99432373 
        5073.94848299            0.50000000        17436.39453125        30688.19335937          849.99432373 
        5076.77068411            0.50000000        17251.39453125        30714.19335937          833.99432373 
        5079.65925470            0.50000000        16874.39453125        30316.19335937          806.99432373 
        5082.70372616            0.50000000        16817.39453125        30596.19335937          774.99432373 
        5085.71535973            0.50000000        16639.39453125        30584.19335937          754.99432373 
        5088.69402029            0.50000000        16674.39453125        30834.19335937          751.99432373 
        5091.82939699            0.50000000        16465.39453125        30823.19335937          699.99432373 
        5094.95314296            0.50000000        16264.39355469        30701.19335937          709.99432373 
        5098.05462862            0.50000000        16193.39355469        30887.19335937          726.99432373 
        5101.23434648            0.50000000        16050.39355469        30954.19335937          738.99432373 
        5104.50851173            0.50000000        15893.39355469        31088.19335937          770.99432373 
        5107.78194517            0.50000000        15774.39355469        31198.19335937          816.99432373 
        5111.06526691            0.50000000        15757.39355469        31358.19335937          806.99432373 
        5114.39577678            0.50000000        15715.39355469        31436.19335937          825.99432373 
        5117.77366549            0.50000000        15381.39355469        31092.19335937          815.99432373 
        5121.17242953            0.50000000        15129.39355469        30926.19335937          815.99432373 
        5124.60284295            0.50000000        14919.39355469        30682.19335937          791.99432373 
        5128.08109834            0.50000000        15075.39355469        31272.19335937          824.99432373 
        5131.60739622            0.50000000        14782.39355469        30898.19335937          816.99432373 
        5135.13359955            0.50000000        14627.39355469        30997.19335937          819.99432373 
        5138.71348792            0.50000000        14437.39355469        30886.19335937          796.99432373 
        5142.41733236            0.50000000        14365.39355469        31014.19335937          798.99432373 
        5145.98668794            0.50000000        13897.39355469        30482.19335937          763.99432373 
        5149.70193983            0.50000000        13865.39355469        30736.19335937          755.99432373 
        5153.42843777            0.50000000        13751.39355469        30738.19335937          772.99432373 
        5157.17706334            0.50000000        13588.39355469        30866.19335937          757.99432373 
        5161.05107909            0.50000000        13418.39355469        30932.19335937          761.99432373 
        5164.85527509            0.50000000        13044.39355469        30556.19335937          768.99432373 
        5168.74728178            0.50000000        13005.39355469        30863.19335937          796.99432373 
        5172.70568737            0.50000000        12695.39355469        30498.19335937          773.99432373 
        5176.55043219            0.50000000        12446.39355469        30389.19335937          829.99432373 
        5180.56015224            0.50000000        10201.39355469        25374.19335937          719.99432373 
        5184.55468336            0.50000000        12354.39355469        30833.19335937          852.99432373 
        5188.55041144            0.50000000        12091.39355469        30683.19335937          849.99432373 
        5192.71240326            0.50000000        11755.39355469        30089.19335937          827.99432373 
        5196.84305860            0.50000000        11368.39355469        29562.19335937          795.99432373 
        5200.94771756            0.50000000        11107.39355469        29170.19335937          803.99432373 
        5205.15897853            0.50000000        10833.39355469        28801.19335937          787.99432373 
        5208.93438865            0.50000000        10308.39355469        27711.19335937          762.99432373 
