# 1-D Scan File created by LabVIEW Control Panel  12/5/2011  11:06:00 PM; Scan time 0 hrs 4 min 28 sec. 
#
# Beamline 20 BM
#
# Scan config: 
#                 E0: 4966.00 eV   223 points
#        Scan bounds:  -100.00 -30.00 40.00 243.35 (7.99 (k))
#       Scan step(s):  5.00 0.50 0.07
#  Integration times:  0.50 0.50 0.50    kwgt in EXAFS region: 0.0 
#
# User Comment:
# 50oC
#
#
# Amplifier Sensitivities:
# Preslit: 20 nA/V  I0: 20 nA/V  I: 100 pA/V  IREF: 50 pA/V  
#
# Analog Input Voltages at start/end of scan:
# Preslit: 0.034/0.032  I0: 0.737/0.527  Ignore: 0.021/0.013  I: 0.927/0.962  IREF: 0.243/0.150  
#
# Mono Info:
# 
#
# ID Info:
# 
#
# Slit Info:
# Kappa S1:  Center is at -542 (H), 500 (V)   Size is 8000 wide x 2000 high
# Vacuum Slits:  Center is at 850 (H), -25 (V)   Size is 899 wide x 1000 high
#
# Motor Positions:
# SMV (20bm:m29): -37594.243125 SMH (20bm:m30): 4802.187500 
#
# Detector Names/PVs:
# I0/20bm:scaler1_netA.C  I/20bm:scaler1_netA.E  IREF/20bm:scaler1_netA.F  
#
# Positioner names/Drive PVs/Readback PVs:
# Mono Energy */20bm:monoE.VAL/20bm:EnctoE.VAL  Scaler preset time */20bm:scaler1.TP/  
# Here is a readable list of column headings:
#  1) Mono Energy *        
#  2) Scaler preset time * 
#  3) I0                   
#  4) I                    
#  5) IREF                 
#
# Column Headings:
#Mono Energy *        Scaler preset time * I0                   I                    IREF                 
        4865.41522989            0.50000000        31934.39453125        41205.19531250         5968.99414062 
        4870.47155359            0.50000000        31807.39453125        41416.19531250         5919.99414062 
        4875.48189209            0.50000000        31792.39453125        41778.19531250         5815.99414062 
        4880.56124329            0.50000000        31693.39453125        42052.19531250         5776.99414062 
        4885.60887503            0.50000000        31486.39453125        42104.19531250         5662.99414062 
        4890.60038926            0.50000000        31587.39453125        42646.19531250         5639.99414062 
        4895.68537692            0.50000000        31427.39453125        42837.19531250         5581.99414062 
        4900.79653417            0.50000000        31390.39453125        43162.19531250         5547.99414062 
        4905.82705115            0.50000000        31247.39453125        43464.19531250         5501.99414062 
        4910.83480583            0.50000000        31249.39453125        43919.19531250         5492.99414062 
        4915.84890357            0.50000000        30923.39453125        43904.19531250         5354.99414062 
        4920.87424191            0.50000000        31092.39453125        44659.19531250         5380.99414062 
        4925.91085739            0.50000000        30966.39453125        45079.19531250         5341.99414062 
        4930.92437529            0.50000000        30950.39453125        45477.19531250         5300.99414062 
        4935.98850481            0.50000000        30899.39453125        45991.19531250         5329.99414062 
        4936.49603748            0.50000000        31002.39453125        46221.19531250         5309.99414062 
        4936.96918061            0.50000000        31064.39453125        46317.19531250         5345.99414062 
        4937.46707387            0.50000000        31085.39453125        46424.19531250         5392.99414062 
        4937.94535217            0.50000000        30912.39453125        46275.19531250         5335.99414062 
        4938.45332581            0.50000000        30981.39453125        46366.19531250         5335.99414062 
        4938.97128088            0.50000000        31059.39453125        46512.19531250         5346.99414062 
        4939.46468209            0.50000000        30984.39453125        46534.19531250         5334.99414062 
        4940.01248389            0.50000000        30924.39453125        46432.19531250         5278.99414062 
        4940.48636577            0.50000000        30958.39453125        46568.19531250         5293.99414062 
        4940.99491229            0.50000000        31013.39453125        46777.19531250         5326.99414062 
        4941.47393960            0.50000000        30824.39453125        46500.19531250         5299.99414062 
        4941.97282874            0.50000000        30887.39453125        46637.19531250         5313.99414062 
        4942.44712268            0.50000000        31047.39453125        46950.19531250         5351.99414062 
        4942.99564937            0.50000000        30923.39453125        46844.19531250         5328.99414062 
        4943.48004504            0.50000000        30826.39453125        46770.19531250         5289.99414062 
        4944.03871198            0.50000000        31006.39453125        47028.19531250         5382.99414062 
        4944.49365801            0.50000000        30807.39453125        46820.19531250         5306.99414062 
        4945.02289537            0.50000000        30792.39453125        46751.19531250         5313.99414062 
        4945.48793525            0.50000000        30694.39453125        46770.19531250         5297.99414062 
        4945.98771252            0.50000000        30701.39453125        46775.19531250         5244.99414062 
        4946.45790102            0.50000000        30873.39453125        47105.19531250         5337.99414062 
        4947.01730536            0.50000000        30770.39453125        47083.19531250         5317.99414062 
        4947.50256469            0.50000000        30737.39453125        47107.19531250         5344.99414062 
        4948.08204144            0.50000000        30798.39453125        47187.19531250         5334.99414062 
        4948.50312205            0.50000000        30744.39453125        47239.19531250         5317.99414062 
        4949.03825534            0.50000000        30702.39453125        47235.19531250         5317.99414062 
        4949.50412266            0.50000000        30789.39453125        47392.19531250         5324.99414062 
        4950.01470457            0.50000000        30669.39453125        47247.19531250         5293.99414062 
        4950.46589719            0.50000000        30698.39453125        47404.19531250         5303.99414062 
        4951.03125459            0.50000000        30932.39453125        47801.19531250         5365.99414062 
        4951.50745470            0.50000000        30680.39453125        47523.19531250         5310.99414062 
        4952.10284590            0.50000000        30988.39453125        47968.19531250         5416.99414062 
        4952.50482358            0.50000000        30994.39453125        47988.19531250         5383.99414062 
        4953.05579794            0.50000000        30931.39453125        48023.19531250         5362.99414062 
        4953.51256311            0.50000000        31005.39453125        48159.19531250         5369.99414062 
        4954.02901740            0.50000000        30907.39453125        48113.19531250         5364.99414062 
        4954.47107672            0.50000000        30992.39453125        48135.19531250         5365.99414062 
        4955.04240487            0.50000000        31065.39453125        48507.19531250         5379.99414062 
        4955.51448041            0.50000000        30858.39453125        48233.19531250         5344.99414062 
        4956.10595608            0.50000000        31051.39453125        48587.19531250         5376.99414062 
        4956.51361750            0.50000000        30821.39453125        48232.19531250         5303.99414062 
        4957.06059569            0.50000000        30932.39453125        48438.19531250         5302.99414062 
        4957.51319571            0.50000000        30931.39453125        48501.19531250         5328.99414062 
        4958.04548949            0.50000000        30911.39453125        48532.19531250         5370.99414062 
        4958.47340510            0.50000000        30892.39453125        48567.19531250         5290.99414062 
        4959.04076670            0.50000000        30912.39453125        48680.19531250         5346.99414062 
        4959.51865512            0.50000000        30798.39453125        48530.19531250         5329.99414062 
        4960.10121795            0.50000000        30934.39453125        48833.19531250         5329.99414062 
        4960.51956057            0.50000000        30834.39453125        48757.19531250         5296.99414062 
        4961.05256124            0.50000000        31086.39453125        49142.19531250         5389.99414062 
        4961.50595952            0.50000000        30681.39453125        48602.19531250         5253.99414062 
        4962.04417629            0.50000000        31085.39453125        49196.19531250         5341.99414062 
        4962.46287769            0.50000000        30651.39453125        48678.19531250         5195.99414062 
        4963.04121152            0.50000000        30992.39453125        49172.19531250         5277.99414062 
        4963.51495688            0.50000000        30638.39453125        48734.19531250         5164.99414062 
        4964.11351354            0.50000000        30798.39453125        49053.19531250         5161.99414062 
        4964.50764959            0.50000000        30646.39453125        48907.19531250         5047.99414062 
        4965.05157000            0.50000000        30843.39453125        49172.19531250         4957.99414062 
        4965.50576858            0.50000000        30626.39453125        48902.19531250         4678.99414062 
        4966.04493547            0.50000000        30768.39453125        49143.19531250         4085.99438477 
        4966.45938227            0.50000000        30663.39453125        49077.19531250         3298.99438477 
        4967.03873596            0.50000000        30747.39453125        49127.19531250         2893.99438477 
        4967.50832072            0.50000000        30607.39453125        48793.19531250         3047.99438477 
        4968.10293439            0.50000000        30724.39453125        48942.19531250         3460.99438477 
        4968.49776395            0.50000000        30605.39453125        48673.19531250         3535.99438477 
        4969.04264151            0.50000000        30727.39453125        48537.19531250         3560.99438477 
        4969.49263898            0.50000000        30610.39453125        48145.19531250         3376.99438477 
        4970.03275365            0.50000000        30668.39453125        48066.19531250         3245.99438477 
        4970.44292650            0.50000000        30599.39453125        47837.19531250         3098.99438477 
        4971.03330524            0.50000000        30621.39453125        47807.19531250         3010.99438477 
        4971.50371675            0.50000000        30509.39453125        47808.19531250         2931.99438477 
        4972.09937742            0.50000000        30664.39453125        48234.19531250         2939.99438477 
        4972.48989518            0.50000000        30609.39453125        48255.19531250         2874.99438477 
        4973.04073942            0.50000000        30645.39453125        48299.19531250         2749.99438477 
        4973.48652020            0.50000000        30526.39453125        48065.19531250         2645.99438477 
        4974.02758507            0.50000000        30642.39453125        47738.19531250         2498.99438477 
        4974.44349097            0.50000000        30572.39453125        47025.19531250         2358.99438477 
        4975.03490985            0.50000000        30560.39453125        45891.19531250         2221.99438477 
        4975.49110913            0.50000000        30468.39453125        44869.19531250         2096.99438477 
        4976.08781551            0.50000000        30754.39453125        44183.19531250         2034.99438477 
        4976.47901892            0.50000000        30423.39453125        43084.19531250         1909.99438477 
        4977.02581332            0.50000000        30741.39453125        43029.19531250         1854.99438477 
        4977.48743013            0.50000000        30452.39453125        42143.19531250         1774.99438477 
        4978.02442837            0.50000000        30707.39453125        42105.19531250         1728.99438477 
        4978.43604550            0.50000000        30419.39453125        41485.19531250         1665.99438477 
        4979.01846032            0.50000000        30628.39453125        41422.19531250         1614.99438477 
        4979.49554898            0.50000000        30438.39453125        40913.19531250         1575.99438477 
        4980.08828256            0.50000000        30653.39453125        40880.19531250         1545.99438477 
        4980.48519892            0.50000000        30385.39453125        40242.19531250         1472.99438477 
        4981.03798251            0.50000000        30409.39453125        39714.19531250         1474.99438477 
        4981.49538673            0.50000000        30536.39453125        39307.19531250         1441.99438477 
        4982.02327499            0.50000000        30429.39453125        38296.19531250         1394.99438477 
        4982.44064467            0.50000000        30441.39453125        37372.19531250         1409.99438477 
        4983.01402407            0.50000000        30536.39453125        36126.19531250         1367.99438477 
        4983.49195047            0.50000000        30301.39453125        34606.19531250         1329.99438477 
        4984.06559448            0.50000000        30465.39453125        33292.19531250         1293.99438477 
        4984.47830491            0.50000000        30447.39453125        32146.19335937         1297.99438477 
        4985.02198879            0.50000000        30379.39453125        30827.19335937         1269.99438477 
        4985.48522920            0.50000000        30407.39453125        30089.19335937         1272.99438477 
        4986.00396874            0.50000000        30261.39453125        29293.19335937         1228.99438477 
        4986.44221934            0.50000000        30415.39453125        29032.19335937         1243.99438477 
        4987.01660625            0.50000000        30319.39453125        28645.19335937         1247.99438477 
        4987.48529220            0.50000000        30288.39453125        28537.19335937         1247.99438477 
        4988.07002473            0.50000000        30397.39453125        28765.19335937         1264.99438477 
        4988.48346058            0.50000000        30229.39453125        28872.19335937         1247.99438477 
        4989.01801307            0.50000000        30321.39453125        29462.19335937         1236.99438477 
        4989.48206582            0.50000000        30166.39453125        29833.19335937         1229.99438477 
        4989.99162371            0.50000000        30128.39453125        30406.19335937         1256.99438477 
        4990.43064102            0.50000000        30222.39453125        31152.19335937         1270.99438477 
        4991.00603293            0.50000000        30177.39453125        31880.19335937         1285.99438477 
        4991.48563699            0.50000000        30036.39453125        32272.19335937         1263.99438477 
        4992.04109388            0.50000000        30137.39453125        33034.19531250         1285.99438477 
        4992.48050549            0.50000000        30077.39453125        33355.19531250         1274.99438477 
        4993.01094247            0.50000000        30072.39453125        33712.19531250         1277.99438477 
        4993.48086097            0.50000000        30129.39453125        34004.19531250         1306.99438477 
        4993.96098507            0.50000000        30019.39453125        34002.19531250         1311.99438477 
        4994.44121008            0.50000000        30027.39453125        34097.19531250         1276.99438477 
        4994.98221599            0.50000000        30202.39453125        34307.19531250         1302.99438477 
        4995.46771349            0.50000000        30084.39453125        34095.19531250         1291.99438477 
        4996.02413953            0.50000000        29943.39453125        33848.19531250         1278.99438477 
        4996.49467815            0.50000000        30124.39453125        33868.19531250         1267.99438477 
        4996.99568054            0.50000000        30142.39453125        33668.19531250         1260.99438477 
        4997.47654366            0.50000000        29932.39453125        33172.19531250         1216.99438477 
        4997.94231803            0.50000000        30089.39453125        33124.19531250         1213.99438477 
        4998.45883096            0.50000000        29875.39453125        32556.19335937         1204.99438477 
        4998.97546057            0.50000000        29777.39453125        32172.19335937         1172.99438477 
        4999.46687346            0.50000000        29960.39453125        32154.19335937         1161.99438477 
        5000.01413781            0.50000000        29994.39453125        32027.19335937         1171.99438477 
        5000.50070493            0.50000000        29933.39453125        31881.19335937         1167.99438477 
        5000.98230551            0.50000000        29824.39453125        31680.19335937         1121.99438477 
        5001.48429187            0.50000000        30062.39453125        32011.19335937         1141.99438477 
        5001.94073867            0.50000000        29916.39453125        31976.19335937         1133.99438477 
        5002.46322838            0.50000000        29949.39453125        32218.19335937         1108.99438477 
        5002.94016775            0.50000000        29768.39453125        32189.19335937         1085.99438477 
        5003.47811220            0.50000000        29922.39453125        32743.19335937         1135.99438477 
        5003.99079951            0.50000000        29665.39453125        32764.19335937         1086.99438477 
        5004.51883513            0.50000000        29715.39453125        33201.19531250         1099.99438477 
        5004.96065075            0.50000000        29618.39453125        33446.19531250         1082.99438477 
        5005.48891001            0.50000000        29846.39453125        34128.19531250         1156.99438477 
        5005.92583181            0.50000000        29573.39453125        34164.19531250         1105.99438477 
        5007.60825050            0.50000000        29654.39453125        35643.19531250         1155.99438477 
        5009.40894200            0.50000000        29677.39453125        36664.19531250         1190.99438477 
        5011.21104860            0.50000000        29457.39453125        36998.19531250         1186.99438477 
        5013.02986206            0.50000000        29424.39453125        37168.19531250         1216.99438477 
        5014.84501723            0.50000000        29310.39453125        37008.19531250         1215.99438477 
        5016.81986279            0.50000000        29221.39453125        36849.19531250         1202.99438477 
        5018.76064096            0.50000000        29135.39453125        36878.19531250         1221.99438477 
        5020.80022340            0.50000000        29165.39453125        37443.19531250         1238.99438477 
        5022.79043168            0.50000000        29134.39453125        37907.19531250         1226.99438477 
        5024.88482276            0.50000000        28970.39453125        38031.19531250         1231.99438477 
        5026.92471671            0.50000000        28924.39453125        38120.19531250         1233.99438477 
        5029.07419758            0.50000000        28723.39453125        37847.19531250         1185.99438477 
        5031.21027410            0.50000000        28876.39453125        38041.19531250         1188.99438477 
        5033.48202632            0.50000000        28845.39453125        37792.19531250         1172.99438477 
        5035.75601840            0.50000000        28693.39453125        37145.19531250         1073.99438477 
        5038.02194877            0.50000000        28623.39453125        36666.19531250         1036.99438477 
        5040.28494769            0.50000000        28366.39453125        36148.19531250         1015.99432373 
        5042.66374297            0.50000000        28492.39453125        36482.19531250         1009.99432373 
        5045.12251101            0.50000000        28331.39453125        36662.19531250         1005.99432373 
        5047.46490313            0.50000000        28243.39453125        36899.19531250         1009.99432373 
        5049.99610963            0.50000000        28241.39453125        37198.19531250         1040.99438477 
        5052.44194646            0.50000000        27901.39453125        36942.19531250         1028.99438477 
        5054.96822053            0.50000000        27867.39453125        37156.19531250         1083.99438477 
        5057.59077899            0.50000000        27771.39453125        37349.19531250         1084.99438477 
        5060.18509407            0.50000000        27625.39453125        37630.19531250         1082.99438477 
        5062.80314330            0.50000000        27508.39453125        37859.19531250         1108.99438477 
        5065.58056289            0.50000000        27464.39453125        38175.19531250         1108.99438477 
        5068.28300297            0.50000000        27364.39453125        38347.19531250         1138.99438477 
        5071.08788666            0.50000000        26950.39453125        38049.19531250         1118.99438477 
        5073.98511304            0.50000000        27195.39453125        38898.19531250         1153.99438477 
        5076.79688009            0.50000000        26937.39453125        38954.19531250         1108.99438477 
        5079.69072890            0.50000000        26509.39453125        38645.19531250         1055.99438477 
        5082.73524146            0.50000000        26584.39453125        39129.19531250         1033.99438477 
        5085.74691572            0.50000000        26333.39453125        39236.19531250         1011.99432373 
        5088.73088264            0.50000000        26409.39453125        39701.19531250          988.99432373 
        5091.86103566            0.50000000        26218.39453125        39665.19531250          979.99432373 
        5094.99010411            0.50000000        25955.39453125        39549.19531250          942.99432373 
        5098.09692598            0.50000000        25910.39453125        39909.19531250          969.99432373 
        5101.26081815            0.50000000        25721.39453125        40137.19531250         1015.99432373 
        5104.54032216            0.50000000        25549.39453125        40261.19531250         1051.99438477 
        5107.81380002            0.50000000        25344.39453125        40357.19531250         1068.99438477 
        5111.09184973            0.50000000        25407.39453125        40793.19531250         1092.99438477 
        5114.41707317            0.50000000        25279.39453125        40837.19531250         1102.99438477 
        5117.79499250            0.50000000        24871.39453125        40425.19531250         1076.99438477 
        5121.19378736            0.50000000        24721.39453125        40421.19531250         1100.99438477 
        5124.62423191            0.50000000        24472.39453125        40398.19531250         1091.99438477 
        5128.10251888            0.50000000        24719.39453125        41116.19531250         1106.99438477 
        5131.61812249            0.50000000        24360.39453125        40991.19531250         1108.99438477 
        5135.14434185            0.50000000        24181.39453125        41078.19531250         1115.99438477 
        5138.72424650            0.50000000        24043.39453125        41248.19531250         1100.99438477 
        5142.42810781            0.50000000        24022.39453125        41548.19531250         1095.99438477 
        5145.98668794            0.50000000        23365.39453125        40946.19531250         1058.99438477 
        5149.70193983            0.50000000        23306.39453125        41312.19531250         1032.99438477 
        5153.42843777            0.50000000        23279.39453125        41714.19531250         1040.99438477 
        5157.17706334            0.50000000        23053.39453125        41763.19531250         1046.99438477 
        5161.03478849            0.50000000        22831.39453125        42020.19531250         1077.99438477 
        5164.84983618            0.50000000        22434.39453125        41900.19531250         1097.99438477 
        5168.74183397            0.50000000        22339.39453125        42269.19531250         1119.99438477 
        5172.69477363            0.50000000        22070.39453125        42458.19531250         1149.99438477 
        5176.53950083            0.50000000        21652.39453125        42211.19531250         1146.99438477 
        5180.55467736            0.50000000        18131.39453125        36019.19531250         1023.99432373 
        5184.54371529            0.50000000        21785.39453125        43369.19531250         1219.99438477 
        5188.53393181            0.50000000        21467.39453125        43294.19531250         1208.99438477 
        5192.70139770            0.50000000        20957.39453125        42867.19531250         1218.99438477 
        5196.83203404            0.50000000        20538.39453125        42498.19531250         1184.99438477 
        5200.94219583            0.50000000        20246.39453125        42384.19531250         1187.99438477 
        5205.14238426            0.50000000        19803.39453125        42032.19531250         1177.99438477 
        5208.91776827            0.50000000        19130.39453125        41163.19531250         1131.99438477 
