# 1-D Scan File created by LabVIEW Control Panel  12/5/2011  11:41:08 PM; Scan time 0 hrs 4 min 28 sec. 
#
# Beamline 20 BM
#
# Scan config: 
#                 E0: 4966.00 eV   223 points
#        Scan bounds:  -100.00 -30.00 40.00 243.35 (7.99 (k))
#       Scan step(s):  5.00 0.50 0.07
#  Integration times:  0.50 0.50 0.50    kwgt in EXAFS region: 0.0 
#
# User Comment:
# 50oC
#
#
# Amplifier Sensitivities:
# Preslit: 20 nA/V  I0: 20 nA/V  I: 100 pA/V  IREF: 50 pA/V  
#
# Analog Input Voltages at start/end of scan:
# Preslit: 0.034/0.033  I0: 0.681/0.439  Ignore: 0.019/0.014  I: 0.905/0.870  IREF: 0.240/0.149  
#
# Mono Info:
# 
#
# ID Info:
# 
#
# Slit Info:
# Kappa S1:  Center is at -542 (H), 500 (V)   Size is 8000 wide x 2000 high
# Vacuum Slits:  Center is at 850 (H), -25 (V)   Size is 899 wide x 1000 high
#
# Motor Positions:
# SMV (20bm:m29): -37594.243125 SMH (20bm:m30): 4802.187500 
#
# Detector Names/PVs:
# I0/20bm:scaler1_netA.C  I/20bm:scaler1_netA.E  IREF/20bm:scaler1_netA.F  
#
# Positioner names/Drive PVs/Readback PVs:
# Mono Energy */20bm:monoE.VAL/20bm:EnctoE.VAL  Scaler preset time */20bm:scaler1.TP/  
# Here is a readable list of column headings:
#  1) Mono Energy *        
#  2) Scaler preset time * 
#  3) I0                   
#  4) I                    
#  5) IREF                 
#
# Column Headings:
#Mono Energy *        Scaler preset time * I0                   I                    IREF                 
        4865.40568254            0.50000000        29065.39453125        40158.19531250         5758.99414062 
        4870.46198442            0.50000000        28915.39453125        40279.19531250         5730.99414062 
        4875.46750590            0.50000000        28880.39453125        40561.19531250         5661.99414062 
        4880.54682416            0.50000000        28706.39453125        40679.19531250         5554.99414062 
        4885.59924042            0.50000000        28553.39453125        40845.19531250         5448.99414062 
        4890.59556114            0.50000000        28586.39453125        41263.19531250         5462.99414062 
        4895.68053777            0.50000000        28481.39453125        41535.19531250         5388.99414062 
        4900.79653417            0.50000000        28407.39453125        41883.19531250         5233.99414062 
        4905.82705115            0.50000000        28288.39453125        42032.19531250         5262.99414062 
        4910.83480583            0.50000000        28220.39453125        42443.19531250         5222.99414062 
        4915.84890357            0.50000000        27946.39453125        42442.19531250         5135.99414062 
        4920.87913585            0.50000000        28011.39453125        42941.19531250         5147.99414062 
        4925.91085739            0.50000000        27952.39453125        43448.19531250         5107.99414062 
        4930.91945942            0.50000000        27892.39453125        43844.19531250         5125.99414062 
        4935.98850481            0.50000000        27784.39453125        44154.19531250         5069.99414062 
        4936.49110943            0.50000000        27897.39453125        44491.19531250         5132.99414062 
        4936.96425152            0.50000000        28002.39453125        44689.19531250         5136.99414062 
        4937.46214370            0.50000000        27947.39453125        44598.19531250         5126.99414062 
        4937.94535217            0.50000000        27789.39453125        44486.19531250         5057.99414062 
        4938.44839348            0.50000000        27912.39453125        44613.19531250         5138.99414062 
        4938.96634742            0.50000000        27894.39453125        44696.19531250         5151.99414062 
        4939.45974754            0.50000000        27812.39453125        44680.19531250         5084.99414062 
        4940.01248389            0.50000000        27835.39453125        44658.19531250         5105.99414062 
        4940.48636577            0.50000000        27846.39453125        44805.19531250         5095.99414062 
        4940.99491229            0.50000000        27856.39453125        44838.19531250         5093.99414062 
        4941.46900066            0.50000000        27695.39453125        44680.19531250         5092.99414062 
        4941.97282874            0.50000000        27771.39453125        44829.19531250         5087.99414062 
        4942.44712268            0.50000000        27894.39453125        45079.19531250         5109.99414062 
        4942.99070709            0.50000000        27784.39453125        44979.19531250         5049.99414062 
        4943.47510170            0.50000000        27707.39453125        44885.19531250         5068.99414062 
        4944.04365656            0.50000000        27855.39453125        45136.19531250         5139.99414062 
        4944.48871245            0.50000000        27696.39453125        44953.19531250         5041.99414062 
        4945.01300194            0.50000000        27693.39453125        45042.19531250         5077.99414062 
        4945.48793525            0.50000000        27568.39453125        44876.19531250         5031.99414062 
        4945.98771252            0.50000000        27635.39453125        44974.19531250         5059.99414062 
        4946.44800131            0.50000000        27712.39453125        45122.19531250         5092.99414062 
        4947.01235427            0.50000000        27653.39453125        45235.19531250         5061.99414062 
        4947.49761254            0.50000000        27710.39453125        45402.19531250         5122.99414062 
        4948.07213461            0.50000000        27705.39453125        45401.19531250         5117.99414062 
        4948.49816771            0.50000000        27638.39453125        45390.19531250         5075.99414062 
        4949.03329982            0.50000000        27595.39453125        45371.19531250         5060.99414062 
        4949.50412266            0.50000000        27661.39453125        45492.19531250         5100.99414062 
        4950.00974691            0.50000000        27552.39453125        45405.19531250         5085.99414062 
        4950.46093854            0.50000000        27623.39453125        45564.19531250         5090.99414062 
        4951.03621449            0.50000000        27757.39453125        45837.19531250         5133.99414062 
        4951.50249377            0.50000000        27673.39453125        45772.19531250         5105.99414062 
        4952.10284590            0.50000000        27742.39453125        45878.19531250         5163.99414062 
        4952.50482358            0.50000000        27738.39453125        45994.19531250         5121.99414062 
        4953.05083361            0.50000000        27676.39453125        45883.19531250         5077.99414062 
        4953.51256311            0.50000000        27749.39453125        46012.19531250         5111.99414062 
        4954.02405094            0.50000000        27618.39453125        45935.19531250         5092.99414062 
        4954.47107672            0.50000000        27687.39453125        46079.19531250         5118.99414062 
        4955.03743618            0.50000000        27724.39453125        46242.19531250         5085.99414062 
        4955.50951068            0.50000000        27559.39453125        45992.19531250         5091.99414062 
        4956.10595608            0.50000000        27739.39453125        46348.19531250         5118.99414062 
        4956.50864558            0.50000000        27483.39453125        45996.19531250         5045.99414062 
        4957.06059569            0.50000000        27572.39453125        46139.19531250         5084.99414062 
        4957.51319571            0.50000000        27616.39453125        46286.19531250         5101.99414062 
        4958.05046479            0.50000000        27573.39453125        46156.19531250         5100.99414062 
        4958.46842887            0.50000000        27575.39453125        46280.19531250         5077.99414062 
        4959.03578922            0.50000000        27555.39453125        46375.19531250         5049.99414062 
        4959.51367660            0.50000000        27509.39453125        46351.19531250         5061.99414062 
        4960.10121795            0.50000000        27566.39453125        46526.19531250         5030.99414062 
        4960.51457984            0.50000000        27459.39453125        46347.19531250         5048.99414062 
        4961.05256124            0.50000000        27747.39453125        46830.19531250         5104.99414062 
        4961.50595952            0.50000000        27341.39453125        46283.19531250         4997.99414062 
        4962.04417629            0.50000000        27664.39453125        46847.19531250         5074.99414062 
        4962.46287769            0.50000000        27401.39453125        46470.19531250         4984.99414062 
        4963.04619780            0.50000000        27710.39453125        47013.19531250         5052.99414062 
        4963.50996957            0.50000000        27311.39453125        46428.19531250         4952.99414062 
        4964.11351354            0.50000000        27517.39453125        46863.19531250         4964.99414062 
        4964.50764959            0.50000000        27326.39453125        46647.19531250         4846.99414062 
        4965.05157000            0.50000000        27448.39453125        46808.19531250         4753.99414062 
        4965.50077690            0.50000000        27356.39453125        46812.19531250         4490.99414062 
        4966.03994259            0.50000000        27446.39453125        46874.19531250         3918.99438477 
        4966.45438849            0.50000000        27313.39453125        46768.19531250         3138.99438477 
        4967.03873596            0.50000000        27424.39453125        46719.19531250         2752.99438477 
        4967.50332462            0.50000000        27304.39453125        46581.19531250         2926.99438477 
        4968.10293439            0.50000000        27463.39453125        46727.19531250         3298.99438477 
        4968.49276568            0.50000000        27290.39453125        46338.19531250         3395.99438477 
        4969.04264151            0.50000000        27388.39453125        46255.19531250         3381.99438477 
        4969.49263898            0.50000000        27321.39453125        46162.19531250         3240.99438477 
        4970.02775200            0.50000000        27370.39453125        45829.19531250         3054.99438477 
        4970.44292650            0.50000000        27250.39453125        45586.19531250         2927.99438477 
        4971.03830911            0.50000000        27385.39453125        45639.19531250         2863.99438477 
        4971.50371675            0.50000000        27368.39453125        45835.19531250         2783.99438477 
        4972.09437122            0.50000000        27374.39453125        46003.19531250         2791.99438477 
        4972.48488812            0.50000000        27297.39453125        46067.19531250         2730.99438477 
        4973.03573114            0.50000000        27362.39453125        46194.19531250         2655.99438477 
        4973.48652020            0.50000000        27198.39453125        45808.19531250         2512.99438477 
        4974.02257462            0.50000000        27303.39453125        45491.19531250         2375.99438477 
        4974.43847960            0.50000000        27242.39453125        44902.19531250         2268.99438477 
        4975.02989718            0.50000000        27469.39453125        44213.19531250         2121.99438477 
        4975.48609545            0.50000000        27331.39453125        43157.19531250         2004.99438477 
        4976.08280052            0.50000000        27550.39453125        42360.19531250         1957.99438477 
        4976.47901892            0.50000000        27304.39453125        41469.19531250         1844.99438477 
        4977.02581332            0.50000000        27556.39453125        41299.19531250         1781.99438477 
        4977.48241205            0.50000000        27292.39453125        40513.19531250         1694.99438477 
        4978.01940911            0.50000000        27510.39453125        40421.19531250         1668.99438477 
        4978.43102534            0.50000000        27244.39453125        39753.19531250         1618.99438477 
        4979.01343887            0.50000000        27421.39453125        39747.19531250         1550.99438477 
        4979.49052647            0.50000000        27294.39453125        39326.19531250         1490.99438477 
        4980.08325875            0.50000000        27428.39453125        39200.19531250         1471.99438477 
        4980.48017423            0.50000000        27266.39453125        38715.19531250         1434.99438477 
        4981.03295660            0.50000000        27250.39453125        38135.19531250         1400.99438477 
        4981.49035981            0.50000000        27293.39453125        37611.19531250         1387.99438477 
        4982.01321883            0.50000000        27283.39453125        36839.19531250         1343.99438477 
        4982.43561566            0.50000000        27293.39453125        35949.19531250         1352.99438477 
        4983.01905435            0.50000000        27326.39453125        34692.19531250         1315.99438477 
        4983.48691914            0.50000000        27165.39453125        33342.19531250         1272.99438477 
        4984.06559448            0.50000000        27256.39453125        32039.19335937         1255.99438477 
        4984.47830491            0.50000000        27187.39453125        30827.19335937         1249.99438477 
        4985.02198879            0.50000000        27233.39453125        29807.19335937         1217.99438477 
        4985.48019347            0.50000000        27187.39453125        28963.19335937         1227.99438477 
        4985.99893187            0.50000000        27094.39453125        28234.19335937         1193.99438477 
        4986.43214366            0.50000000        27183.39453125        27974.19335937         1216.99438477 
        4987.00652804            0.50000000        27161.39453125        27588.19335937         1213.99438477 
        4987.48025205            0.50000000        27108.39453125        27495.19335937         1219.99438477 
        4988.06498329            0.50000000        27212.39453125        27696.19335937         1233.99438477 
        4988.47841822            0.50000000        27047.39453125        27827.19335937         1185.99438477 
        4989.01296954            0.50000000        27170.39453125        28370.19335937         1213.99438477 
        4989.48206582            0.50000000        26970.39453125        28618.19335937         1206.99438477 
        4989.98657802            0.50000000        26938.39453125        29229.19335937         1217.99438477 
        4990.43064102            0.50000000        27025.39453125        29912.19335937         1201.99438477 
        4991.00098500            0.50000000        26980.39453125        30520.19335937         1232.99438477 
        4991.48058800            0.50000000        26918.39453125        30983.19335937         1252.99438477 
        4992.04109388            0.50000000        26953.39453125        31701.19335937         1263.99438477 
        4992.47545431            0.50000000        26919.39453125        32050.19335937         1254.99438477 
        4993.00589011            0.50000000        26872.39453125        32346.19335937         1241.99438477 
        4993.47580757            0.50000000        26965.39453125        32697.19335937         1272.99438477 
        4993.96098507            0.50000000        26822.39453125        32631.19335937         1250.99438477 
        4994.43615456            0.50000000        26916.39453125        32827.19531250         1235.99438477 
        4994.98727272            0.50000000        26996.39453125        32933.19531250         1262.99438477 
        4995.46771349            0.50000000        26905.39453125        32775.19531250         1235.99438477 
        4996.02413953            0.50000000        26760.39453125        32462.19335937         1222.99438477 
        4996.48961808            0.50000000        26923.39453125        32476.19335937         1226.99438477 
        4996.99061936            0.50000000        26914.39453125        32251.19335937         1196.99438477 
        4997.47654366            0.50000000        26714.39453125        31826.19335937         1198.99438477 
        4997.94231803            0.50000000        26899.39453125        31807.19335937         1176.99438477 
        4998.45883096            0.50000000        26725.39453125        31282.19335937         1143.99438477 
        4998.97039500            0.50000000        26643.39453125        30886.19335937         1127.99438477 
        4999.46687346            0.50000000        26831.39453125        30931.19335937         1121.99438477 
        5000.00906995            0.50000000        26841.39453125        30745.19335937         1140.99438477 
        5000.50070493            0.50000000        26730.39453125        30593.19335937         1098.99438477 
        5000.98230551            0.50000000        26650.39453125        30466.19335937         1065.99438477 
        5001.48429187            0.50000000        26859.39453125        30727.19335937         1113.99438477 
        5001.94073867            0.50000000        26783.39453125        30800.19335937         1075.99438477 
        5002.46322838            0.50000000        26691.39453125        30813.19335937         1089.99438477 
        5002.94016775            0.50000000        26561.39453125        30888.19335937         1076.99438477 
        5003.47303666            0.50000000        26737.39453125        31409.19335937         1085.99438477 
        5003.98572284            0.50000000        26479.39453125        31371.19335937         1062.99438477 
        5004.51375728            0.50000000        26561.39453125        31801.19335937         1052.99438477 
        5004.96065075            0.50000000        26419.39453125        31997.19335937         1066.99438477 
        5005.48383002            0.50000000        26644.39453125        32660.19335937         1081.99438477 
        5005.93091279            0.50000000        26418.39453125        32744.19335937         1073.99438477 
        5007.60316580            0.50000000        26471.39453125        34115.19531250         1072.99438477 
        5009.40385331            0.50000000        26475.39453125        35066.19531250         1136.99438477 
        5011.20086323            0.50000000        26275.39453125        35395.19531250         1135.99438477 
        5013.02986206            0.50000000        26216.39453125        35562.19531250         1165.99438477 
        5014.83991647            0.50000000        26046.39453125        35221.19531250         1141.99438477 
        5016.81475764            0.50000000        26086.39453125        35196.19531250         1184.99438477 
        5018.75553150            0.50000000        25984.39453125        35367.19531250         1177.99438477 
        5020.79510940            0.50000000        25955.39453125        35845.19531250         1186.99438477 
        5022.78019484            0.50000000        25908.39453125        36135.19531250         1183.99438477 
        5024.87457660            0.50000000        25737.39453125        36195.19531250         1192.99438477 
        5026.91958908            0.50000000        25715.39453125        36379.19531250         1165.99438477 
        5029.06393276            0.50000000        25515.39453125        36054.19531250         1139.99438477 
        5031.19999976            0.50000000        25565.39453125        36105.19531250         1121.99438477 
        5033.47174186            0.50000000        25572.39453125        35915.19531250         1085.99438477 
        5035.74057651            0.50000000        25438.39453125        35374.19531250         1027.99438477 
        5038.01679641            0.50000000        25364.39453125        34886.19531250          990.99432373 
        5040.26947548            0.50000000        25134.39453125        34400.19531250          960.99432373 
        5042.64825482            0.50000000        25142.39453125        34559.19531250          946.99432373 
        5045.11217458            0.50000000        24984.39453125        34664.19531250          940.99432373 
        5047.45972967            0.50000000        24939.39453125        34966.19531250          942.99432373 
        5049.99093051            0.50000000        24920.39453125        35221.19531250          956.99432373 
        5052.43676187            0.50000000        24518.39453125        34900.19531250          975.99432373 
        5054.96303029            0.50000000        24518.39453125        35158.19531250          989.99432373 
        5057.58038677            0.50000000        24431.39453125        35317.19531250         1013.99432373 
        5060.17469022            0.50000000        24336.39453125        35590.19531250         1014.99432373 
        5062.79793550            0.50000000        24227.39453125        35815.19531250         1014.99432373 
        5065.57013484            0.50000000        24101.39453125        35938.19531250         1051.99438477 
        5068.27256280            0.50000000        23966.39453125        36026.19531250         1046.99438477 
        5071.08266027            0.50000000        23588.39453125        35774.19531250         1053.99438477 
        5073.97464726            0.50000000        23817.39453125        36552.19531250         1045.99438477 
        5076.79164087            0.50000000        23532.39453125        36544.19531250         1043.99438477 
        5079.68023745            0.50000000        23189.39453125        36256.19531250          992.99432373 
        5082.72473631            0.50000000        23223.39453125        36747.19531250          983.99432373 
        5085.73639701            0.50000000        22940.39453125        36668.19531250          946.99432373 
        5088.71508442            0.50000000        23046.39453125        37171.19531250          917.99432373 
        5091.85576252            0.50000000        22874.39453125        37172.19531250          881.99432373 
        5094.98482391            0.50000000        22596.39453125        36993.19531250          876.99432373 
        5098.08106438            0.50000000        22565.39453125        37258.19531250          908.99432373 
        5101.25552379            0.50000000        22325.39453125        37353.19531250          960.99432373 
        5104.52971864            0.50000000        22157.39453125        37551.19531250          989.99432373 
        5107.80318169            0.50000000        22038.39453125        37726.19531250         1002.99432373 
        5111.09184973            0.50000000        22059.39453125        37998.19531250         1022.99432373 
        5114.41707317            0.50000000        21867.39453125        37965.19531250         1012.99432373 
        5117.79499250            0.50000000        21600.39453125        37753.19531250         1015.99432373 
        5121.19378736            0.50000000        21276.39453125        37393.19531250          999.99432373 
        5124.62423191            0.50000000        21158.39453125        37476.19531250         1007.99432373 
        5128.10251888            0.50000000        21311.39453125        38074.19531250         1016.99432373 
        5131.62348564            0.50000000        21037.39453125        37969.19531250         1023.99432373 
        5135.14971302            0.50000000        20812.39453125        37966.19531250         1027.99438477 
        5138.72962582            0.50000000        20607.39453125        37946.19531250         1000.99432373 
        5142.43349555            0.50000000        20607.39453125        38307.19531250         1015.99432373 
        5145.99208379            0.50000000        20057.39453125        37759.19531250          994.99432373 
        5149.70734415            0.50000000        19931.39453125        37942.19531250          950.99432373 
        5153.43926342            0.50000000        19883.39453125        38250.19531250          957.99432373 
        5157.18248472            0.50000000        19549.39453125        38141.19531250          959.99432373 
        5161.04021868            0.50000000        19421.39453125        38400.19531250          981.99432373 
        5164.86615295            0.50000000        19094.39453125        38292.19531250          993.99432373 
        5168.75272961            0.50000000        18956.39453125        38608.19531250          991.99432373 
        5172.70568737            0.50000000        18656.39453125        38531.19531250         1043.99438477 
        5176.55589789            0.50000000        18308.39453125        38309.19531250         1043.99438477 
        5180.56015224            0.50000000        15181.39355469        32330.19335937          914.99432373 
        5184.56016742            0.50000000        18258.39453125        39061.19531250         1090.99438477 
        5188.55041144            0.50000000        17873.39453125        38801.19531250         1084.99438477 
        5192.71240326            0.50000000        17480.39453125        38468.19531250         1085.99438477 
        5196.84857090            0.50000000        17051.39453125        37980.19531250         1048.99438477 
        5200.95876107            0.50000000        16754.39453125        37758.19531250         1055.99438477 
        5205.15897853            0.50000000        16372.39355469        37330.19531250         1041.99438477 
        5208.93438865            0.50000000        15778.39355469        36508.19531250         1007.99432373 
