# 1-D Scan File created by LabVIEW Control Panel  12/6/2011  1:06:29 AM; Scan time 0 hrs 4 min 28 sec. 
#
# Beamline 20 BM
#
# Scan config: 
#                 E0: 4966.00 eV   223 points
#        Scan bounds:  -100.00 -30.00 40.00 243.35 (7.99 (k))
#       Scan step(s):  5.00 0.50 0.07
#  Integration times:  0.50 0.50 0.50    kwgt in EXAFS region: 0.0 
#
# User Comment:
# 50oC
#
#
# Amplifier Sensitivities:
# Preslit: 20 nA/V  I0: 20 nA/V  I: 100 pA/V  IREF: 50 pA/V  
#
# Analog Input Voltages at start/end of scan:
# Preslit: 0.034/0.031  I0: 0.558/0.313  Ignore: 0.013/0.008  I: 0.837/0.681  IREF: 0.227/0.140  
#
# Mono Info:
# 
#
# ID Info:
# 
#
# Slit Info:
# Kappa S1:  Center is at -542 (H), 500 (V)   Size is 8000 wide x 2000 high
# Vacuum Slits:  Center is at 850 (H), -25 (V)   Size is 899 wide x 1000 high
#
# Motor Positions:
# SMV (20bm:m29): -37594.243125 SMH (20bm:m30): 4802.187500 
#
# Detector Names/PVs:
# I0/20bm:scaler1_netA.C  I/20bm:scaler1_netA.E  IREF/20bm:scaler1_netA.F  
#
# Positioner names/Drive PVs/Readback PVs:
# Mono Energy */20bm:monoE.VAL/20bm:EnctoE.VAL  Scaler preset time */20bm:scaler1.TP/  
# Here is a readable list of column headings:
#  1) Mono Energy *        
#  2) Scaler preset time * 
#  3) I0                   
#  4) I                    
#  5) IREF                 
#
# Column Headings:
#Mono Energy *        Scaler preset time * I0                   I                    IREF                 
        4865.40568254            0.50000000        23089.39453125        36703.19531250         5046.99414062 
        4870.45719986            0.50000000        22959.39453125        36773.19531250         5002.99414062 
        4875.46750590            0.50000000        22867.39453125        36954.19531250         4963.99414062 
        4880.54201781            0.50000000        22688.39453125        37062.19531250         4838.99414062 
        4885.58960585            0.50000000        22510.39453125        37088.19531250         4758.99414062 
        4890.58107683            0.50000000        22413.39453125        37267.19531250         4748.99414062 
        4895.66602039            0.50000000        22358.39453125        37545.19531250         4702.99414062 
        4900.78198347            0.50000000        22248.39453125        37763.19531250         4647.99414062 
        4905.81246765            0.50000000        22165.39453125        37975.19531250         4577.99414062 
        4910.81531763            0.50000000        22095.39453125        38385.19531250         4548.99414062 
        4915.82937170            0.50000000        21729.39453125        38160.19531250         4453.99414062 
        4920.85466623            0.50000000        21815.39453125        38655.19531250         4515.99414062 
        4925.89123776            0.50000000        21720.39453125        38963.19531250         4445.99414062 
        4930.89979604            0.50000000        21621.39453125        39238.19531250         4457.99414062 
        4935.96879711            0.50000000        21564.39453125        39572.19531250         4471.99414062 
        4936.48125336            0.50000000        21661.39453125        39864.19531250         4511.99414062 
        4936.95439338            0.50000000        21666.39453125        39927.19531250         4490.99414062 
        4937.44735323            0.50000000        21644.39453125        39923.19531250         4470.99414062 
        4937.92562734            0.50000000        21535.39453125        39783.19531250         4480.99414062 
        4938.43852885            0.50000000        21587.39453125        39877.19531250         4498.99414062 
        4938.94661366            0.50000000        21587.39453125        39832.19531250         4486.99414062 
        4939.44494397            0.50000000        21517.39453125        39899.19531250         4458.99414062 
        4939.99274098            0.50000000        21606.39453125        39998.19531250         4461.99414062 
        4940.47155546            0.50000000        21661.39453125        40183.19531250         4512.99414062 
        4940.98009864            0.50000000        21679.39453125        40427.19531250         4496.99414062 
        4941.45418389            0.50000000        21526.39453125        40112.19531250         4472.99414062 
        4941.95306866            0.50000000        21566.39453125        40284.19531250         4437.99414062 
        4942.43724054            0.50000000        21696.39453125        40525.19531250         4498.99414062 
        4942.98576482            0.50000000        21555.39453125        40305.19531250         4508.99414062 
        4943.46521506            0.50000000        21565.39453125        40361.19531250         4477.99414062 
        4944.02387833            0.50000000        21660.39453125        40511.19531250         4479.99414062 
        4944.47387584            0.50000000        21524.39453125        40414.19531250         4452.99414062 
        4945.00310856            0.50000000        21482.39453125        40362.19531250         4482.99414062 
        4945.46814437            0.50000000        21407.39453125        40377.19531250         4441.99414062 
        4945.96791726            0.50000000        21419.39453125        40395.19531250         4442.99414062 
        4946.43810164            0.50000000        21526.39453125        40483.19531250         4477.99414062 
        4946.99255003            0.50000000        21482.39453125        40599.19531250         4478.99414062 
        4947.48275614            0.50000000        21476.39453125        40592.19531250         4525.99414062 
        4948.06222782            0.50000000        21498.39453125        40692.19531250         4493.99414062 
        4948.48330474            0.50000000        21401.39453125        40633.19531250         4498.99414062 
        4949.02338881            0.50000000        21363.39453125        40597.19531250         4467.99414062 
        4949.48429656            0.50000000        21438.39453125        40830.19531250         4513.99414062 
        4949.99487399            0.50000000        21356.39453125        40743.19531250         4457.99414062 
        4950.44606265            0.50000000        21373.39453125        40729.19531250         4466.99414062 
        4951.01637495            0.50000000        21546.39453125        41082.19531250         4520.99414062 
        4951.49257193            0.50000000        21346.39453125        40781.19531250         4461.99414062 
        4952.08299700            0.50000000        21444.39453125        40943.19531250         4498.99414062 
        4952.48993425            0.50000000        21471.39453125        41017.19531250         4487.99414062 
        4953.03594068            0.50000000        21423.39453125        40996.19531250         4471.99414062 
        4953.49270183            0.50000000        21444.39453125        41121.19531250         4473.99414062 
        4954.00418517            0.50000000        21367.39453125        41133.19531250         4477.99414062 
        4954.45120703            0.50000000        21406.39453125        41143.19531250         4500.99414062 
        4955.02253017            0.50000000        21486.39453125        41399.19531250         4504.99414062 
        4955.48963188            0.50000000        21322.39453125        41168.19531250         4485.99414062 
        4956.08110105            0.50000000        21464.39453125        41483.19531250         4499.99414062 
        4956.49372988            0.50000000        21245.39453125        41158.19531250         4418.99414062 
        4957.04567635            0.50000000        21303.39453125        41252.19531250         4468.99414062 
        4957.49827339            0.50000000        21320.39453125        41253.19531250         4472.99414062 
        4958.03056366            0.50000000        21295.39453125        41331.19531250         4468.99414062 
        4958.45350026            0.50000000        21251.39453125        41257.19531250         4430.99414062 
        4959.03081176            0.50000000        21311.39453125        41543.19531250         4444.99414062 
        4959.49874109            0.50000000        21206.39453125        41273.19531250         4454.99414062 
        4960.08627857            0.50000000        21279.39453125        41545.19531250         4456.99414062 
        4960.49465706            0.50000000        21212.39453125        41399.19531250         4444.99414062 
        4961.03761559            0.50000000        21420.39453125        41854.19531250         4490.99414062 
        4961.49101088            0.50000000        21113.39453125        41302.19531250         4424.99414062 
        4962.02424006            0.50000000        21371.39453125        41836.19531250         4481.99414062 
        4962.44792274            0.50000000        21100.39453125        41352.19531250         4388.99414062 
        4963.03123900            0.50000000        21339.39453125        41886.19531250         4415.99414062 
        4963.49500771            0.50000000        21035.39453125        41351.19531250         4310.99414062 
        4964.09854770            0.50000000        21168.39453125        41640.19531250         4332.99414062 
        4964.48769169            0.50000000        20997.39453125        41411.19531250         4211.99414062 
        4965.03659796            0.50000000        21162.39453125        41732.19531250         4143.99414062 
        4965.48580190            0.50000000        20995.39453125        41556.19531250         3900.99438477 
        4966.02496404            0.50000000        21081.39453125        41599.19531250         3419.99438477 
        4966.43940720            0.50000000        21001.39453125        41544.19531250         2687.99438477 
        4967.02375081            0.50000000        21122.39453125        41639.19531250         2343.99438477 
        4967.48833641            0.50000000        20970.39453125        41388.19531250         2459.99438477 
        4968.08794222            0.50000000        21064.39453125        41471.19531250         2823.99438477 
        4968.47777093            0.50000000        20947.39453125        41240.19531250         2937.99438477 
        4969.02764313            0.50000000        21076.39453125        41169.19531250         2910.99438477 
        4969.47763762            0.50000000        20936.39453125        40845.19531250         2768.99438477 
        4970.01774873            0.50000000        21016.39453125        40785.19531250         2646.99438477 
        4970.43292141            0.50000000        20931.39453125        40482.19531250         2534.99438477 
        4971.02329755            0.50000000        21014.39453125        40395.19531250         2450.99438477 
        4971.48369726            0.50000000        20898.39453125        40493.19531250         2384.99438477 
        4972.08435884            0.50000000        20933.39453125        40655.19531250         2376.99438477 
        4972.46986700            0.50000000        20865.39453125        40698.19531250         2319.99438477 
        4973.02571462            0.50000000        20937.39453125        40803.19531250         2266.99438477 
        4973.47149245            0.50000000        20889.39453125        40658.19531250         2146.99438477 
        4974.00754334            0.50000000        20914.39453125        40363.19531250         2021.99438477 
        4974.42344557            0.50000000        20824.39453125        39776.19531250         1915.99438477 
        4975.01987187            0.50000000        20891.39453125        38940.19531250         1793.99438477 
        4975.47606813            0.50000000        20830.39453125        38133.19531250         1717.99438477 
        4976.07277057            0.50000000        21012.39453125        37577.19531250         1656.99438477 
        4976.46397139            0.50000000        20716.39453125        36524.19531250         1531.99438477 
        4977.01577921            0.50000000        20990.39453125        36553.19531250         1511.99438477 
        4977.47237593            0.50000000        20773.39453125        35770.19531250         1428.99438477 
        4978.00435139            0.50000000        20957.39453125        35805.19531250         1399.99438477 
        4978.42098503            0.50000000        20713.39453125        35075.19531250         1317.99438477 
        4979.00339599            0.50000000        20816.39453125        34990.19531250         1278.99438477 
        4979.48048149            0.50000000        20772.39453125        34749.19531250         1254.99438477 
        4980.07321115            0.50000000        20889.39453125        34648.19531250         1232.99438477 
        4980.47012488            0.50000000        20752.39453125        34126.19531250         1205.99438477 
        4981.02290481            0.50000000        20745.39453125        33631.19531250         1195.99438477 
        4981.47527912            0.50000000        20754.39453125        33174.19531250         1133.99438477 
        4982.00316272            0.50000000        20690.39453125        32361.19335937         1122.99438477 
        4982.42052871            0.50000000        20685.39453125        31632.19335937         1106.99438477 
        4982.99893329            0.50000000        20754.39453125        30569.19335937         1081.99438477 
        4983.47182523            0.50000000        20599.39453125        29419.19335937         1058.99438477 
        4984.05049674            0.50000000        20674.39453125        28322.19335937         1058.99438477 
        4984.46823792            0.50000000        20656.39453125        27309.19335937         1011.99432373 
        4985.00688471            0.50000000        20651.39453125        26357.19335937         1009.99432373 
        4985.46508635            0.50000000        20618.39453125        25616.19335937          998.99432373 
        4985.98382131            0.50000000        20529.39453125        24909.19335937         1008.99432373 
        4986.42206804            0.50000000        20591.39453125        24683.19335937         1018.99432373 
        4986.99644987            0.50000000        20538.39453125        24288.19335937          995.99432373 
        4987.47017180            0.50000000        20512.39453125        24207.19335937          997.99432373 
        4988.05490045            0.50000000        20595.39453125        24349.19335937         1010.99432373 
        4988.46329124            0.50000000        20443.39453125        24331.19335937          995.99432373 
        4989.00288250            0.50000000        20521.39453125        24860.19335937         1006.99432373 
        4989.46693217            0.50000000        20399.39453125        25077.19335937          998.99432373 
        4989.97144103            0.50000000        20348.39453125        25522.19335937          994.99432373 
        4990.42054772            0.50000000        20397.39453125        26142.19335937         1010.99432373 
        4990.98584129            0.50000000        20377.39453125        26706.19335937         1026.99438477 
        4991.46039215            0.50000000        20310.39453125        27068.19335937         1041.99438477 
        4992.02594326            0.50000000        20383.39453125        27667.19335937         1026.99438477 
        4992.46030081            0.50000000        20365.39453125        28072.19335937         1021.99432373 
        4992.99578542            0.50000000        20330.39453125        28361.19335937         1041.99438477 
        4993.46570080            0.50000000        20416.39453125        28668.19335937         1063.99438477 
        4993.94582171            0.50000000        20256.39453125        28623.19335937         1025.99438477 
        4994.42604354            0.50000000        20303.39453125        28754.19335937         1037.99438477 
        4994.96704585            0.50000000        20409.39453125        28877.19335937         1054.99438477 
        4995.44748237            0.50000000        20314.39453125        28736.19335937         1035.99438477 
        4996.00896248            0.50000000        20217.39453125        28487.19335937          986.99432373 
        4996.47949797            0.50000000        20332.39453125        28537.19335937         1002.99432373 
        4996.98049704            0.50000000        20310.39453125        28305.19335937         1000.99432373 
        4997.46135696            0.50000000        20206.39453125        27996.19335937          946.99432373 
        4997.92712823            0.50000000        20259.39453125        27798.19335937          969.99432373 
        4998.44363774            0.50000000        20185.39453125        27442.19335937          959.99432373 
        4998.95519838            0.50000000        20078.39453125        27099.19335937          926.99432373 
        4999.45674017            0.50000000        20226.39453125        27109.19335937          928.99432373 
        4999.99386642            0.50000000        20264.39453125        27045.19335937          938.99432373 
        5000.49056706            0.50000000        20155.39453125        26801.19335937          889.99432373 
        5000.96709552            0.50000000        20112.39453125        26663.19335937          916.99432373 
        5001.46907854            0.50000000        20245.39453125        26838.19335937          912.99432373 
        5001.92552231            0.50000000        20166.39453125        26908.19335937          917.99432373 
        5002.45308181            0.50000000        20119.39453125        26945.19335937          893.99432373 
        5002.92494474            0.50000000        20035.39453125        27068.19335937          879.99432373 
        5003.46288562            0.50000000        20160.39453125        27478.19335937          901.99432373 
        5003.97049288            0.50000000        19962.39453125        27392.19335937          878.99432373 
        5004.50360162            0.50000000        19998.39453125        27807.19335937          866.99432373 
        5004.94541431            0.50000000        19929.39453125        28037.19335937          914.99432373 
        5005.46859010            0.50000000        20070.39453125        28419.19335937          898.99432373 
        5005.91058895            0.50000000        19892.39453125        28617.19335937          880.99432373 
        5007.59299644            0.50000000        19925.39453125        29788.19335937          897.99432373 
        5009.39367596            0.50000000        19917.39453125        30592.19335937          952.99432373 
        5011.19577056            0.50000000        19705.39453125        30786.19335937          952.99432373 
        5013.01457191            0.50000000        19629.39453125        30858.19335937          961.99432373 
        5014.83481572            0.50000000        19561.39453125        30755.19335937          967.99432373 
        5016.80965250            0.50000000        19484.39453125        30658.19335937          969.99432373 
        5018.75042204            0.50000000        19361.39453125        30622.19335937          958.99432373 
        5020.78999541            0.50000000        19325.39453125        30949.19335937          994.99432373 
        5022.77507644            0.50000000        19290.39453125        31313.19335937          968.99432373 
        5024.86945353            0.50000000        19131.39453125        31354.19335937          978.99432373 
        5026.90933386            0.50000000        19094.39453125        31368.19335937          991.99432373 
        5029.05366799            0.50000000        18900.39453125        31041.19335937          941.99432373 
        5031.18458834            0.50000000        18960.39453125        31095.19335937          923.99432373 
        5033.45631525            0.50000000        18893.39453125        30831.19335937          903.99432373 
        5035.71998748            0.50000000        18743.39453125        30316.19335937          846.99432373 
        5038.00133939            0.50000000        18667.39453125        29857.19335937          817.99432373 
        5040.24884603            0.50000000        18401.39453125        29299.19335937          796.99432373 
        5042.63276678            0.50000000        18453.39453125        29509.19335937          782.99432373 
        5045.10183820            0.50000000        18333.39453125        29619.19335937          783.99432373 
        5047.43386256            0.50000000        18207.39453125        29670.19335937          781.99432373 
        5049.95985606            0.50000000        18154.39453125        29883.19335937          795.99432373 
        5052.41083910            0.50000000        17872.39453125        29581.19335937          796.99432373 
        5054.93188907            0.50000000        17871.39453125        29822.19335937          835.99432373 
        5057.55960247            0.50000000        17744.39453125        29867.19335937          843.99432373 
        5060.14868081            0.50000000        17690.39453125        30112.19335937          849.99432373 
        5062.77710442            0.50000000        17504.39453125        30109.19335937          842.99432373 
        5065.54927889            0.50000000        17468.39453125        30247.19335937          848.99432373 
        5068.25168259            0.50000000        17338.39453125        30284.19335937          872.99432373 
        5071.06698117            0.50000000        16983.39453125        30006.19335937          855.99432373 
        5073.95371582            0.50000000        17147.39453125        30636.19335937          857.99432373 
        5076.78116247            0.50000000        16879.39453125        30518.19335937          843.99432373 
        5079.66450037            0.50000000        16524.39453125        30127.19335937          796.99432373 
        5082.70897868            0.50000000        16524.39453125        30422.19335937          799.99432373 
        5085.72061903            0.50000000        16366.39355469        30521.19335937          746.99432373 
        5088.69928631            0.50000000        16406.39453125        30772.19335937          745.99432373 
        5091.83467007            0.50000000        16188.39355469        30682.19335937          708.99432373 
        5094.95842309            0.50000000        16009.39355469        30632.19335937          720.99432373 
        5098.05991575            0.50000000        15999.39355469        30774.19335937          730.99432373 
        5101.23964079            0.50000000        15816.39355469        30906.19335937          772.99432373 
        5104.50851173            0.50000000        15705.39355469        31023.19335937          794.99432373 
        5107.78725428            0.50000000        15539.39355469        31064.19335937          843.99432373 
        5111.07058345            0.50000000        15557.39355469        31286.19335937          844.99432373 
        5114.39577678            0.50000000        15458.39355469        31258.19335937          827.99432373 
        5117.77899722            0.50000000        15099.39355469        30864.19335937          819.99432373 
        5121.17776897            0.50000000        14886.39355469        30638.19335937          828.99432373 
        5124.60284295            0.50000000        14713.39355469        30490.19335937          827.99432373 
        5128.08109834            0.50000000        14844.39355469        31058.19335937          859.99432373 
        5131.61275934            0.50000000        14601.39355469        30824.19335937          836.99432373 
        5135.13359955            0.50000000        14442.39355469        30910.19335937          826.99432373 
        5138.71348792            0.50000000        14291.39355469        30783.19335937          811.99432373 
        5142.41733236            0.50000000        14234.39355469        30931.19335937          795.99432373 
        5145.98668794            0.50000000        13776.39355469        30429.19335937          785.99432373 
        5149.70193983            0.50000000        13707.39355469        30625.19335937          763.99432373 
        5153.42843777            0.50000000        13555.39355469        30557.19335937          775.99432373 
        5157.17706334            0.50000000        13321.39355469        30540.19335937          784.99432373 
        5161.04564888            0.50000000        13233.39355469        30796.19335937          786.99432373 
        5164.84983618            0.50000000        12829.39355469        30326.19335937          792.99432373 
        5168.74728178            0.50000000        12809.39355469        30613.19335937          806.99432373 
        5172.69477363            0.50000000        12487.39355469        30230.19335937          810.99432373 
        5176.53950083            0.50000000        12257.39355469        30185.19335937          812.99432373 
        5180.55467736            0.50000000        10069.39355469        25175.19335937          726.99432373 
        5184.54371529            0.50000000        12136.39355469        30550.19335937          865.99432373 
        5188.53393181            0.50000000        11839.39355469        30285.19335937          845.99432373 
        5192.70139770            0.50000000        11502.39355469        29711.19335937          839.99432373 
        5196.82652178            0.50000000        11197.39355469        29297.19335937          805.99432373 
        5200.94771756            0.50000000        10905.39355469        28973.19335937          802.99432373 
        5205.14238426            0.50000000        10588.39355469        28416.19335937          774.99432373 
        5208.92330839            0.50000000        10100.39355469        27411.19335937          764.99432373 
