# 1-D Scan File created by LabVIEW Control Panel  12/6/2011  12:21:18 AM; Scan time 0 hrs 4 min 28 sec. 
#
# Beamline 20 BM
#
# Scan config: 
#                 E0: 4966.00 eV   223 points
#        Scan bounds:  -100.00 -30.00 40.00 243.35 (7.99 (k))
#       Scan step(s):  5.00 0.50 0.07
#  Integration times:  0.50 0.50 0.50    kwgt in EXAFS region: 0.0 
#
# User Comment:
# 50oC
#
#
# Amplifier Sensitivities:
# Preslit: 20 nA/V  I0: 20 nA/V  I: 100 pA/V  IREF: 50 pA/V  
#
# Analog Input Voltages at start/end of scan:
# Preslit: 0.035/0.032  I0: 0.627/0.384  Ignore: 0.017/0.011  I: 0.883/0.780  IREF: 0.239/0.145  
#
# Mono Info:
# 
#
# ID Info:
# 
#
# Slit Info:
# Kappa S1:  Center is at -542 (H), 500 (V)   Size is 8000 wide x 2000 high
# Vacuum Slits:  Center is at 850 (H), -25 (V)   Size is 899 wide x 1000 high
#
# Motor Positions:
# SMV (20bm:m29): -37594.243125 SMH (20bm:m30): 4802.187500 
#
# Detector Names/PVs:
# I0/20bm:scaler1_netA.C  I/20bm:scaler1_netA.E  IREF/20bm:scaler1_netA.F  
#
# Positioner names/Drive PVs/Readback PVs:
# Mono Energy */20bm:monoE.VAL/20bm:EnctoE.VAL  Scaler preset time */20bm:scaler1.TP/  
# Here is a readable list of column headings:
#  1) Mono Energy *        
#  2) Scaler preset time * 
#  3) I0                   
#  4) I                    
#  5) IREF                 
#
# Column Headings:
#Mono Energy *        Scaler preset time * I0                   I                    IREF                 
        4865.40568254            0.50000000        26187.39453125        39009.19531250         5644.99414062 
        4870.46198442            0.50000000        25996.39453125        39020.19531250         5591.99414062 
        4875.46750590            0.50000000        25952.39453125        39306.19531250         5460.99414062 
        4880.55163053            0.50000000        25787.39453125        39339.19531250         5382.99414062 
        4885.59924042            0.50000000        25603.39453125        39414.19531250         5252.99414062 
        4890.59073303            0.50000000        25613.39453125        39784.19531250         5269.99414062 
        4895.68053777            0.50000000        25513.39453125        39984.19531250         5195.99414062 
        4900.78683369            0.50000000        25410.39453125        40203.19531250         5103.99414062 
        4905.82218997            0.50000000        25277.39453125        40392.19531250         5055.99414062 
        4910.82993377            0.50000000        25166.39453125        40728.19531250         5022.99414062 
        4915.84402059            0.50000000        24927.39453125        40755.19531250         4931.99414062 
        4920.86934797            0.50000000        24966.39453125        41312.19531250         4916.99414062 
        4925.90104755            0.50000000        24824.39453125        41491.19531250         4909.99414062 
        4930.91454356            0.50000000        24783.39453125        41869.19531250         4880.99414062 
        4935.97865094            0.50000000        24683.39453125        42170.19531250         4849.99414062 
        4936.48618139            0.50000000        24872.39453125        42625.19531250         4905.99414062 
        4936.95932245            0.50000000        24878.39453125        42708.19531250         4909.99414062 
        4937.45721353            0.50000000        24830.39453125        42649.19531250         4897.99414062 
        4937.93548973            0.50000000        24714.39453125        42523.19531250         4828.99414062 
        4938.44346116            0.50000000        24789.39453125        42557.19531250         4885.99414062 
        4938.95648052            0.50000000        24733.39453125        42571.19531250         4864.99414062 
        4939.45481300            0.50000000        24689.39453125        42640.19531250         4839.99414062 
        4940.00261241            0.50000000        24731.39453125        42671.19531250         4858.99414062 
        4940.48142899            0.50000000        24752.39453125        42812.19531250         4869.99414062 
        4940.98997440            0.50000000        24765.39453125        42922.19531250         4889.99414062 
        4941.46406172            0.50000000        24573.39453125        42619.19531250         4810.99414062 
        4941.96294868            0.50000000        24657.39453125        42792.19531250         4852.99414062 
        4942.44218161            0.50000000        24765.39453125        43014.19531250         4855.99414062 
        4942.99070709            0.50000000        24625.39453125        42852.19531250         4832.99414062 
        4943.47015837            0.50000000        24601.39453125        42781.19531250         4827.99414062 
        4944.02882287            0.50000000        24646.39453125        42950.19531250         4870.99414062 
        4944.48376690            0.50000000        24546.39453125        42864.19531250         4820.99414062 
        4945.01300194            0.50000000        24545.39453125        42826.19531250         4861.99414062 
        4945.47803978            0.50000000        24426.39453125        42748.19531250         4779.99414062 
        4945.97286606            0.50000000        24497.39453125        42797.19531250         4801.99414062 
        4946.44305147            0.50000000        24643.39453125        43091.19531250         4815.99414062 
        4947.00245213            0.50000000        24604.39453125        43268.19531250         4839.99414062 
        4947.49266039            0.50000000        24619.39453125        43278.19531250         4893.99414062 
        4948.06718121            0.50000000        24578.39453125        43278.19531250         4866.99414062 
        4948.48825905            0.50000000        24454.39453125        43161.19531250         4806.99414062 
        4949.02338881            0.50000000        24435.39453125        43175.19531250         4821.99414062 
        4949.48925307            0.50000000        24542.39453125        43420.19531250         4848.99414062 
        4950.00478926            0.50000000        24457.39453125        43377.19531250         4827.99414062 
        4950.45597990            0.50000000        24513.39453125        43379.19531250         4838.99414062 
        4951.02629470            0.50000000        24657.39453125        43714.19531250         4898.99414062 
        4951.49753284            0.50000000        24530.39453125        43561.19531250         4846.99414062 
        4952.09292143            0.50000000        24575.39453125        43681.19531250         4855.99414062 
        4952.49489735            0.50000000        24593.39453125        43707.19531250         4849.99414062 
        4953.04090498            0.50000000        24496.39453125        43573.19531250         4854.99414062 
        4953.50263245            0.50000000        24597.39453125        43879.19531250         4823.99414062 
        4954.01411803            0.50000000        24505.39453125        43812.19531250         4837.99414062 
        4954.46114186            0.50000000        24517.39453125        43816.19531250         4842.99414062 
        4955.03246750            0.50000000        24559.39453125        43986.19531250         4883.99414062 
        4955.50454097            0.50000000        24472.39453125        43919.19531250         4832.99414062 
        4956.10098505            0.50000000        24579.39453125        44150.19531250         4841.99414062 
        4956.50367367            0.50000000        24383.39453125        43933.19531250         4815.99414062 
        4957.05064945            0.50000000        24490.39453125        44091.19531250         4854.99414062 
        4957.50324748            0.50000000        24452.39453125        44030.19531250         4835.99414062 
        4958.03553893            0.50000000        24482.39453125        44117.19531250         4856.99414062 
        4958.46345266            0.50000000        24434.39453125        44092.19531250         4809.99414062 
        4959.03578922            0.50000000        24498.39453125        44280.19531250         4836.99414062 
        4959.50371958            0.50000000        24403.39453125        44171.19531250         4801.99414062 
        4960.09125835            0.50000000        24462.39453125        44370.19531250         4807.99414062 
        4960.50461843            0.50000000        24397.39453125        44226.19531250         4778.99414062 
        4961.04259746            0.50000000        24600.39453125        44647.19531250         4863.99414062 
        4961.50097663            0.50000000        24280.39453125        44158.19531250         4786.99414062 
        4962.03919222            0.50000000        24556.39453125        44694.19531250         4837.99414062 
        4962.45789269            0.50000000        24256.39453125        44241.19531250         4755.99414062 
        4963.03622526            0.50000000        24527.39453125        44682.19531250         4809.99414062 
        4963.50996957            0.50000000        24191.39453125        44198.19531250         4716.99414062 
        4964.10353630            0.50000000        24351.39453125        44512.19531250         4677.99414062 
        4964.49767062            0.50000000        24230.39453125        44412.19531250         4594.99414062 
        4965.04158863            0.50000000        24301.39453125        44475.19531250         4487.99414062 
        4965.49578522            0.50000000        24204.39453125        44467.19531250         4272.99414062 
        4966.02995688            0.50000000        24301.39453125        44564.19531250         3671.99438477 
        4966.44440095            0.50000000        24205.39453125        44479.19531250         2994.99438477 
        4967.02874585            0.50000000        24213.39453125        44326.19531250         2574.99438477 
        4967.49832854            0.50000000        24152.39453125        44321.19531250         2743.99438477 
        4968.09293960            0.50000000        24232.39453125        44329.19531250         3116.99438477 
        4968.48276917            0.50000000        24113.39453125        44101.19531250         3172.99438477 
        4969.03764204            0.50000000        24258.39453125        43992.19531250         3175.99438477 
        4969.48263806            0.50000000        24168.39453125        43880.19531250         3048.99438477 
        4970.02275036            0.50000000        24281.39453125        43704.19531250         2888.99438477 
        4970.43292141            0.50000000        24150.39453125        43408.19531250         2777.99438477 
        4971.02329755            0.50000000        24243.39453125        43342.19531250         2677.99438477 
        4971.48369726            0.50000000        24151.39453125        43477.19531250         2630.99438477 
        4972.08435884            0.50000000        24218.39453125        43717.19531250         2610.99438477 
        4972.46986700            0.50000000        24183.39453125        43895.19531250         2587.99438477 
        4973.03072288            0.50000000        24205.39453125        43938.19531250         2467.99438477 
        4973.47650169            0.50000000        24088.39453125        43567.19531250         2342.99438477 
        4974.01255376            0.50000000        24116.39453125        43142.19531250         2207.99438477 
        4974.42845690            0.50000000        24081.39453125        42695.19531250         2102.99438477 
        4975.01987187            0.50000000        24088.39453125        41688.19531250         1989.99438477 
        4975.48108179            0.50000000        24017.39453125        40772.19531250         1854.99438477 
        4976.07277057            0.50000000        24194.39453125        40113.19531250         1771.99438477 
        4976.46898723            0.50000000        23977.39453125        39215.19531250         1686.99438477 
        4977.01577921            0.50000000        24216.39453125        39141.19531250         1670.99438477 
        4977.47739399            0.50000000        23975.39453125        38343.19531250         1559.99438477 
        4978.01438986            0.50000000        24202.39453125        38297.19531250         1544.99438477 
        4978.42600518            0.50000000        23949.39453125        37621.19531250         1459.99438477 
        4979.00841742            0.50000000        24143.39453125        37729.19531250         1432.99438477 
        4979.48048149            0.50000000        23972.39453125        37248.19531250         1366.99438477 
        4980.07321115            0.50000000        24088.39453125        37108.19531250         1350.99438477 
        4980.47012488            0.50000000        23995.39453125        36670.19531250         1343.99438477 
        4981.02793070            0.50000000        23917.39453125        36026.19531250         1284.99438477 
        4981.48030601            0.50000000        23932.39453125        35470.19531250         1273.99438477 
        4982.00819077            0.50000000        23896.39453125        34655.19531250         1261.99438477 
        4982.42555769            0.50000000        23947.39453125        33947.19531250         1232.99438477 
        4983.00396353            0.50000000        23907.39453125        32756.19335937         1190.99438477 
        4983.47685652            0.50000000        23844.39453125        31604.19335937         1155.99438477 
        4984.05552931            0.50000000        23893.39453125        30324.19335937         1169.99438477 
        4984.47327141            0.50000000        23913.39453125        29331.19335937         1139.99438477 
        4985.00688471            0.50000000        23918.39453125        28293.19335937         1129.99438477 
        4985.47012205            0.50000000        23812.39453125        27416.19335937         1134.99438477 
        4985.98382131            0.50000000        23754.39453125        26733.19335937         1085.99438477 
        4986.42710584            0.50000000        23853.39453125        26477.19335937         1095.99438477 
        4987.00148895            0.50000000        23763.39453125        26132.19335937         1120.99438477 
        4987.47017180            0.50000000        23709.39453125        26015.19335937         1113.99438477 
        4988.05994187            0.50000000        23867.39453125        26164.19335937         1113.99438477 
        4988.47337588            0.50000000        23703.39453125        26240.19335937         1095.99438477 
        4989.00792601            0.50000000        23769.39453125        26692.19335937         1119.99438477 
        4989.47197671            0.50000000        23643.39453125        27026.19335937         1094.99438477 
        4989.97144103            0.50000000        23654.39453125        27582.19335937         1114.99438477 
        4990.42054772            0.50000000        23622.39453125        28108.19335937         1103.99438477 
        4990.99593709            0.50000000        23624.39453125        28752.19335937         1134.99438477 
        4991.47049005            0.50000000        23549.39453125        29215.19335937         1137.99438477 
        4992.03099346            0.50000000        23626.39453125        29881.19335937         1146.99438477 
        4992.47040313            0.50000000        23499.39453125        30127.19335937         1134.99438477 
        4992.99578542            0.50000000        23477.39453125        30399.19335937         1147.99438477 
        4993.46570080            0.50000000        23570.39453125        30767.19335937         1169.99438477 
        4993.95087615            0.50000000        23447.39453125        30698.19335937         1140.99438477 
        4994.43109904            0.50000000        23435.39453125        30791.19335937         1134.99438477 
        4994.96704585            0.50000000        23572.39453125        30940.19335937         1172.99438477 
        4995.45254013            0.50000000        23501.39453125        30803.19335937         1149.99438477 
        4996.01402149            0.50000000        23362.39453125        30492.19335937         1134.99438477 
        4996.47949797            0.50000000        23526.39453125        30570.19335937         1143.99438477 
        4996.98049704            0.50000000        23471.39453125        30331.19335937         1100.99438477 
        4997.46641918            0.50000000        23351.39453125        29957.19335937         1082.99438477 
        4997.93219149            0.50000000        23421.39453125        29784.19335937         1081.99438477 
        4998.44870213            0.50000000        23360.39453125        29469.19335937         1079.99438477 
        4998.96026391            0.50000000        23256.39453125        29061.19335937         1027.99438477 
        4999.45674017            0.50000000        23411.39453125        29057.19335937         1039.99438477 
        4999.99893425            0.50000000        23404.39453125        28885.19335937         1032.99438477 
        5000.49563599            0.50000000        23344.39453125        28769.19335937         1023.99432373 
        5000.97216550            0.50000000        23281.39453125        28646.19335937         1006.99432373 
        5001.47414964            0.50000000        23483.39453125        28898.19335937         1040.99438477 
        5001.93566654            0.50000000        23372.39453125        28962.19335937         1011.99432373 
        5002.45308181            0.50000000        23343.39453125        28995.19335937         1014.99432373 
        5002.93001906            0.50000000        23212.39453125        29025.19335937         1004.99432373 
        5003.46796113            0.50000000        23360.39453125        29551.19335937         1004.99432373 
        5003.97556952            0.50000000        23098.39453125        29418.19335937          983.99432373 
        5004.50867945            0.50000000        23150.39453125        29799.19335937          990.99432373 
        5004.95557193            0.50000000        23086.39453125        30094.19335937          966.99432373 
        5005.47367006            0.50000000        23275.39453125        30646.19335937         1031.99438477 
        5005.92075085            0.50000000        23039.39453125        30743.19335937          995.99432373 
        5007.59808111            0.50000000        23076.39453125        31966.19335937         1029.99438477 
        5009.40385331            0.50000000        23087.39453125        32833.19531250         1059.99438477 
        5011.19577056            0.50000000        22860.39453125        33029.19531250         1049.99438477 
        5013.01966861            0.50000000        22845.39453125        33305.19531250         1104.99438477 
        5014.83481572            0.50000000        22735.39453125        33055.19531250         1054.99438477 
        5016.80454738            0.50000000        22697.39453125        32967.19531250         1094.99438477 
        5018.75042204            0.50000000        22601.39453125        33051.19531250         1097.99438477 
        5020.78999541            0.50000000        22545.39453125        33375.19531250         1082.99438477 
        5022.77507644            0.50000000        22533.39453125        33757.19531250         1072.99438477 
        5024.86945353            0.50000000        22321.39453125        33776.19531250         1080.99438477 
        5026.90420627            0.50000000        22307.39453125        33853.19531250         1073.99438477 
        5029.04853562            0.50000000        22092.39453125        33532.19531250         1055.99438477 
        5031.18972547            0.50000000        22172.39453125        33677.19531250         1041.99438477 
        5033.45631525            0.50000000        22138.39453125        33464.19531250         1003.99432373 
        5035.73542923            0.50000000        22044.39453125        32923.19531250          950.99432373 
        5038.00649172            0.50000000        21886.39453125        32381.19335937          919.99432373 
        5040.26431810            0.50000000        21701.39453125        31953.19335937          870.99432373 
        5042.64309213            0.50000000        21736.39453125        32081.19335937          893.99432373 
        5045.10700638            0.50000000        21603.39453125        32221.19335937          871.99432373 
        5047.45455623            0.50000000        21450.39453125        32317.19335937          872.99432373 
        5049.98057231            0.50000000        21417.39453125        32528.19335937          890.99432373 
        5052.43157729            0.50000000        21115.39453125        32249.19335937          888.99432373 
        5054.95264984            0.50000000        21108.39453125        32524.19335937          911.99432373 
        5057.57519068            0.50000000        21000.39453125        32607.19335937          926.99432373 
        5060.16428642            0.50000000        20886.39453125        32819.19531250          966.99432373 
        5062.79272772            0.50000000        20716.39453125        32924.19531250          953.99432373 
        5065.56492084            0.50000000        20681.39453125        33155.19531250          979.99432373 
        5068.26734273            0.50000000        20529.39453125        33173.19531250          962.99432373 
        5071.07220752            0.50000000        20150.39453125        32846.19531250          972.99432373 
        5073.96941438            0.50000000        20287.39453125        33458.19531250          973.99432373 
        5076.79164087            0.50000000        20187.39453125        33633.19531250          968.99432373 
        5079.68023745            0.50000000        19797.39453125        33276.19531250          922.99432373 
        5082.72473631            0.50000000        19800.39453125        33695.19531250          882.99432373 
        5085.73113767            0.50000000        19590.39453125        33674.19531250          866.99432373 
        5088.71508442            0.50000000        19705.39453125        34145.19531250          863.99432373 
        5091.85048939            0.50000000        19448.39453125        33953.19531250          810.99432373 
        5094.97426355            0.50000000        19195.39453125        33793.19531250          827.99432373 
        5098.07049004            0.50000000        19190.39453125        34087.19531250          837.99432373 
        5101.25022945            0.50000000        19092.39453125        34412.19531250          866.99432373 
        5104.51381344            0.50000000        18954.39453125        34567.19531250          894.99432373 
        5107.80318169            0.50000000        18785.39453125        34570.19531250          923.99432373 
        5111.08121656            0.50000000        18744.39453125        34788.19531250          920.99432373 
        5114.41174906            0.50000000        18567.39453125        34656.19531250          940.99432373 
        5117.78432897            0.50000000        18274.39453125        34429.19531250          911.99432373 
        5121.18844788            0.50000000        18052.39453125        34196.19531250          907.99432373 
        5124.61353740            0.50000000        17836.39453125        34006.19531250          931.99432373 
        5128.09716373            0.50000000        18044.39453125        34734.19531250          939.99432373 
        5131.61812249            0.50000000        17632.39453125        34254.19531250          924.99432373 
        5135.14434185            0.50000000        17489.39453125        34360.19531250          913.99432373 
        5138.71886720            0.50000000        17255.39453125        34296.19531250          904.99432373 
        5142.42272008            0.50000000        17256.39453125        34572.19531250          913.99432373 
        5145.98668794            0.50000000        16812.39453125        34166.19531250          859.99432373 
        5149.70193983            0.50000000        16757.39453125        34399.19531250          862.99432373 
        5153.43385059            0.50000000        16527.39453125        34337.19531250          871.99432373 
        5157.18248472            0.50000000        16299.39355469        34333.19531250          869.99432373 
        5161.04564888            0.50000000        16142.39355469        34493.19531250          880.99432373 
        5164.85527509            0.50000000        15802.39355469        34291.19531250          903.99432373 
        5168.74728178            0.50000000        15719.39355469        34548.19531250          921.99432373 
        5172.70023049            0.50000000        15432.39355469        34473.19531250          917.99432373 
        5176.54496650            0.50000000        15131.39355469        34190.19531250          935.99432373 
        5180.56015224            0.50000000        12459.39355469        28685.19335937          810.99432373 
        5184.54371529            0.50000000        15064.39355469        34799.19531250          961.99432373 
        5188.53942501            0.50000000        14770.39355469        34714.19531250          983.99432373 
        5192.70139770            0.50000000        14342.39355469        34107.19531250          972.99432373 
        5196.82652178            0.50000000        13981.39355469        33667.19531250          946.99432373 
        5200.94219583            0.50000000        13714.39355469        33470.19531250          937.99432373 
        5205.14238426            0.50000000        13365.39355469        32979.19531250          899.99432373 
        5208.91776827            0.50000000        12802.39355469        31996.19335937          883.99432373 
