# 1-D Scan File created by LabVIEW Control Panel  12/6/2011  7:03:00 AM; Scan time 0 hrs 4 min 28 sec. 
#
# Beamline 20 BM
#
# Scan config: 
#                 E0: 4966.00 eV   223 points
#        Scan bounds:  -100.00 -30.00 40.00 243.35 (7.99 (k))
#       Scan step(s):  5.00 0.50 0.07
#  Integration times:  0.50 0.50 0.50    kwgt in EXAFS region: 0.0 
#
# User Comment:
# 50oC
#
#
# Amplifier Sensitivities:
# Preslit: 20 nA/V  I0: 20 nA/V  I: 100 pA/V  IREF: 50 pA/V  
#
# Analog Input Voltages at start/end of scan:
# Preslit: 0.034/0.032  I0: 0.300/0.158  Ignore: 0.008/0.004  I: 0.599/0.270  IREF: 0.194/0.131  
#
# Mono Info:
# 
#
# ID Info:
# 
#
# Slit Info:
# Kappa S1:  Center is at -542 (H), 500 (V)   Size is 8000 wide x 2000 high
# Vacuum Slits:  Center is at 850 (H), -25 (V)   Size is 899 wide x 1000 high
#
# Motor Positions:
# SMV (20bm:m29): -37594.243125 SMH (20bm:m30): 4802.187500 
#
# Detector Names/PVs:
# I0/20bm:scaler1_netA.C  I/20bm:scaler1_netA.E  IREF/20bm:scaler1_netA.F  
#
# Positioner names/Drive PVs/Readback PVs:
# Mono Energy */20bm:monoE.VAL/20bm:EnctoE.VAL  Scaler preset time */20bm:scaler1.TP/  
# Here is a readable list of column headings:
#  1) Mono Energy *        
#  2) Scaler preset time * 
#  3) I0                   
#  4) I                    
#  5) IREF                 
#
# Column Headings:
#Mono Energy *        Scaler preset time * I0                   I                    IREF                 
        4865.38181436            0.50000000        10221.39355469        24929.19335937         3493.99438477 
        4870.45241530            0.50000000        10007.39355469        24487.19335937         3342.99438477 
        4875.46271053            0.50000000         9889.39355469        24389.19335937         3281.99438477 
        4880.54201781            0.50000000         9706.39355469        24205.19335937         3204.99438477 
        4885.59442313            0.50000000         9537.39355469        23945.19335937         3104.99438477 
        4890.58107683            0.50000000         9427.39355469        23865.19335937         3054.99438477 
        4895.66602039            0.50000000         9305.39355469        23807.19335937         2958.99438477 
        4900.77228306            0.50000000         9181.39355469        23675.19335937         2935.99438477 
        4905.80274538            0.50000000         9059.39355469        23469.19335937         2837.99438477 
        4910.80557360            0.50000000         8948.39355469        23492.19335937         2828.99438477 
        4915.81960583            0.50000000         8717.39355469        23168.19335937         2726.99438477 
        4920.84487846            0.50000000         8693.39355469        23290.19335937         2728.99438477 
        4925.88142801            0.50000000         8546.39355469        23109.19335937         2695.99438477 
        4930.88504862            0.50000000         8414.39355469        22974.19335937         2644.99438477 
        4935.95894332            0.50000000         8310.39355469        22923.19335937         2580.99438477 
        4936.47139734            0.50000000         8366.39355469        23220.19335937         2630.99438477 
        4936.93467723            0.50000000         8376.39355469        23174.19335937         2649.99438477 
        4937.43256287            0.50000000         8371.39355469        23214.19335937         2634.99438477 
        4937.91083384            0.50000000         8255.39355469        23007.19335937         2578.99438477 
        4938.42866425            0.50000000         8323.39355469        23083.19335937         2609.99438477 
        4938.93674684            0.50000000         8314.39355469        23052.19335937         2612.99438477 
        4939.43507497            0.50000000         8300.39355469        23188.19335937         2604.99438477 
        4939.97793390            0.50000000         8255.39355469        22988.19335937         2561.99438477 
        4940.46168197            0.50000000         8291.39355469        23123.19335937         2585.99438477 
        4940.97022292            0.50000000         8229.39355469        23052.19335937         2555.99438477 
        4941.43936721            0.50000000         8186.39404297        22953.19335937         2566.99438477 
        4941.92836880            0.50000000         8196.39355469        22991.19335937         2564.99438477 
        4942.42735845            0.50000000         8298.39355469        23260.19335937         2593.99438477 
        4942.96105366            0.50000000         8207.39355469        23089.19335937         2582.99438477 
        4943.45038517            0.50000000         8177.39404297        22961.19335937         2545.99438477 
        4944.01398928            0.50000000         8258.39355469        23186.19335937         2576.99438477 
        4944.46398482            0.50000000         8140.39404297        22942.19335937         2525.99438477 
        4944.99321522            0.50000000         8148.39404297        22957.19335937         2519.99438477 
        4945.45330132            0.50000000         8069.39404297        22794.19335937         2497.99438477 
        4945.95307092            0.50000000         8111.39404297        22893.19335937         2523.99438477 
        4946.42820201            0.50000000         8178.39404297        23009.19335937         2529.99438477 
        4946.98264797            0.50000000         8116.39404297        22963.19335937         2515.99438477 
        4947.46294777            0.50000000         8122.39404297        22962.19335937         2561.99438477 
        4948.04241437            0.50000000         8136.39404297        23101.19335937         2575.99438477 
        4948.46348759            0.50000000         8076.39404297        22963.19335937         2568.99438477 
        4949.00852239            0.50000000         8061.39404297        22946.19335937         2559.99438477 
        4949.46942710            0.50000000         8109.39404297        23176.19335937         2573.99438477 
        4949.98000117            0.50000000         8070.39404297        23026.19335937         2551.99438477 
        4950.43118686            0.50000000         8075.39404297        23037.19335937         2545.99438477 
        4951.00645525            0.50000000         8151.39404297        23274.19335937         2577.99438477 
        4951.47272839            0.50000000         8090.39404297        23117.19335937         2557.99438477 
        4952.06811044            0.50000000         8150.39404297        23230.19335937         2585.99438477 
        4952.47008195            0.50000000         8133.39404297        23228.19335937         2550.99438477 
        4953.01608359            0.50000000         8079.39404297        23099.19335937         2520.99438477 
        4953.47780599            0.50000000         8128.39404297        23325.19335937         2539.99438477 
        4953.98928596            0.50000000         8043.39404297        23155.19335937         2544.99438477 
        4954.43630488            0.50000000         8076.39404297        23201.19335937         2535.99438477 
        4955.01259288            0.50000000         8107.39404297        23328.19335937         2527.99438477 
        4955.47969254            0.50000000         7991.39404297        23048.19335937         2507.99438477 
        4956.07115912            0.50000000         8089.39404297        23347.19335937         2553.99438477 
        4956.47881427            0.50000000         7974.39404297        23039.19335937         2501.99438477 
        4957.03075711            0.50000000         7984.39404297        23075.19335937         2482.99438477 
        4957.48832523            0.50000000         8000.39404297        23067.19335937         2504.99438477 
        4958.01563793            0.50000000         7997.39404297        23120.19335937         2513.99438477 
        4958.44852407            0.50000000         7945.39404297        22976.19335937         2486.99438477 
        4959.01587944            0.50000000         8018.39404297        23240.19335937         2523.99438477 
        4959.48878414            0.50000000         7939.39404297        23041.19335937         2488.99438477 
        4960.07133929            0.50000000         7971.39404297        23194.19335937         2514.99438477 
        4960.48469573            0.50000000         7879.39404297        22975.19335937         2459.99438477 
        4961.03263372            0.50000000         8039.39404297        23402.19335937         2520.99438477 
        4961.48104517            0.50000000         7863.39404297        22967.19335937         2462.99438477 
        4962.01925603            0.50000000         8019.39404297        23356.19335937         2496.99438477 
        4962.43795282            0.50000000         7842.39404297        22937.19335937         2418.99438477 
        4963.02126652            0.50000000         8024.39404297        23492.19335937         2500.99438477 
        4963.49002044            0.50000000         7812.39404297        22880.19335937         2407.99438477 
        4964.08857053            0.50000000         7909.39404297        23176.19335937         2408.99438477 
        4964.47771280            0.50000000         7810.39404297        22968.19335937         2340.99438477 
        4965.03160731            0.50000000         7879.39404297        23124.19335937         2290.99438477 
        4965.48081026            0.50000000         7786.39404297        22869.19335937         2162.99438477 
        4966.01997121            0.50000000         7874.39404297        23074.19335937         1919.99438477 
        4966.43441345            0.50000000         7775.39404297        22896.19335937         1508.99438477 
        4967.01875579            0.50000000         7866.39404297        23088.19335937         1297.99438477 
        4967.47834432            0.50000000         7756.39404297        22873.19335937         1375.99438477 
        4968.07794749            0.50000000         7827.39404297        22926.19335937         1568.99438477 
        4968.47277270            0.50000000         7745.39404297        22563.19335937         1586.99438477 
        4969.02264369            0.50000000         7843.39404297        22620.19335937         1620.99438477 
        4969.47263719            0.50000000         7759.39404297        22468.19335937         1544.99438477 
        4970.00774550            0.50000000         7821.39404297        22337.19335937         1474.99438477 
        4970.42291635            0.50000000         7745.39404297        21710.19335937         1389.99438477 
        4971.01328989            0.50000000         7794.39404297        21347.19335937         1305.99438477 
        4971.47368758            0.50000000         7700.39404297        21277.19335937         1268.99438477 
        4972.07434652            0.50000000         7759.39404297        21585.19335937         1267.99438477 
        4972.46485998            0.50000000         7666.39404297        21690.19335937         1257.99438477 
        4973.02070638            0.50000000         7725.39404297        22151.19335937         1226.99438477 
        4973.46648323            0.50000000         7669.39404297        22122.19335937         1177.99438477 
        4974.00253293            0.50000000         7710.39404297        22096.19335937         1118.99438477 
        4974.41843424            0.50000000         7665.39404297        21965.19335937         1080.99438477 
        4975.01485923            0.50000000         7687.39404297        22019.19335937         1018.99432373 
        4975.47105449            0.50000000         7640.39404297        21967.19335937          954.99432373 
        4976.06775561            0.50000000         7750.39404297        22227.19335937          949.99432373 
        4976.45393976            0.50000000         7613.39404297        21742.19335937          897.99432373 
        4977.00574514            0.50000000         7729.39404297        21687.19335937          864.99432373 
        4977.45732183            0.50000000         7589.39404297        20974.19335937          806.99432373 
        4977.99431297            0.50000000         7681.39404297        20844.19335937          803.99432373 
        4978.40592465            0.50000000         7571.39404297        20223.19335937          740.99432373 
        4978.99335316            0.50000000         7628.39404297        20108.19335937          728.99432373 
        4979.46541411            0.50000000         7594.39404297        19734.19335937          717.99432373 
        4980.05311609            0.50000000         7691.39404297        19493.19335937          690.99432373 
        4980.45002632            0.50000000         7601.39404297        18784.19335937          664.99432373 
        4981.01285307            0.50000000         7570.39404297        18187.19335937          626.99432373 
        4981.46522538            0.50000000         7574.39404297        17836.19335937          619.99432373 
        4981.98807863            0.50000000         7539.39404297        17445.19335937          598.99432373 
        4982.40544186            0.50000000         7562.39404297        17212.19335937          594.99432373 
        4982.98887282            0.50000000         7581.39404297        16916.19335937          597.99432373 
        4983.46176268            0.50000000         7491.39404297        16492.19335937          594.99432373 
        4984.03036657            0.50000000         7547.39404297        16367.19433594          585.99432373 
        4984.45313750            0.50000000         7514.39404297        16116.19433594          580.99432373 
        4984.99178073            0.50000000         7482.39404297        15776.19433594          543.99432373 
        4985.44997933            0.50000000         7470.39404297        15532.19433594          554.99432373 
        4985.96871086            0.50000000         7445.39404297        15191.19433594          560.99432373 
        4986.41703024            0.50000000         7488.39404297        15033.19433594          556.99432373 
        4986.98637175            0.50000000         7457.39404297        14669.19433594          560.99432373 
        4987.45505149            0.50000000         7418.39404297        14339.19433594          553.99432373 
        4988.04481765            0.50000000         7450.39404297        14050.19433594          557.99432373 
        4988.46329124            0.50000000         7388.39404297        13702.19433594          544.99432373 
        4988.99783900            0.50000000         7451.39404297        13522.19433594          545.99432373 
        4989.45684313            0.50000000         7342.39404297        13096.19433594          528.99432373 
        4989.95630414            0.50000000         7337.39404297        12990.19433594          516.99432373 
        4990.41045447            0.50000000         7353.39404297        13054.19433594          532.99432373 
        4990.98079340            0.50000000         7343.39404297        13210.19433594          526.99432373 
        4991.45534322            0.50000000         7282.39404297        13365.19433594          521.99432373 
        4992.01079275            0.50000000         7285.39404297        13735.19433594          520.99432373 
        4992.45019853            0.50000000         7259.39404297        14022.19433594          516.99432373 
        4992.98062847            0.50000000         7249.39404297        14326.19433594          547.99432373 
        4993.45054073            0.50000000         7300.39404297        14659.19433594          553.99432373 
        4993.93065845            0.50000000         7197.39404297        14602.19433594          522.99432373 
        4994.42098805            0.50000000         7249.39404297        14860.19433594          540.99432373 
        4994.95187582            0.50000000         7252.39404297        14854.19433594          536.99432373 
        4995.43736688            0.50000000         7241.39404297        14951.19433594          548.99432373 
        4995.99378553            0.50000000         7139.39404297        14768.19433594          519.99432373 
        4996.46937791            0.50000000         7211.39404297        14887.19433594          527.99432373 
        4996.96531364            0.50000000         7188.39404297        14870.19433594          521.99432373 
        4997.44617036            0.50000000         7105.39404297        14645.19433594          505.99432373 
        4997.91193854            0.50000000         7147.39404297        14651.19433594          493.99432373 
        4998.43857335            0.50000000         7116.39404297        14529.19433594          486.99432373 
        4998.95013286            0.50000000         7015.39404297        14201.19433594          491.99432373 
        4999.44660692            0.50000000         7142.39404297        14290.19433594          484.99432373 
        4999.98879861            0.50000000         7123.39404297        14166.19433594          467.99432373 
        5000.48549814            0.50000000         7102.39404297        14018.19433594          478.99432373 
        5000.96202554            0.50000000         7051.39404297        13763.19433594          458.99432373 
        5001.46400746            0.50000000         7136.39404297        13826.19433594          479.99432373 
        5001.92552231            0.50000000         7070.39404297        13661.19433594          472.99432373 
        5002.44800855            0.50000000         7061.39404297        13610.19433594          475.99432373 
        5002.91987043            0.50000000         6985.39404297        13466.19433594          442.99432373 
        5003.45781011            0.50000000         7060.39404297        13722.19433594          473.99432373 
        5003.97049288            0.50000000         6940.39404297        13536.19433594          448.99432373 
        5004.50360162            0.50000000         6974.39404297        13762.19433594          450.99432373 
        5004.94033552            0.50000000         6929.39404297        13788.19433594          439.99432373 
        5005.46859010            0.50000000         7004.39404297        14006.19433594          459.99432373 
        5005.91058895            0.50000000         6909.39404297        13972.19433594          430.99432373 
        5007.59299644            0.50000000         6888.39404297        14380.19433594          431.99432373 
        5009.39876463            0.50000000         6832.39404297        14669.19433594          462.99432373 
        5011.19577056            0.50000000         6704.39404297        14768.19433594          471.99432373 
        5013.02476533            0.50000000         6684.39404297        14976.19433594          465.99432373 
        5014.83481572            0.50000000         6592.39404297        15008.19433594          464.99432373 
        5016.80965250            0.50000000         6549.39404297        15099.19433594          474.99432373 
        5018.75042204            0.50000000         6457.39404297        14978.19433594          456.99432373 
        5020.79510940            0.50000000         6419.39404297        15006.19433594          453.99432373 
        5022.78019484            0.50000000         6409.39404297        15068.19433594          457.99432373 
        5024.87457660            0.50000000         6340.39404297        15057.19433594          453.99432373 
        5026.91958908            0.50000000         6249.39404297        14871.19433594          451.99432373 
        5029.06393276            0.50000000         6130.39404297        14592.19433594          441.99432373 
        5031.19999976            0.50000000         6155.39404297        14654.19433594          435.99432373 
        5033.47174186            0.50000000         6111.39404297        14633.19433594          395.99432373 
        5035.74057651            0.50000000         6004.39404297        14366.19433594          390.99432373 
        5038.01679641            0.50000000         5963.39404297        14261.19433594          369.99432373 
        5040.27463287            0.50000000         5862.39404297        13949.19433594          350.99432373 
        5042.65858025            0.50000000         5852.39404297        13897.19433594          374.99432373 
        5045.12767924            0.50000000         5757.39404297        13788.19433594          362.99432373 
        5047.45455623            0.50000000         5684.39404297        13755.19433594          353.99432373 
        5049.98575141            0.50000000         5672.39404297        13855.19433594          363.99432373 
        5052.43676187            0.50000000         5532.39404297        13631.19433594          364.99432373 
        5054.95264984            0.50000000         5506.39404297        13699.19433594          373.99432373 
        5057.57519068            0.50000000         5428.39404297        13547.19433594          380.99432373 
        5060.16428642            0.50000000         5372.39404297        13422.19433594          376.99432373 
        5062.79793550            0.50000000         5300.39404297        13362.19433594          374.99432373 
        5065.57013484            0.50000000         5270.39404297        13338.19433594          373.99432373 
        5068.26734273            0.50000000         5185.39404297        13265.19433594          369.99432373 
        5071.07743389            0.50000000         4994.39404297        12941.19433594          366.99432373 
        5073.96941438            0.50000000         5049.39404297        13134.19433594          365.99432373 
        5076.79164087            0.50000000         4936.39404297        13089.19433594          358.99432373 
        5079.67499175            0.50000000         4738.39404297        12713.19433594          329.99432373 
        5082.71423121            0.50000000         4733.39404297        12829.19433594          317.99432373 
        5085.72587834            0.50000000         4623.39404297        12653.19433594          296.99432373 
        5088.70455233            0.50000000         4624.39404297        12727.19433594          311.99432373 
        5091.84521627            0.50000000         4507.39404297        12581.19433594          293.99432373 
        5094.96898338            0.50000000         4383.39404297        12418.19433594          288.99432373 
        5098.06520289            0.50000000         4346.39404297        12437.19433594          281.99432373 
        5101.24493511            0.50000000         4240.39404297        12318.19433594          297.99432373 
        5104.50851173            0.50000000         4144.39404297        12184.19433594          312.99432373 
        5107.79256341            0.50000000         4088.39404297        12141.19433594          320.99432373 
        5111.07058345            0.50000000         4071.39404297        12169.19433594          314.99432373 
        5114.40110086            0.50000000         4006.39404297        12044.19433594          315.99432373 
        5117.77899722            0.50000000         3896.39404297        11917.19433594          295.99432373 
        5121.18310842            0.50000000         3781.39404297        11747.19433594          301.99432373 
        5124.60284295            0.50000000         3690.39404297        11468.19433594          293.99432373 
        5128.09180859            0.50000000         3852.39404297        12098.19433594          322.99432373 
        5131.61812249            0.50000000         3635.39404297        11494.19433594          305.99432373 
        5135.13897069            0.50000000         3581.39404297        11488.19433594          316.99432373 
        5138.71886720            0.50000000         3508.39404297        11337.19433594          307.99432373 
        5142.42810781            0.50000000         3489.39404297        11350.19433594          287.99432373 
        5145.98668794            0.50000000         3302.39404297        10964.19433594          271.99432373 
        5149.70734415            0.50000000         3288.39404297        11035.19433594          270.99432373 
        5153.42843777            0.50000000         3225.39404297        10848.19433594          270.99432373 
        5157.17706334            0.50000000         3164.39404297        10880.19433594          278.99432373 
        5161.03478849            0.50000000         3073.39404297        10693.19433594          266.99432373 
        5164.84983618            0.50000000         3007.39404297        10593.19433594          261.99432373 
        5168.74728178            0.50000000         2989.39404297        10695.19433594          277.99432373 
        5172.70568737            0.50000000         2878.39404297        10383.19433594          265.99432373 
        5176.55043219            0.50000000         2799.39404297        10270.19433594          264.99432373 
        5180.56562714            0.50000000         2234.39404297         8287.19433594          231.99432373 
        5184.55468336            0.50000000         2663.39404297         9950.19433594          274.99432373 
        5188.55041144            0.50000000         2588.39404297         9846.19433594          269.99432373 
        5192.70690048            0.50000000         2468.39404297         9459.19433594          245.99432373 
        5196.83754631            0.50000000         2365.39404297         9215.19433594          252.99432373 
        5200.94771756            0.50000000         2279.39404297         8977.19433594          251.99432373 
        5205.15344710            0.50000000         2185.39404297         8703.19433594          241.99432373 
        5208.92884851            0.50000000         2032.39404297         8103.19433594          220.99432373 
