# 1-D Scan File created by LabVIEW Control Panel  12/6/2011  5:12:32 AM; Scan time 0 hrs 4 min 28 sec. 
#
# Beamline 20 BM
#
# Scan config: 
#                 E0: 4966.00 eV   223 points
#        Scan bounds:  -100.00 -30.00 40.00 243.35 (7.99 (k))
#       Scan step(s):  5.00 0.50 0.07
#  Integration times:  0.50 0.50 0.50    kwgt in EXAFS region: 0.0 
#
# User Comment:
# 50oC
#
#
# Amplifier Sensitivities:
# Preslit: 20 nA/V  I0: 20 nA/V  I: 100 pA/V  IREF: 50 pA/V  
#
# Analog Input Voltages at start/end of scan:
# Preslit: 0.035/0.031  I0: 0.355/0.164  Ignore: 0.010/0.004  I: 0.676/0.352  IREF: 0.205/0.130  
#
# Mono Info:
# 
#
# ID Info:
# 
#
# Slit Info:
# Kappa S1:  Center is at -542 (H), 500 (V)   Size is 8000 wide x 2000 high
# Vacuum Slits:  Center is at 850 (H), -25 (V)   Size is 899 wide x 1000 high
#
# Motor Positions:
# SMV (20bm:m29): -37594.243125 SMH (20bm:m30): 4802.187500 
#
# Detector Names/PVs:
# I0/20bm:scaler1_netA.C  I/20bm:scaler1_netA.E  IREF/20bm:scaler1_netA.F  
#
# Positioner names/Drive PVs/Readback PVs:
# Mono Energy */20bm:monoE.VAL/20bm:EnctoE.VAL  Scaler preset time */20bm:scaler1.TP/  
# Here is a readable list of column headings:
#  1) Mono Energy *        
#  2) Scaler preset time * 
#  3) I0                   
#  4) I                    
#  5) IREF                 
#
# Column Headings:
#Mono Energy *        Scaler preset time * I0                   I                    IREF                 
        4865.38658797            0.50000000        12940.39355469        28759.19335937         3937.99438477 
        4870.45241530            0.50000000        12742.39355469        28467.19335937         3851.99438477 
        4875.46271053            0.50000000        12584.39355469        28413.19335937         3773.99438477 
        4880.54682416            0.50000000        12430.39355469        28323.19335937         3680.99438477 
        4885.58960585            0.50000000        12231.39355469        28057.19335937         3595.99438477 
        4890.58107683            0.50000000        12156.39355469        28184.19335937         3555.99438477 
        4895.66118128            0.50000000        12026.39355469        28103.19335937         3470.99438477 
        4900.78198347            0.50000000        11912.39355469        28246.19335937         3469.99438477 
        4905.80760651            0.50000000        11793.39355469        28054.19335937         3380.99438477 
        4910.81531763            0.50000000        11690.39355469        28165.19335937         3336.99438477 
        4915.82937170            0.50000000        11449.39355469        27903.19335937         3271.99438477 
        4920.85466623            0.50000000        11445.39355469        28277.19335937         3273.99438477 
        4925.88633288            0.50000000        11285.39355469        28062.19335937         3215.99438477 
        4930.89488023            0.50000000        11194.39355469        28176.19335937         3170.99438477 
        4935.97372402            0.50000000        11025.39355469        28026.19335937         3139.99438477 
        4936.48125336            0.50000000        11147.39355469        28499.19335937         3175.99438477 
        4936.94946433            0.50000000        11158.39355469        28562.19335937         3211.99438477 
        4937.44735323            0.50000000        11107.39355469        28456.19335937         3208.99438477 
        4937.92562734            0.50000000        11009.39355469        28254.19335937         3147.99438477 
        4938.43359654            0.50000000        11071.39355469        28333.19335937         3188.99438477 
        4938.94661366            0.50000000        11053.39355469        28305.19335937         3164.99438477 
        4939.44987848            0.50000000        10996.39355469        28315.19335937         3135.99438477 
        4939.99274098            0.50000000        11063.39355469        28329.19335937         3141.99438477 
        4940.47155546            0.50000000        11091.39355469        28589.19335937         3140.99438477 
        4940.98009864            0.50000000        11078.39355469        28622.19335937         3169.99438477 
        4941.44924499            0.50000000        10948.39355469        28331.19335937         3113.99438477 
        4941.94318868            0.50000000        10984.39355469        28405.19335937         3147.99438477 
        4942.43229949            0.50000000        11070.39355469        28607.19335937         3168.99438477 
        4942.97093809            0.50000000        10991.39355469        28478.19335937         3173.99438477 
        4943.46027175            0.50000000        10964.39355469        28453.19335937         3141.99438477 
        4944.01893380            0.50000000        11025.39355469        28591.19335937         3167.99438477 
        4944.47387584            0.50000000        10927.39355469        28404.19335937         3141.99438477 
        4945.00310856            0.50000000        10927.39355469        28437.19335937         3160.99438477 
        4945.46814437            0.50000000        10816.39355469        28248.19335937         3114.99438477 
        4945.96791726            0.50000000        10882.39355469        28364.19335937         3129.99438477 
        4946.43315182            0.50000000        10940.39355469        28433.19335937         3114.99438477 
        4946.98759899            0.50000000        10878.39355469        28429.19335937         3139.99438477 
        4947.47285194            0.50000000        10865.39355469        28367.19335937         3160.99438477 
        4948.04736771            0.50000000        10833.39355469        28424.19335937         3135.99438477 
        4948.47339614            0.50000000        10813.39355469        28429.19335937         3128.99438477 
        4949.01843333            0.50000000        10804.39355469        28465.19335937         3139.99438477 
        4949.47934006            0.50000000        10828.39355469        28564.19335937         3118.99438477 
        4949.98495877            0.50000000        10780.39355469        28417.19335937         3139.99438477 
        4950.44110404            0.50000000        10777.39355469        28421.19335937         3112.99438477 
        4951.01141509            0.50000000        10861.39355469        28689.19335937         3160.99438477 
        4951.48761103            0.50000000        10796.39355469        28549.19335937         3135.99438477 
        4952.07803480            0.50000000        10834.39355469        28558.19335937         3135.99438477 
        4952.48497116            0.50000000        10768.39355469        28496.19335937         3133.99438477 
        4953.03594068            0.50000000        10774.39355469        28443.19335937         3122.99438477 
        4953.48277126            0.50000000        10817.39355469        28686.19335937         3150.99438477 
        4953.99921876            0.50000000        10752.39355469        28672.19335937         3120.99438477 
        4954.44127225            0.50000000        10727.39355469        28502.19335937         3128.99438477 
        4955.01756152            0.50000000        10777.39355469        28686.19335937         3133.99438477 
        4955.48963188            0.50000000        10640.39355469        28392.19335937         3060.99438477 
        4956.08110105            0.50000000        10788.39355469        28823.19335937         3131.99438477 
        4956.48875800            0.50000000        10607.39355469        28451.19335937         3082.99438477 
        4957.03573018            0.50000000        10691.39355469        28638.19335937         3102.99438477 
        4957.49329930            0.50000000        10628.39355469        28404.19335937         3084.99438477 
        4958.03056366            0.50000000        10657.39355469        28583.19335937         3082.99438477 
        4958.45350026            0.50000000        10587.39355469        28427.19335937         3061.99438477 
        4959.02583431            0.50000000        10654.39355469        28708.19335937         3075.99438477 
        4959.49376261            0.50000000        10551.39355469        28367.19335937         3047.99438477 
        4960.08627857            0.50000000        10644.39355469        28735.19335937         3063.99438477 
        4960.48967639            0.50000000        10535.39355469        28360.19335937         3040.99438477 
        4961.03761559            0.50000000        10700.39355469        28837.19335937         3072.99438477 
        4961.49101088            0.50000000        10506.39355469        28372.19335937         3027.99438477 
        4962.02922410            0.50000000        10691.39355469        28902.19335937         3068.99438477 
        4962.44792274            0.50000000        10506.39355469        28473.19335937         3008.99438477 
        4963.02126652            0.50000000        10664.39355469        28903.19335937         3040.99438477 
        4963.49999498            0.50000000        10447.39355469        28375.19335937         2995.99438477 
        4964.09854770            0.50000000        10544.39355469        28636.19335937         2923.99438477 
        4964.48769169            0.50000000        10418.39355469        28440.19335937         2892.99438477 
        4965.03659796            0.50000000        10524.39355469        28558.19335937         2832.99438477 
        4965.48081026            0.50000000        10428.39355469        28491.19335937         2693.99438477 
        4966.02496404            0.50000000        10497.39355469        28542.19335937         2329.99438477 
        4966.43940720            0.50000000        10435.39355469        28522.19335937         1843.99438477 
        4967.02874585            0.50000000        10481.39355469        28486.19335937         1598.99438477 
        4967.48833641            0.50000000        10353.39355469        28326.19335937         1688.99438477 
        4968.08294485            0.50000000        10473.39355469        28460.19335937         1922.99438477 
        4968.46777448            0.50000000        10370.39355469        28157.19335937         1963.99438477 
        4969.02764313            0.50000000        10442.39355469        28149.19335937         1973.99438477 
        4969.47263719            0.50000000        10370.39355469        28070.19335937         1895.99438477 
        4970.01774873            0.50000000        10446.39355469        27967.19335937         1783.99438477 
        4970.42791887            0.50000000        10330.39355469        27339.19335937         1668.99438477 
        4971.02329755            0.50000000        10370.39355469        26781.19335937         1611.99438477 
        4971.48369726            0.50000000        10293.39355469        26824.19335937         1559.99438477 
        4972.07935267            0.50000000        10368.39355469        27109.19335937         1572.99438477 
        4972.46986700            0.50000000        10284.39355469        27380.19335937         1561.99438477 
        4973.02571462            0.50000000        10324.39355469        27691.19335937         1494.99438477 
        4973.47650169            0.50000000        10248.39355469        27588.19335937         1434.99438477 
        4974.01255376            0.50000000        10284.39355469        27564.19335937         1357.99438477 
        4974.42344557            0.50000000        10272.39355469        27510.19335937         1301.99438477 
        4975.01987187            0.50000000        10276.39355469        27340.19335937         1211.99438477 
        4975.47105449            0.50000000        10202.39355469        27159.19335937         1170.99438477 
        4976.06775561            0.50000000        10309.39355469        27151.19335937         1125.99438477 
        4976.46397139            0.50000000        10177.39355469        26527.19335937         1094.99438477 
        4977.01577921            0.50000000        10314.39355469        26384.19335937         1033.99438477 
        4977.46233985            0.50000000        10130.39355469        25524.19335937          959.99432373 
        4977.99431297            0.50000000        10246.39355469        25276.19335937          937.99432373 
        4978.41094477            0.50000000        10139.39355469        24648.19335937          897.99432373 
        4979.00339599            0.50000000        10176.39355469        24354.19335937          865.99432373 
        4979.47545902            0.50000000        10134.39355469        23892.19335937          831.99432373 
        4980.06316360            0.50000000        10123.39355469        23201.19335937          791.99432373 
        4980.46007558            0.50000000        10103.39355469        22575.19335937          756.99432373 
        4981.01787894            0.50000000        10073.39355469        21997.19335937          735.99432373 
        4981.47025225            0.50000000        10082.39355469        21617.19335937          736.99432373 
        4981.99813468            0.50000000        10014.39355469        21174.19335937          704.99432373 
        4982.41549975            0.50000000        10051.39355469        20975.19335937          684.99432373 
        4982.99893329            0.50000000        10087.39355469        20809.19335937          696.99432373 
        4983.46679395            0.50000000         9965.39355469        20355.19335937          682.99432373 
        4984.04043163            0.50000000        10005.39355469        20177.19335937          695.99432373 
        4984.46320443            0.50000000        10007.39355469        19923.19335937          688.99432373 
        4985.00185004            0.50000000         9982.39355469        19551.19335937          693.99432373 
        4985.46005067            0.50000000         9966.39355469        19101.19335937          685.99432373 
        4985.98382131            0.50000000         9933.39355469        18550.19335937          658.99432373 
        4986.42206804            0.50000000         9997.39355469        18162.19335937          659.99432373 
        4986.99141081            0.50000000         9958.39355469        17543.19335937          656.99432373 
        4987.46513168            0.50000000         9876.39355469        17036.19335937          655.99432373 
        4988.03977627            0.50000000         9943.39355469        16722.19335937          629.99432373 
        4988.46329124            0.50000000         9849.39355469        16349.19433594          639.99432373 
        4988.99783900            0.50000000         9888.39355469        16185.19433594          623.99432373 
        4989.46693217            0.50000000         9776.39355469        15908.19433594          608.99432373 
        4989.96639539            0.50000000         9744.39355469        15877.19433594          612.99432373 
        4990.41550109            0.50000000         9799.39355469        16135.19433594          632.99432373 
        4990.98584129            0.50000000         9734.39355469        16426.19335937          625.99432373 
        4991.46039215            0.50000000         9691.39355469        16788.19335937          637.99432373 
        4992.02089308            0.50000000         9778.39355469        17510.19335937          652.99432373 
        4992.46030081            0.50000000         9744.39355469        17866.19335937          652.99432373 
        4992.99073309            0.50000000         9704.39355469        18165.19335937          644.99432373 
        4993.45559407            0.50000000         9769.39355469        18535.19335937          648.99432373 
        4993.94076728            0.50000000         9661.39355469        18490.19335937          656.99432373 
        4994.42604354            0.50000000         9695.39355469        18692.19335937          658.99432373 
        4994.96198916            0.50000000         9751.39355469        18800.19335937          655.99432373 
        4995.44748237            0.50000000         9706.39355469        18752.19335937          620.99432373 
        4995.99884450            0.50000000         9601.39355469        18544.19335937          623.99432373 
        4996.47443794            0.50000000         9697.39355469        18657.19335937          647.99432373 
        4996.97037476            0.50000000         9669.39355469        18558.19335937          627.99432373 
        4997.45629475            0.50000000         9531.39355469        18213.19335937          595.99432373 
        4997.91700176            0.50000000         9618.39355469        18260.19335937          627.99432373 
        4998.44363774            0.50000000         9587.39355469        18046.19335937          589.99432373 
        4998.95519838            0.50000000         9464.39355469        17603.19335937          594.99432373 
        4999.44660692            0.50000000         9619.39355469        17666.19335937          586.99432373 
        4999.98879861            0.50000000         9549.39355469        17345.19335937          553.99432373 
        5000.49056706            0.50000000         9530.39355469        17178.19335937          568.99432373 
        5000.96709552            0.50000000         9473.39355469        16907.19335937          548.99432373 
        5001.47414964            0.50000000         9621.39355469        17082.19335937          598.99432373 
        5001.92552231            0.50000000         9513.39355469        16954.19335937          557.99432373 
        5002.44800855            0.50000000         9519.39355469        16951.19335937          562.99432373 
        5002.91987043            0.50000000         9420.39355469        16876.19335937          544.99432373 
        5003.45273462            0.50000000         9492.39355469        17185.19335937          583.99432373 
        5003.97049288            0.50000000         9336.39355469        17028.19335937          542.99432373 
        5004.50360162            0.50000000         9433.39355469        17408.19335937          550.99432373 
        5004.94541431            0.50000000         9359.39355469        17451.19335937          544.99432373 
        5005.46351015            0.50000000         9436.39355469        17706.19335937          571.99432373 
        5005.91566990            0.50000000         9307.39355469        17693.19335937          545.99432373 
        5007.59299644            0.50000000         9305.39355469        18346.19335937          546.99432373 
        5009.40385331            0.50000000         9271.39355469        18719.19335937          566.99432373 
        5011.20086323            0.50000000         9100.39355469        18816.19335937          579.99432373 
        5013.02476533            0.50000000         9043.39355469        19004.19335937          583.99432373 
        5014.83481572            0.50000000         8975.39355469        19221.19335937          591.99432373 
        5016.80965250            0.50000000         8899.39355469        19302.19335937          612.99432373 
        5018.75553150            0.50000000         8836.39355469        19249.19335937          593.99432373 
        5020.78999541            0.50000000         8770.39355469        19229.19335937          599.99432373 
        5022.78531325            0.50000000         8778.39355469        19271.19335937          581.99432373 
        5024.87457660            0.50000000         8605.39355469        19074.19335937          587.99432373 
        5026.91958908            0.50000000         8586.39355469        19088.19335937          592.99432373 
        5029.06393276            0.50000000         8425.39355469        18727.19335937          551.99432373 
        5031.19486261            0.50000000         8440.39355469        18774.19335937          547.99432373 
        5033.46145744            0.50000000         8386.39355469        18685.19335937          523.99432373 
        5035.73028197            0.50000000         8313.39355469        18503.19335937          499.99432373 
        5038.01164406            0.50000000         8267.39355469        18332.19335937          482.99432373 
        5040.25916073            0.50000000         8092.39404297        17820.19335937          451.99432373 
        5042.64825482            0.50000000         8118.39404297        17767.19335937          450.99432373 
        5045.12251101            0.50000000         7993.39404297        17705.19335937          453.99432373 
        5047.44938279            0.50000000         7945.39404297        17799.19335937          459.99432373 
        5049.97539323            0.50000000         7879.39404297        17844.19335937          469.99432373 
        5052.42639273            0.50000000         7683.39404297        17639.19335937          459.99432373 
        5054.94745963            0.50000000         7675.39404297        17728.19335937          479.99432373 
        5057.56999460            0.50000000         7573.39404297        17585.19335937          479.99432373 
        5060.14868081            0.50000000         7474.39404297        17406.19335937          479.99432373 
        5062.78231218            0.50000000         7400.39404297        17352.19335937          480.99432373 
        5065.54927889            0.50000000         7340.39404297        17328.19335937          475.99432373 
        5068.24646257            0.50000000         7234.39404297        17276.19335937          490.99432373 
        5071.06698117            0.50000000         7010.39404297        16984.19335937          461.99432373 
        5073.96418151            0.50000000         7062.39404297        17125.19335937          489.99432373 
        5076.77592328            0.50000000         6916.39404297        17119.19335937          458.99432373 
        5079.65925470            0.50000000         6714.39404297        16725.19335937          450.99432373 
        5082.70372616            0.50000000         6697.39404297        16974.19335937          423.99432373 
        5085.71535973            0.50000000         6576.39404297        16807.19335937          416.99432373 
        5088.69928631            0.50000000         6606.39404297        16860.19335937          392.99432373 
        5091.82412392            0.50000000         6465.39404297        16778.19335937          385.99432373 
        5094.94786284            0.50000000         6285.39404297        16565.19335937          365.99432373 
        5098.05462862            0.50000000         6273.39404297        16699.19335937          378.99432373 
        5101.23434648            0.50000000         6188.39404297        16759.19335937          397.99432373 
        5104.50321003            0.50000000         6078.39404297        16612.19335937          406.99432373 
        5107.78194517            0.50000000         6029.39404297        16648.19335937          410.99432373 
        5111.06526691            0.50000000         6003.39404297        16682.19335937          416.99432373 
        5114.39577678            0.50000000         5969.39404297        16675.19335937          412.99432373 
        5117.77899722            0.50000000         5820.39404297        16517.19335937          414.99432373 
        5121.17776897            0.50000000         5688.39404297        16262.19433594          417.99432373 
        5124.60819017            0.50000000         5588.39404297        16016.19433594          401.99432373 
        5128.08645346            0.50000000         5661.39404297        16492.19335937          436.99432373 
        5131.61812249            0.50000000         5490.39404297        16027.19433594          415.99432373 
        5135.14434185            0.50000000         5344.39404297        15875.19433594          404.99432373 
        5138.72424650            0.50000000         5234.39404297        15621.19433594          390.99432373 
        5142.42810781            0.50000000         5241.39404297        15758.19433594          396.99432373 
        5145.99208379            0.50000000         5027.39404297        15412.19433594          373.99432373 
        5149.70193983            0.50000000         4957.39404297        15384.19433594          365.99432373 
        5153.42843777            0.50000000         4864.39404297        15184.19433594          363.99432373 
        5157.17706334            0.50000000         4760.39404297        15141.19433594          364.99432373 
        5161.03478849            0.50000000         4668.39404297        15043.19433594          380.99432373 
        5164.84983618            0.50000000         4489.39404297        14696.19433594          360.99432373 
        5168.74728178            0.50000000         4448.39404297        14748.19433594          377.99432373 
        5172.70023049            0.50000000         4294.39404297        14300.19433594          378.99432373 
        5176.54496650            0.50000000         4164.39404297        14132.19433594          371.99432373 
        5180.56015224            0.50000000         3340.39404297        11513.19433594          298.99432373 
        5184.54371529            0.50000000         4049.39404297        13978.19433594          369.99432373 
        5188.53942501            0.50000000         3904.39404297        13755.19433594          361.99432373 
        5192.70139770            0.50000000         3761.39404297        13359.19433594          361.99432373 
        5196.82652178            0.50000000         3602.39404297        12946.19433594          358.99432373 
        5200.93115240            0.50000000         3464.39404297        12590.19433594          342.99432373 
        5205.14238426            0.50000000         3304.39404297        12077.19433594          316.99432373 
        5208.92330839            0.50000000         3122.39404297        11492.19433594          302.99432373 
