# 1-D Scan File created by LabVIEW Control Panel  12/6/2011  4:07:15 AM; Scan time 0 hrs 4 min 29 sec. 
#
# Beamline 20 BM
#
# Scan config: 
#                 E0: 4966.00 eV   223 points
#        Scan bounds:  -100.00 -30.00 40.00 243.35 (7.99 (k))
#       Scan step(s):  5.00 0.50 0.07
#  Integration times:  0.50 0.50 0.50    kwgt in EXAFS region: 0.0 
#
# User Comment:
# 50oC
#
#
# Amplifier Sensitivities:
# Preslit: 20 nA/V  I0: 20 nA/V  I: 100 pA/V  IREF: 50 pA/V  
#
# Analog Input Voltages at start/end of scan:
# Preslit: 0.033/0.031  I0: 0.396/0.200  Ignore: 0.010/0.005  I: 0.731/0.438  IREF: 0.211/0.134  
#
# Mono Info:
# 
#
# ID Info:
# 
#
# Slit Info:
# Kappa S1:  Center is at -542 (H), 500 (V)   Size is 8000 wide x 2000 high
# Vacuum Slits:  Center is at 850 (H), -25 (V)   Size is 899 wide x 1000 high
#
# Motor Positions:
# SMV (20bm:m29): -37594.243125 SMH (20bm:m30): 4802.187500 
#
# Detector Names/PVs:
# I0/20bm:scaler1_netA.C  I/20bm:scaler1_netA.E  IREF/20bm:scaler1_netA.F  
#
# Positioner names/Drive PVs/Readback PVs:
# Mono Energy */20bm:monoE.VAL/20bm:EnctoE.VAL  Scaler preset time */20bm:scaler1.TP/  
# Here is a readable list of column headings:
#  1) Mono Energy *        
#  2) Scaler preset time * 
#  3) I0                   
#  4) I                    
#  5) IREF                 
#
# Column Headings:
#Mono Energy *        Scaler preset time * I0                   I                    IREF                 
        4865.38181436            0.50000000        14997.39355469        31476.19335937         4236.99414062 
        4870.45241530            0.50000000        14783.39355469        31199.19335937         4121.99414062 
        4875.46271053            0.50000000        14690.39355469        31260.19335937         4104.99414062 
        4880.54201781            0.50000000        14493.39355469        31208.19335937         3996.99438477 
        4885.58960585            0.50000000        14321.39355469        31178.19335937         3935.99438477 
        4890.57624875            0.50000000        14237.39355469        31274.19335937         3900.99438477 
        4895.66118128            0.50000000        14126.39355469        31286.19335937         3804.99438477 
        4900.77228306            0.50000000        14019.39355469        31414.19335937         3793.99438477 
        4905.80760651            0.50000000        13854.39355469        31319.19335937         3714.99438477 
        4910.81044561            0.50000000        13761.39355469        31405.19335937         3686.99438477 
        4915.82448876            0.50000000        13476.39355469        31165.19335937         3614.99438477 
        4920.85466623            0.50000000        13510.39355469        31642.19335937         3648.99438477 
        4925.88633288            0.50000000        13373.39355469        31593.19335937         3603.99438477 
        4930.88996442            0.50000000        13203.39355469        31597.19335937         3546.99438477 
        4935.96387021            0.50000000        13140.39355469        31770.19335937         3545.99438477 
        4936.47632534            0.50000000        13197.39355469        32123.19335937         3569.99438477 
        4936.94453528            0.50000000        13234.39355469        32142.19335937         3568.99438477 
        4937.44242310            0.50000000        13211.39355469        32144.19335937         3598.99438477 
        4937.92069616            0.50000000        13104.39355469        31983.19335937         3569.99438477 
        4938.43359654            0.50000000        13130.39355469        31930.19335937         3557.99438477 
        4938.94168024            0.50000000        13134.39355469        31968.19335937         3576.99438477 
        4939.44494397            0.50000000        13101.39355469        32091.19335937         3546.99438477 
        4939.98780527            0.50000000        13058.39355469        31890.19335937         3513.99438477 
        4940.46661871            0.50000000        13098.39355469        32050.19335937         3547.99438477 
        4940.97516077            0.50000000        13047.39355469        32042.19335937         3520.99438477 
        4941.44430609            0.50000000        12969.39355469        31911.19335937         3514.99438477 
        4941.94318868            0.50000000        13009.39355469        32030.19335937         3512.99438477 
        4942.43229949            0.50000000        13066.39355469        32152.19335937         3562.99438477 
        4942.97093809            0.50000000        12973.39355469        32009.19335937         3503.99438477 
        4943.46027175            0.50000000        12956.39355469        31984.19335937         3517.99438477 
        4944.01893380            0.50000000        12987.39355469        32069.19335937         3525.99438477 
        4944.46893032            0.50000000        12896.39355469        31890.19335937         3479.99438477 
        4945.00310856            0.50000000        12920.39355469        31992.19335937         3510.99438477 
        4945.46319667            0.50000000        12817.39355469        31856.19335937         3461.99438477 
        4945.96296847            0.50000000        12813.39355469        31857.19335937         3449.99438477 
        4946.43315182            0.50000000        12911.39355469        32003.19335937         3501.99438477 
        4946.98759899            0.50000000        12847.39355469        32034.19335937         3495.99438477 
        4947.47285194            0.50000000        12855.39355469        32076.19335937         3489.99438477 
        4948.04736771            0.50000000        12864.39355469        32128.19335937         3541.99438477 
        4948.47835043            0.50000000        12774.39355469        32037.19335937         3494.99438477 
        4949.01843333            0.50000000        12756.39355469        31965.19335937         3473.99438477 
        4949.47438357            0.50000000        12783.39355469        32125.19335937         3477.99438477 
        4949.98991638            0.50000000        12735.39355469        32046.19335937         3494.99438477 
        4950.43614545            0.50000000        12751.39355469        32081.19335937         3485.99438477 
        4951.01141509            0.50000000        12845.39355469        32340.19335937         3520.99438477 
        4951.47768926            0.50000000        12738.39355469        32116.19335937         3484.99438477 
        4952.07307262            0.50000000        12813.39355469        32237.19335937         3522.99438477 
        4952.47504501            0.50000000        12789.39355469        32267.19335937         3490.99438477 
        4953.02601211            0.50000000        12774.39355469        32219.19335937         3511.99438477 
        4953.48773654            0.50000000        12784.39355469        32360.19335937         3498.99438477 
        4953.99425236            0.50000000        12702.39355469        32246.19335937         3482.99438477 
        4954.44623964            0.50000000        12724.39355469        32288.19335937         3457.99438477 
        4955.01756152            0.50000000        12742.39355469        32377.19335937         3515.99438477 
        4955.48963188            0.50000000        12631.39355469        32154.19335937         3464.99438477 
        4956.07613008            0.50000000        12762.39355469        32528.19335937         3508.99438477 
        4956.48875800            0.50000000        12655.39355469        32240.19335937         3467.99438477 
        4957.04070326            0.50000000        12667.39355469        32350.19335937         3474.99438477 
        4957.49329930            0.50000000        12657.39355469        32269.19335937         3502.99438477 
        4958.02558841            0.50000000        12642.39355469        32368.19335937         3450.99438477 
        4958.44852407            0.50000000        12646.39355469        32290.19335937         3458.99438477 
        4959.02583431            0.50000000        12701.39355469        32579.19335937         3456.99438477 
        4959.49376261            0.50000000        12580.39355469        32331.19335937         3482.99438477 
        4960.07631904            0.50000000        12627.39355469        32460.19335937         3439.99438477 
        4960.48967639            0.50000000        12569.39355469        32314.19335937         3443.99438477 
        4961.03263372            0.50000000        12728.39355469        32773.19531250         3490.99438477 
        4961.48104517            0.50000000        12457.39355469        32142.19335937         3377.99438477 
        4962.01925603            0.50000000        12691.39355469        32710.19335937         3473.99438477 
        4962.43795282            0.50000000        12441.39355469        32180.19335937         3375.99438477 
        4963.02126652            0.50000000        12680.39355469        32814.19531250         3447.99438477 
        4963.49002044            0.50000000        12446.39355469        32264.19335937         3380.99438477 
        4964.09355911            0.50000000        12531.39355469        32512.19335937         3349.99438477 
        4964.47771280            0.50000000        12398.39355469        32239.19335937         3276.99438477 
        4965.02661666            0.50000000        12504.39355469        32463.19335937         3216.99438477 
        4965.47581862            0.50000000        12375.39355469        32211.19335937         3038.99438477 
        4966.01497839            0.50000000        12415.39355469        32243.19335937         2625.99438477 
        4966.43441345            0.50000000        12357.39355469        32220.19335937         2103.99438477 
        4967.01875579            0.50000000        12441.39355469        32297.19335937         1804.99438477 
        4967.47334829            0.50000000        12328.39355469        32065.19335937         1895.99438477 
        4968.07794749            0.50000000        12422.39355469        32139.19335937         2173.99438477 
        4968.46277628            0.50000000        12306.39355469        31965.19335937         2238.99438477 
        4969.02264369            0.50000000        12390.39355469        31926.19335937         2263.99438477 
        4969.46763678            0.50000000        12270.39355469        31585.19335937         2122.99438477 
        4970.00274391            0.50000000        12348.39355469        31556.19335937         2039.99438477 
        4970.42291635            0.50000000        12300.39355469        31341.19335937         1940.99438477 
        4971.01328989            0.50000000        12345.39355469        31134.19335937         1878.99438477 
        4971.47368758            0.50000000        12216.39355469        31058.19335937         1833.99438477 
        4972.07434652            0.50000000        12308.39355469        31403.19335937         1818.99438477 
        4972.45985297            0.50000000        12202.39355469        31320.19335937         1822.99438477 
        4973.01569815            0.50000000        12252.39355469        31450.19335937         1751.99438477 
        4973.46648323            0.50000000        12245.39355469        31473.19335937         1690.99438477 
        4974.00253293            0.50000000        12295.39355469        31285.19335937         1601.99438477 
        4974.41342293            0.50000000        12251.39355469        30893.19335937         1487.99438477 
        4975.00984661            0.50000000        12292.39355469        30368.19335937         1405.99438477 
        4975.46604086            0.50000000        12177.39355469        29610.19335937         1308.99438477 
        4976.06274067            0.50000000        12355.39355469        29309.19335937         1269.99438477 
        4976.45393976            0.50000000        12167.39355469        28438.19335937         1176.99438477 
        4977.01076217            0.50000000        12355.39355469        28536.19335937         1135.99438477 
        4977.45732183            0.50000000        12150.39355469        27749.19335937         1072.99438477 
        4977.99431297            0.50000000        12300.39355469        27813.19335937         1087.99438477 
        4978.40592465            0.50000000        12159.39355469        27272.19335937         1018.99432373 
        4978.99335316            0.50000000        12158.39355469        27074.19335937          946.99432373 
        4979.46541411            0.50000000        12128.39355469        26789.19335937          939.99432373 
        4980.05813984            0.50000000        12179.39355469        26639.19335937          916.99432373 
        4980.45505094            0.50000000        12112.39355469        26308.19335937          892.99432373 
        4981.01285307            0.50000000        12078.39355469        25788.19335937          893.99432373 
        4981.46522538            0.50000000        12134.39355469        25507.19335937          854.99432373 
        4981.99310665            0.50000000        12034.39355469        24760.19335937          835.99432373 
        4982.41047080            0.50000000        12104.39355469        24390.19335937          822.99432373 
        4982.98887282            0.50000000        12092.39355469        23532.19335937          801.99432373 
        4983.46176268            0.50000000        12033.39355469        22821.19335937          780.99432373 
        4984.03036657            0.50000000        12036.39355469        21902.19335937          787.99432373 
        4984.45313750            0.50000000        12046.39355469        21212.19335937          780.99432373 
        4984.99681538            0.50000000        12019.39355469        20450.19335937          766.99432373 
        4985.45501500            0.50000000        11995.39355469        19867.19335937          742.99432373 
        4985.97374767            0.50000000        11936.39355469        19340.19335937          718.99432373 
        4986.41199245            0.50000000        12000.39355469        19098.19335937          761.99432373 
        4986.98637175            0.50000000        11949.39355469        18785.19335937          776.99432373 
        4987.45505149            0.50000000        11907.39355469        18681.19335937          738.99432373 
        4988.04481765            0.50000000        11986.39355469        18747.19335937          747.99432373 
        4988.46329124            0.50000000        11868.39355469        18647.19335937          752.99432373 
        4988.99783900            0.50000000        11937.39355469        18958.19335937          765.99432373 
        4989.46693217            0.50000000        11799.39355469        19022.19335937          753.99432373 
        4989.96639539            0.50000000        11787.39355469        19352.19335937          748.99432373 
        4990.41550109            0.50000000        11807.39355469        19700.19335937          753.99432373 
        4990.98584129            0.50000000        11821.39355469        20163.19335937          740.99432373 
        4991.45534322            0.50000000        11752.39355469        20467.19335937          749.99432373 
        4992.02089308            0.50000000        11757.39355469        20913.19335937          755.99432373 
        4992.45524966            0.50000000        11724.39355469        21150.19335937          756.99432373 
        4992.98568077            0.50000000        11689.39355469        21356.19335937          744.99432373 
        4993.45054073            0.50000000        11770.39355469        21677.19335937          773.99432373 
        4993.93571286            0.50000000        11658.39355469        21573.19335937          763.99432373 
        4994.42098805            0.50000000        11705.39355469        21769.19335937          759.99432373 
        4994.96198916            0.50000000        11725.39355469        21768.19335937          761.99432373 
        4995.44748237            0.50000000        11646.39355469        21666.19335937          753.99432373 
        4995.99884450            0.50000000        11540.39355469        21342.19335937          729.99432373 
        4996.47443794            0.50000000        11687.39355469        21532.19335937          743.99432373 
        4996.97037476            0.50000000        11637.39355469        21361.19335937          737.99432373 
        4997.45123255            0.50000000        11528.39355469        21003.19335937          703.99432373 
        4997.92206499            0.50000000        11590.39355469        20922.19335937          700.99432373 
        4998.44363774            0.50000000        11516.39355469        20643.19335937          698.99432373 
        4998.95519838            0.50000000        11438.39355469        20314.19335937          667.99432373 
        4999.44660692            0.50000000        11575.39355469        20357.19335937          670.99432373 
        4999.98879861            0.50000000        11565.39355469        20216.19335937          682.99432373 
        5000.48549814            0.50000000        11524.39355469        20114.19335937          669.99432373 
        5000.96709552            0.50000000        11471.39355469        19934.19335937          667.99432373 
        5001.47414964            0.50000000        11591.39355469        20125.19335937          677.99432373 
        5001.93059442            0.50000000        11517.39355469        20108.19335937          656.99432373 
        5002.45308181            0.50000000        11501.39355469        20116.19335937          658.99432373 
        5002.92494474            0.50000000        11410.39355469        20145.19335937          651.99432373 
        5003.45781011            0.50000000        11467.39355469        20409.19335937          654.99432373 
        5003.97049288            0.50000000        11280.39355469        20211.19335937          648.99432373 
        5004.49852381            0.50000000        11353.39355469        20614.19335937          640.99432373 
        5004.94033552            0.50000000        11307.39355469        20768.19335937          641.99432373 
        5005.46351015            0.50000000        11412.39355469        21126.19335937          667.99432373 
        5005.91058895            0.50000000        11266.39355469        21143.19335937          652.99432373 
        5007.59299644            0.50000000        11235.39355469        21932.19335937          667.99432373 
        5009.39367596            0.50000000        11186.39355469        22408.19335937          680.99432373 
        5011.19577056            0.50000000        11026.39355469        22499.19335937          687.99432373 
        5013.01457191            0.50000000        10973.39355469        22539.19335937          693.99432373 
        5014.83481572            0.50000000        10843.39355469        22310.19335937          694.99432373 
        5016.80965250            0.50000000        10816.39355469        22286.19335937          693.99432373 
        5018.75042204            0.50000000        10718.39355469        22267.19335937          701.99432373 
        5020.78999541            0.50000000        10711.39355469        22490.19335937          704.99432373 
        5022.78019484            0.50000000        10654.39355469        22618.19335937          701.99432373 
        5024.87457660            0.50000000        10531.39355469        22564.19335937          709.99432373 
        5026.91446147            0.50000000        10441.39355469        22539.19335937          695.99432373 
        5029.05880037            0.50000000        10300.39355469        22217.19335937          671.99432373 
        5031.19999976            0.50000000        10383.39355469        22316.19335937          680.99432373 
        5033.46145744            0.50000000        10304.39355469        22080.19335937          644.99432373 
        5035.73028197            0.50000000        10182.39355469        21609.19335937          615.99432373 
        5038.01164406            0.50000000        10162.39355469        21369.19335937          580.99432373 
        5040.24884603            0.50000000         9965.39355469        20881.19335937          555.99432373 
        5042.64309213            0.50000000        10003.39355469        20971.19335937          549.99432373 
        5045.10183820            0.50000000         9886.39355469        20940.19335937          542.99432373 
        5047.43386256            0.50000000         9754.39355469        20949.19335937          540.99432373 
        5049.97021416            0.50000000         9754.39355469        21068.19335937          570.99432373 
        5052.42120817            0.50000000         9548.39355469        20802.19335937          560.99432373 
        5054.93707924            0.50000000         9488.39355469        20854.19335937          579.99432373 
        5057.56479853            0.50000000         9377.39355469        20783.19335937          573.99432373 
        5060.14868081            0.50000000         9255.39355469        20737.19335937          577.99432373 
        5062.77189668            0.50000000         9181.39355469        20774.19335937          578.99432373 
        5065.54927889            0.50000000         9090.39355469        20720.19335937          587.99432373 
        5068.23602256            0.50000000         8983.39355469        20682.19335937          571.99432373 
        5071.05130217            0.50000000         8709.39355469        20314.19335937          565.99432373 
        5073.94848299            0.50000000         8793.39355469        20647.19335937          570.99432373 
        5076.77068411            0.50000000         8618.39355469        20496.19335937          577.99432373 
        5079.65925470            0.50000000         8389.39355469        20205.19335937          541.99432373 
        5082.70372616            0.50000000         8356.39355469        20364.19335937          521.99432373 
        5085.72061903            0.50000000         8238.39355469        20344.19335937          493.99432373 
        5088.70455233            0.50000000         8236.39355469        20369.19335937          464.99432373 
        5091.82939699            0.50000000         8107.39404297        20305.19335937          475.99432373 
        5094.94786284            0.50000000         7929.39404297        20094.19335937          476.99432373 
        5098.05462862            0.50000000         7897.39404297        20162.19335937          462.99432373 
        5101.22905218            0.50000000         7796.39404297        20244.19335937          493.99432373 
        5104.49790835            0.50000000         7666.39404297        20184.19335937          515.99432373 
        5107.78194517            0.50000000         7558.39404297        20045.19335937          527.99432373 
        5111.06526691            0.50000000         7577.39404297        20248.19335937          531.99432373 
        5114.39577678            0.50000000         7486.39404297        20067.19335937          517.99432373 
        5117.76833377            0.50000000         7311.39404297        19865.19335937          523.99432373 
        5121.17776897            0.50000000         7153.39404297        19696.19335937          530.99432373 
        5124.60284295            0.50000000         7061.39404297        19455.19335937          529.99432373 
        5128.08109834            0.50000000         7142.39404297        19872.19335937          542.99432373 
        5131.61275934            0.50000000         6898.39404297        19396.19335937          522.99432373 
        5135.13359955            0.50000000         6806.39404297        19426.19335937          533.99432373 
        5138.71348792            0.50000000         6697.39404297        19266.19335937          529.99432373 
        5142.42272008            0.50000000         6659.39404297        19304.19335937          498.99432373 
        5145.98668794            0.50000000         6390.39404297        18876.19335937          485.99432373 
        5149.70193983            0.50000000         6281.39404297        18786.19335937          482.99432373 
        5153.42843777            0.50000000         6233.39404297        18777.19335937          481.99432373 
        5157.17706334            0.50000000         6115.39404297        18734.19335937          488.99432373 
        5161.03478849            0.50000000         5969.39404297        18504.19335937          475.99432373 
        5164.84983618            0.50000000         5797.39404297        18275.19335937          496.99432373 
        5168.74728178            0.50000000         5741.39404297        18404.19335937          484.99432373 
        5172.69477363            0.50000000         5583.39404297        18050.19335937          488.99432373 
        5176.54496650            0.50000000         5398.39404297        17804.19335937          490.99432373 
        5180.56015224            0.50000000         4394.39404297        14590.19433594          417.99432373 
        5184.54371529            0.50000000         5279.39404297        17727.19335937          500.99432373 
        5188.53942501            0.50000000         5120.39404297        17512.19335937          499.99432373 
        5192.70139770            0.50000000         4936.39404297        17047.19335937          476.99432373 
        5196.83203404            0.50000000         4754.39404297        16590.19335937          468.99432373 
        5200.94219583            0.50000000         4590.39404297        16215.19433594          459.99432373 
        5205.15344710            0.50000000         4395.39404297        15671.19433594          452.99432373 
        5208.92884851            0.50000000         4137.39404297        14829.19433594          426.99432373 
