# 1-D Scan File created by LabVIEW Control Panel  12/6/2011  1:41:37 AM; Scan time 0 hrs 4 min 28 sec. 
#
# Beamline 20 BM
#
# Scan config: 
#                 E0: 4966.00 eV   223 points
#        Scan bounds:  -100.00 -30.00 40.00 243.35 (7.99 (k))
#       Scan step(s):  5.00 0.50 0.07
#  Integration times:  0.50 0.50 0.50    kwgt in EXAFS region: 0.0 
#
# User Comment:
# 50oC
#
#
# Amplifier Sensitivities:
# Preslit: 20 nA/V  I0: 20 nA/V  I: 100 pA/V  IREF: 50 pA/V  
#
# Analog Input Voltages at start/end of scan:
# Preslit: 0.033/0.031  I0: 0.520/0.280  Ignore: 0.014/0.007  I: 0.818/0.616  IREF: 0.225/0.140  
#
# Mono Info:
# 
#
# ID Info:
# 
#
# Slit Info:
# Kappa S1:  Center is at -542 (H), 500 (V)   Size is 8000 wide x 2000 high
# Vacuum Slits:  Center is at 850 (H), -25 (V)   Size is 899 wide x 1000 high
#
# Motor Positions:
# SMV (20bm:m29): -37594.243125 SMH (20bm:m30): 4802.187500 
#
# Detector Names/PVs:
# I0/20bm:scaler1_netA.C  I/20bm:scaler1_netA.E  IREF/20bm:scaler1_netA.F  
#
# Positioner names/Drive PVs/Readback PVs:
# Mono Energy */20bm:monoE.VAL/20bm:EnctoE.VAL  Scaler preset time */20bm:scaler1.TP/  
# Here is a readable list of column headings:
#  1) Mono Energy *        
#  2) Scaler preset time * 
#  3) I0                   
#  4) I                    
#  5) IREF                 
#
# Column Headings:
#Mono Energy *        Scaler preset time * I0                   I                    IREF                 
        4865.40090888            0.50000000        21160.39453125        35903.19531250         5025.99414062 
        4870.45719986            0.50000000        20971.39453125        35840.19531250         4943.99414062 
        4875.46271053            0.50000000        20853.39453125        35982.19531250         4911.99414062 
        4880.54201781            0.50000000        20693.39453125        36028.19531250         4836.99414062 
        4885.58960585            0.50000000        20533.39453125        36032.19531250         4706.99414062 
        4890.57142068            0.50000000        20440.39453125        36222.19531250         4670.99414062 
        4895.66118128            0.50000000        20334.39453125        36400.19531250         4619.99414062 
        4900.77713326            0.50000000        20238.39453125        36510.19531250         4544.99414062 
        4905.80760651            0.50000000        20100.39453125        36612.19531250         4498.99414062 
        4910.81531763            0.50000000        20038.39453125        36915.19531250         4482.99414062 
        4915.83425465            0.50000000        19740.39453125        36758.19531250         4327.99414062 
        4920.85956013            0.50000000        19770.39453125        37305.19531250         4357.99414062 
        4925.89123776            0.50000000        19684.39453125        37488.19531250         4360.99414062 
        4930.89979604            0.50000000        19612.39453125        37845.19531250         4355.99414062 
        4935.97372402            0.50000000        19484.39453125        38003.19531250         4301.99414062 
        4936.48125336            0.50000000        19598.39453125        38347.19531250         4348.99414062 
        4936.95439338            0.50000000        19609.39453125        38421.19531250         4350.99414062 
        4937.44735323            0.50000000        19590.39453125        38421.19531250         4343.99414062 
        4937.92562734            0.50000000        19455.39453125        38180.19531250         4292.99414062 
        4938.43852885            0.50000000        19535.39453125        38334.19531250         4317.99414062 
        4938.95154708            0.50000000        19495.39453125        38271.19531250         4308.99414062 
        4939.44987848            0.50000000        19420.39453125        38300.19531250         4273.99414062 
        4939.99274098            0.50000000        19474.39453125        38298.19531250         4286.99414062 
        4940.47155546            0.50000000        19525.39453125        38527.19531250         4328.99414062 
        4940.98503651            0.50000000        19527.39453125        38657.19531250         4314.99414062 
        4941.45418389            0.50000000        19385.39453125        38383.19531250         4313.99414062 
        4941.95306866            0.50000000        19458.39453125        38625.19531250         4292.99414062 
        4942.44218161            0.50000000        19535.39453125        38731.19531250         4309.99414062 
        4942.98082257            0.50000000        19435.39453125        38619.19531250         4338.99414062 
        4943.46521506            0.50000000        19429.39453125        38607.19531250         4288.99414062 
        4944.02882287            0.50000000        19507.39453125        38830.19531250         4333.99414062 
        4944.47882136            0.50000000        19378.39453125        38588.19531250         4283.99414062 
        4944.99816189            0.50000000        19338.39453125        38527.19531250         4303.99414062 
        4945.46814437            0.50000000        19241.39453125        38507.19531250         4253.99414062 
        4945.96791726            0.50000000        19279.39453125        38574.19531250         4293.99414062 
        4946.43810164            0.50000000        19389.39453125        38757.19531250         4291.99414062 
        4946.99255003            0.50000000        19362.39453125        38890.19531250         4286.99414062 
        4947.48275614            0.50000000        19308.39453125        38765.19531250         4320.99414062 
        4948.06222782            0.50000000        19308.39453125        38879.19531250         4313.99414062 
        4948.48330474            0.50000000        19267.39453125        38826.19531250         4312.99414062 
        4949.02338881            0.50000000        19227.39453125        38808.19531250         4284.99414062 
        4949.48429656            0.50000000        19301.39453125        39050.19531250         4295.99414062 
        4949.99983162            0.50000000        19200.39453125        38775.19531250         4267.99414062 
        4950.44606265            0.50000000        19201.39453125        38817.19531250         4223.99414062 
        4951.02133482            0.50000000        19333.39453125        39160.19531250         4308.99414062 
        4951.48761103            0.50000000        19235.39453125        39042.19531250         4273.99414062 
        4952.08299700            0.50000000        19317.39453125        39146.19531250         4329.99414062 
        4952.48497116            0.50000000        19257.39453125        39065.19531250         4293.99414062 
        4953.03097639            0.50000000        19242.39453125        39039.19531250         4267.99414062 
        4953.48773654            0.50000000        19292.39453125        39312.19531250         4327.99414062 
        4954.00418517            0.50000000        19216.39453125        39255.19531250         4308.99414062 
        4954.44623964            0.50000000        19231.39453125        39250.19531250         4292.99414062 
        4955.02749883            0.50000000        19288.39453125        39528.19531250         4325.99414062 
        4955.49460156            0.50000000        19156.39453125        39283.19531250         4267.99414062 
        4956.08607204            0.50000000        19283.39453125        39601.19531250         4287.99414062 
        4956.48875800            0.50000000        19062.39453125        39172.19531250         4233.99414062 
        4957.03573018            0.50000000        19182.39453125        39405.19531250         4264.99414062 
        4957.49827339            0.50000000        19145.39453125        39369.19531250         4274.99414062 
        4958.02558841            0.50000000        19125.39453125        39351.19531250         4261.99414062 
        4958.45350026            0.50000000        19125.39453125        39437.19531250         4246.99414062 
        4959.02085687            0.50000000        19176.39453125        39589.19531250         4278.99414062 
        4959.49376261            0.50000000        19039.39453125        39294.19531250         4217.99414062 
        4960.08129880            0.50000000        19121.39453125        39576.19531250         4234.99414062 
        4960.48967639            0.50000000        19047.39453125        39415.19531250         4238.99414062 
        4961.03761559            0.50000000        19228.39453125        39815.19531250         4270.99414062 
        4961.48602802            0.50000000        18982.39453125        39399.19531250         4198.99414062 
        4962.01925603            0.50000000        19228.39453125        39885.19531250         4266.99414062 
        4962.44293777            0.50000000        18941.39453125        39439.19531250         4208.99414062 
        4963.02126652            0.50000000        19272.39453125        40021.19531250         4257.99414062 
        4963.49500771            0.50000000        19059.39453125        39693.19531250         4176.99414062 
        4964.09355911            0.50000000        19137.39453125        39969.19531250         4129.99414062 
        4964.48270224            0.50000000        19020.39453125        39800.19531250         4040.99438477 
        4965.03160731            0.50000000        19132.39453125        39968.19531250         3964.99438477 
        4965.48081026            0.50000000        18996.39453125        39847.19531250         3764.99438477 
        4966.01997121            0.50000000        19091.39453125        39904.19531250         3274.99438477 
        4966.43441345            0.50000000        19002.39453125        39851.19531250         2610.99438477 
        4967.02375081            0.50000000        19051.39453125        39833.19531250         2248.99438477 
        4967.48334036            0.50000000        18932.39453125        39655.19531250         2340.99438477 
        4968.08294485            0.50000000        19033.39453125        39697.19531250         2676.99438477 
        4968.47277270            0.50000000        18905.39453125        39410.19531250         2768.99438477 
        4969.02264369            0.50000000        19025.39453125        39377.19531250         2771.99438477 
        4969.47263719            0.50000000        18900.39453125        39079.19531250         2633.99438477 
        4970.01274711            0.50000000        19014.39453125        39070.19531250         2527.99438477 
        4970.42791887            0.50000000        18924.39453125        38844.19531250         2393.99438477 
        4971.01328989            0.50000000        18962.39453125        38671.19531250         2314.99438477 
        4971.47368758            0.50000000        18867.39453125        38675.19531250         2275.99438477 
        4972.07434652            0.50000000        18897.39453125        38891.19531250         2273.99438477 
        4972.46986700            0.50000000        18831.39453125        38919.19531250         2248.99438477 
        4973.01569815            0.50000000        18914.39453125        39072.19531250         2173.99438477 
        4973.46648323            0.50000000        18791.39453125        38803.19531250         2031.99438477 
        4974.00253293            0.50000000        18894.39453125        38614.19531250         1961.99438477 
        4974.41843424            0.50000000        18832.39453125        38069.19531250         1826.99438477 
        4975.01485923            0.50000000        18873.39453125        37341.19531250         1705.99438477 
        4975.47105449            0.50000000        18766.39453125        36496.19531250         1604.99438477 
        4976.06775561            0.50000000        18954.39453125        35930.19531250         1550.99438477 
        4976.46397139            0.50000000        18731.39453125        35050.19531250         1467.99438477 
        4977.01577921            0.50000000        18923.39453125        34939.19531250         1427.99438477 
        4977.47237593            0.50000000        18757.39453125        34222.19531250         1356.99438477 
        4977.99933217            0.50000000        18900.39453125        34169.19531250         1324.99438477 
        4978.41596489            0.50000000        18668.39453125        33517.19531250         1237.99438477 
        4979.00339599            0.50000000        18824.39453125        33585.19531250         1219.99438477 
        4979.47043656            0.50000000        18695.39453125        33082.19531250         1196.99438477 
        4980.06316360            0.50000000        18805.39453125        33043.19531250         1176.99438477 
        4980.46007558            0.50000000        18658.39453125        32505.19335937         1133.99438477 
        4981.01787894            0.50000000        18649.39453125        32004.19335937         1094.99438477 
        4981.47527912            0.50000000        18666.39453125        31516.19335937         1068.99438477 
        4982.00316272            0.50000000        18607.39453125        30783.19335937         1060.99438477 
        4982.42052871            0.50000000        18621.39453125        30092.19335937         1045.99438477 
        4983.00396353            0.50000000        18674.39453125        29126.19335937         1023.99432373 
        4983.46679395            0.50000000        18553.39453125        28119.19335937          995.99432373 
        4984.04043163            0.50000000        18608.39453125        27003.19335937          972.99432373 
        4984.46320443            0.50000000        18572.39453125        26028.19335937          949.99432373 
        4985.00185004            0.50000000        18568.39453125        25124.19335937          953.99432373 
        4985.46005067            0.50000000        18540.39453125        24374.19335937          936.99432373 
        4985.97878448            0.50000000        18434.39453125        23707.19335937          911.99432373 
        4986.41703024            0.50000000        18552.39453125        23540.19335937          930.99432373 
        4986.98637175            0.50000000        18457.39453125        23072.19335937          928.99432373 
        4987.46009158            0.50000000        18470.39453125        23087.19335937          938.99432373 
        4988.04985905            0.50000000        18531.39453125        23185.19335937          932.99432373 
        4988.46329124            0.50000000        18333.39453125        23095.19335937          905.99432373 
        4989.00288250            0.50000000        18442.39453125        23593.19335937          924.99432373 
        4989.47197671            0.50000000        18308.39453125        23747.19335937          932.99432373 
        4989.96134976            0.50000000        18278.39453125        24218.19335937          947.99432373 
        4990.41550109            0.50000000        18288.39453125        24742.19335937          948.99432373 
        4990.98584129            0.50000000        18305.39453125        25256.19335937          929.99432373 
        4991.45534322            0.50000000        18218.39453125        25618.19335937          924.99432373 
        4992.02089308            0.50000000        18245.39453125        26217.19335937          944.99432373 
        4992.46030081            0.50000000        18203.39453125        26495.19335937          960.99432373 
        4992.98568077            0.50000000        18129.39453125        26696.19335937          945.99432373 
        4993.45559407            0.50000000        18183.39453125        26988.19335937          965.99432373 
        4993.93571286            0.50000000        18092.39453125        26945.19335937          947.99432373 
        4994.42604354            0.50000000        18087.39453125        27028.19335937          959.99432373 
        4994.96704585            0.50000000        18230.39453125        27213.19335937          961.99432373 
        4995.44748237            0.50000000        18130.39453125        27082.19335937          934.99432373 
        4996.00390349            0.50000000        17987.39453125        26784.19335937          943.99432373 
        4996.47443794            0.50000000        18129.39453125        26810.19335937          950.99432373 
        4996.97543589            0.50000000        18068.39453125        26597.19335937          931.99432373 
        4997.45629475            0.50000000        17942.39453125        26201.19335937          926.99432373 
        4997.92712823            0.50000000        18043.39453125        26172.19335937          923.99432373 
        4998.44363774            0.50000000        17943.39453125        25808.19335937          888.99432373 
        4998.95013286            0.50000000        17868.39453125        25482.19335937          867.99432373 
        4999.44660692            0.50000000        17965.39453125        25447.19335937          878.99432373 
        4999.98879861            0.50000000        18013.39453125        25324.19335937          862.99432373 
        5000.48549814            0.50000000        17908.39453125        25125.19335937          847.99432373 
        5000.96202554            0.50000000        17862.39453125        25020.19335937          826.99432373 
        5001.46907854            0.50000000        18009.39453125        25208.19335937          852.99432373 
        5001.91537812            0.50000000        17900.39453125        25162.19335937          833.99432373 
        5002.44800855            0.50000000        17864.39453125        25246.19335937          837.99432373 
        5002.91987043            0.50000000        17756.39453125        25203.19335937          814.99432373 
        5003.45781011            0.50000000        17848.39453125        25727.19335937          836.99432373 
        5003.96541625            0.50000000        17649.39453125        25528.19335937          820.99432373 
        5004.49852381            0.50000000        17736.39453125        26019.19335937          825.99432373 
        5004.94033552            0.50000000        17651.39453125        26185.19335937          822.99432373 
        5005.46859010            0.50000000        17779.39453125        26598.19335937          827.99432373 
        5005.91058895            0.50000000        17616.39453125        26721.19335937          819.99432373 
        5007.59299644            0.50000000        17687.39453125        27852.19335937          836.99432373 
        5009.39367596            0.50000000        17635.39453125        28523.19335937          883.99432373 
        5011.19577056            0.50000000        17478.39453125        28738.19335937          883.99432373 
        5013.01966861            0.50000000        17383.39453125        28834.19335937          903.99432373 
        5014.83481572            0.50000000        17310.39453125        28679.19335937          921.99432373 
        5016.80965250            0.50000000        17235.39453125        28558.19335937          921.99432373 
        5018.75042204            0.50000000        17165.39453125        28652.19335937          904.99432373 
        5020.78999541            0.50000000        17105.39453125        28888.19335937          938.99432373 
        5022.78019484            0.50000000        17052.39453125        29143.19335937          910.99432373 
        5024.86945353            0.50000000        16920.39453125        29201.19335937          922.99432373 
        5026.90933386            0.50000000        16863.39453125        29187.19335937          902.99432373 
        5029.05366799            0.50000000        16634.39453125        28873.19335937          882.99432373 
        5031.19486261            0.50000000        16714.39453125        28905.19335937          864.99432373 
        5033.46145744            0.50000000        16678.39453125        28724.19335937          832.99432373 
        5035.73028197            0.50000000        16506.39453125        28158.19335937          784.99432373 
        5038.00649172            0.50000000        16467.39453125        27814.19335937          769.99432373 
        5040.25400337            0.50000000        16319.39355469        27427.19335937          737.99432373 
        5042.63792945            0.50000000        16345.39355469        27559.19335937          744.99432373 
        5045.10183820            0.50000000        16181.39355469        27516.19335937          738.99432373 
        5047.43903596            0.50000000        16046.39355469        27726.19335937          721.99432373 
        5049.97539323            0.50000000        16004.39355469        27831.19335937          764.99432373 
        5052.42639273            0.50000000        15777.39355469        27622.19335937          741.99432373 
        5054.94745963            0.50000000        15714.39355469        27713.19335937          806.99432373 
        5057.57519068            0.50000000        15574.39355469        27740.19335937          794.99432373 
        5060.16428642            0.50000000        15498.39355469        27874.19335937          787.99432373 
        5062.79793550            0.50000000        15399.39355469        28061.19335937          790.99432373 
        5065.55970684            0.50000000        15320.39355469        28065.19335937          811.99432373 
        5068.26734273            0.50000000        15228.39355469        28147.19335937          801.99432373 
        5071.07220752            0.50000000        14835.39355469        27763.19335937          783.99432373 
        5073.96418151            0.50000000        14957.39355469        28282.19335937          806.99432373 
        5076.78116247            0.50000000        14751.39355469        28213.19335937          789.99432373 
        5079.67499175            0.50000000        14417.39355469        27793.19335937          764.99432373 
        5082.71948375            0.50000000        14382.39355469        28103.19335937          736.99432373 
        5085.72587834            0.50000000        14241.39355469        28113.19335937          722.99432373 
        5088.70981837            0.50000000        14240.39355469        28307.19335937          691.99432373 
        5091.83994316            0.50000000        14069.39355469        28262.19335937          682.99432373 
        5094.96370323            0.50000000        13839.39355469        28022.19335937          674.99432373 
        5098.06520289            0.50000000        13787.39355469        28204.19335937          671.99432373 
        5101.25022945            0.50000000        13627.39355469        28260.19335937          709.99432373 
        5104.51381344            0.50000000        13509.39355469        28415.19335937          745.99432373 
        5107.79787254            0.50000000        13408.39355469        28468.19335937          758.99432373 
        5111.07058345            0.50000000        13432.39355469        28697.19335937          762.99432373 
        5114.40642495            0.50000000        13343.39355469        28623.19335937          761.99432373 
        5117.78432897            0.50000000        13066.39355469        28382.19335937          747.99432373 
        5121.18310842            0.50000000        12859.39355469        28153.19335937          737.99432373 
        5124.61353740            0.50000000        12641.39355469        27812.19335937          750.99432373 
        5128.09180859            0.50000000        12792.39355469        28472.19335937          763.99432373 
        5131.61275934            0.50000000        12523.39355469        28080.19335937          764.99432373 
        5135.14434185            0.50000000        12361.39355469        28194.19335937          753.99432373 
        5138.71886720            0.50000000        12210.39355469        28058.19335937          742.99432373 
        5142.42272008            0.50000000        12152.39355469        28164.19335937          745.99432373 
        5145.99208379            0.50000000        11754.39355469        27719.19335937          700.99432373 
        5149.70193983            0.50000000        11597.39355469        27593.19335937          693.99432373 
        5153.42843777            0.50000000        11560.39355469        27743.19335937          687.99432373 
        5157.18248472            0.50000000        11289.39355469        27557.19335937          689.99432373 
        5161.04564888            0.50000000        11179.39355469        27678.19335937          702.99432373 
        5164.84983618            0.50000000        10905.39355469        27420.19335937          698.99432373 
        5168.74728178            0.50000000        10810.39355469        27599.19335937          725.99432373 
        5172.70023049            0.50000000        10548.39355469        27196.19335937          741.99432373 
        5176.53950083            0.50000000        10306.39355469        27022.19335937          745.99432373 
        5180.56015224            0.50000000         8410.39355469        22384.19335937          627.99432373 
        5184.54371529            0.50000000        10177.39355469        27262.19335937          755.99432373 
        5188.53942501            0.50000000         9954.39355469        27134.19335937          753.99432373 
        5192.70139770            0.50000000         9631.39355469        26522.19335937          739.99432373 
        5196.82652178            0.50000000         9326.39355469        26011.19335937          731.99432373 
        5200.93667411            0.50000000         9116.39355469        25764.19335937          724.99432373 
        5205.14791567            0.50000000         8754.39355469        25000.19335937          690.99432373 
        5208.91776827            0.50000000         8368.39355469        24196.19335937          677.99432373 
