# 1-D Scan File created by LabVIEW Control Panel  12/6/2011  6:27:51 AM; Scan time 0 hrs 4 min 29 sec. 
#
# Beamline 20 BM
#
# Scan config: 
#                 E0: 4966.00 eV   223 points
#        Scan bounds:  -100.00 -30.00 40.00 243.35 (7.99 (k))
#       Scan step(s):  5.00 0.50 0.07
#  Integration times:  0.50 0.50 0.50    kwgt in EXAFS region: 0.0 
#
# User Comment:
# 50oC
#
#
# Amplifier Sensitivities:
# Preslit: 20 nA/V  I0: 20 nA/V  I: 100 pA/V  IREF: 50 pA/V  
#
# Analog Input Voltages at start/end of scan:
# Preslit: 0.032/0.032  I0: 0.320/0.153  Ignore: 0.009/0.004  I: 0.617/0.293  IREF: 0.199/0.131  
#
# Mono Info:
# 
#
# ID Info:
# 
#
# Slit Info:
# Kappa S1:  Center is at -542 (H), 500 (V)   Size is 8000 wide x 2000 high
# Vacuum Slits:  Center is at 850 (H), -25 (V)   Size is 899 wide x 1000 high
#
# Motor Positions:
# SMV (20bm:m29): -37594.243125 SMH (20bm:m30): 4802.187500 
#
# Detector Names/PVs:
# I0/20bm:scaler1_netA.C  I/20bm:scaler1_netA.E  IREF/20bm:scaler1_netA.F  
#
# Positioner names/Drive PVs/Readback PVs:
# Mono Energy */20bm:monoE.VAL/20bm:EnctoE.VAL  Scaler preset time */20bm:scaler1.TP/  
# Here is a readable list of column headings:
#  1) Mono Energy *        
#  2) Scaler preset time * 
#  3) I0                   
#  4) I                    
#  5) IREF                 
#
# Column Headings:
#Mono Energy *        Scaler preset time * I0                   I                    IREF                 
        4865.38658797            0.50000000        10959.39355469        25822.19335937         3608.99438477 
        4870.45719986            0.50000000        10751.39355469        25451.19335937         3515.99438477 
        4875.47230129            0.50000000        10625.39355469        25335.19335937         3420.99438477 
        4880.54682416            0.50000000        10432.39355469        25144.19335937         3355.99438477 
        4885.59924042            0.50000000        10239.39355469        24841.19335937         3252.99438477 
        4890.58590492            0.50000000        10154.39355469        24865.19335937         3184.99438477 
        4895.67085951            0.50000000        10025.39355469        24742.19335937         3126.99438477 
        4900.77713326            0.50000000         9888.39355469        24686.19335937         3089.99438477 
        4905.80274538            0.50000000         9764.39355469        24473.19335937         3000.99438477 
        4910.81044561            0.50000000         9652.39355469        24508.19335937         2977.99438477 
        4915.82448876            0.50000000         9435.39355469        24176.19335937         2894.99438477 
        4920.84977234            0.50000000         9420.39355469        24422.19335937         2896.99438477 
        4925.88142801            0.50000000         9258.39355469        24198.19335937         2851.99438477 
        4930.88504862            0.50000000         9103.39355469        24052.19335937         2759.99438477 
        4935.96879711            0.50000000         8998.39355469        23980.19335937         2730.99438477 
        4936.47139734            0.50000000         9060.39355469        24281.19335937         2761.99438477 
        4936.93960625            0.50000000         9071.39355469        24332.19335937         2791.99438477 
        4937.43749298            0.50000000         9051.39355469        24365.19335937         2768.99438477 
        4937.91576500            0.50000000         9007.39355469        24274.19335937         2745.99438477 
        4938.42866425            0.50000000         9024.39355469        24277.19335937         2753.99438477 
        4938.93674684            0.50000000         9011.39355469        24212.19335937         2756.99438477 
        4939.44000946            0.50000000         8988.39355469        24331.19335937         2766.99438477 
        4939.98286958            0.50000000         8951.39355469        24087.19335937         2739.99438477 
        4940.46661871            0.50000000         8974.39355469        24245.19335937         2709.99438477 
        4940.97516077            0.50000000         8942.39355469        24240.19335937         2738.99438477 
        4941.43936721            0.50000000         8884.39355469        24158.19335937         2688.99438477 
        4941.93330875            0.50000000         8901.39355469        24163.19335937         2695.99438477 
        4942.43229949            0.50000000         8981.39355469        24354.19335937         2750.99438477 
        4942.96599587            0.50000000         8866.39355469        24116.19335937         2694.99438477 
        4943.45532845            0.50000000         8889.39355469        24175.19335937         2693.99438477 
        4944.01398928            0.50000000         8954.39355469        24351.19335937         2740.99438477 
        4944.46893032            0.50000000         8813.39355469        24016.19335937         2680.99438477 
        4944.99321522            0.50000000         8829.39355469        24117.19335937         2698.99438477 
        4945.46319667            0.50000000         8801.39355469        24078.19335937         2676.99438477 
        4945.95801969            0.50000000         8791.39355469        24062.19335937         2678.99438477 
        4946.42820201            0.50000000         8853.39355469        24154.19335937         2678.99438477 
        4946.98759899            0.50000000         8774.39355469        24068.19335937         2661.99438477 
        4947.46294777            0.50000000         8783.39355469        24045.19335937         2681.99438477 
        4948.04241437            0.50000000         8756.39355469        24064.19335937         2686.99438477 
        4948.46844186            0.50000000         8735.39355469        24106.19335937         2671.99438477 
        4949.00852239            0.50000000         8739.39355469        24092.19335937         2703.99438477 
        4949.46942710            0.50000000         8758.39355469        24161.19335937         2744.99438477 
        4949.98000117            0.50000000         8695.39355469        24061.19335937         2682.99438477 
        4950.43118686            0.50000000         8664.39355469        23952.19335937         2678.99438477 
        4951.01141509            0.50000000         8793.39355469        24349.19335937         2731.99438477 
        4951.47272839            0.50000000         8695.39355469        24033.19335937         2667.99438477 
        4952.06811044            0.50000000         8794.39355469        24299.19335937         2703.99438477 
        4952.47504501            0.50000000         8757.39355469        24227.19335937         2685.99438477 
        4953.02601211            0.50000000         8744.39355469        24191.19335937         2684.99438477 
        4953.47780599            0.50000000         8781.39355469        24404.19335937         2708.99438477 
        4953.98928596            0.50000000         8680.39355469        24190.19335937         2664.99438477 
        4954.43630488            0.50000000         8714.39355469        24214.19335937         2654.99438477 
        4955.01259288            0.50000000         8759.39355469        24477.19335937         2687.99438477 
        4955.47969254            0.50000000         8655.39355469        24251.19335937         2656.99438477 
        4956.07613008            0.50000000         8730.39355469        24440.19335937         2686.99438477 
        4956.47881427            0.50000000         8632.39355469        24231.19335937         2658.99438477 
        4957.03075711            0.50000000         8627.39355469        24205.19335937         2639.99438477 
        4957.48832523            0.50000000         8638.39355469        24174.19335937         2637.99438477 
        4958.01563793            0.50000000         8633.39355469        24217.19335937         2643.99438477 
        4958.43857174            0.50000000         8655.39355469        24284.19335937         2637.99438477 
        4959.01587944            0.50000000         8659.39355469        24394.19335937         2665.99438477 
        4959.48380568            0.50000000         8599.39355469        24241.19335937         2632.99438477 
        4960.07133929            0.50000000         8621.39355469        24319.19335937         2616.99438477 
        4960.48469573            0.50000000         8563.39355469        24175.19335937         2584.99438477 
        4961.02765187            0.50000000         8722.39355469        24602.19335937         2661.99438477 
        4961.48104517            0.50000000         8532.39355469        24162.19335937         2607.99438477 
        4962.01925603            0.50000000         8694.39355469        24544.19335937         2655.99438477 
        4962.43795282            0.50000000         8546.39355469        24218.19335937         2571.99438477 
        4963.02126652            0.50000000         8694.39355469        24665.19335937         2638.99438477 
        4963.49002044            0.50000000         8495.39355469        24125.19335937         2541.99438477 
        4964.08857053            0.50000000         8593.39355469        24414.19335937         2538.99438477 
        4964.47771280            0.50000000         8497.39355469        24280.19335937         2506.99438477 
        4965.03160731            0.50000000         8565.39355469        24329.19335937         2458.99438477 
        4965.48081026            0.50000000         8471.39355469        24200.19335937         2308.99438477 
        4966.01997121            0.50000000         8538.39355469        24339.19335937         2052.99438477 
        4966.42941972            0.50000000         8450.39355469        24111.19335937         1605.99438477 
        4967.01376077            0.50000000         8477.39355469        24145.19335937         1371.99438477 
        4967.47834432            0.50000000         8416.39355469        24031.19335937         1447.99438477 
        4968.07794749            0.50000000         8497.39355469        24143.19335937         1657.99438477 
        4968.46777448            0.50000000         8428.39355469        23837.19335937         1705.99438477 
        4969.02264369            0.50000000         8479.39355469        23740.19335937         1684.99438477 
        4969.47263719            0.50000000         8410.39355469        23639.19335937         1638.99438477 
        4970.00774550            0.50000000         8453.39355469        23493.19335937         1552.99438477 
        4970.42291635            0.50000000         8368.39355469        22794.19335937         1440.99438477 
        4971.01328989            0.50000000         8419.39355469        22446.19335937         1377.99438477 
        4971.47869241            0.50000000         8342.39355469        22349.19335937         1341.99438477 
        4972.07935267            0.50000000         8397.39355469        22705.19335937         1343.99438477 
        4972.46485998            0.50000000         8352.39355469        23006.19335937         1326.99438477 
        4973.02070638            0.50000000         8376.39355469        23326.19335937         1300.99438477 
        4973.46648323            0.50000000         8300.39355469        23254.19335937         1247.99438477 
        4974.00754334            0.50000000         8352.39355469        23229.19335937         1169.99438477 
        4974.41843424            0.50000000         8317.39355469        23161.19335937         1106.99438477 
        4975.01485923            0.50000000         8343.39355469        23270.19335937         1046.99438477 
        4975.46604086            0.50000000         8263.39355469        23110.19335937         1000.99432373 
        4976.06274067            0.50000000         8382.39355469        23366.19335937          984.99432373 
        4976.45393976            0.50000000         8234.39355469        22796.19335937          924.99432373 
        4977.01076217            0.50000000         8345.39355469        22753.19335937          906.99432373 
        4977.46233985            0.50000000         8244.39355469        22134.19335937          837.99432373 
        4977.99933217            0.50000000         8312.39355469        21852.19335937          819.99432373 
        4978.40592465            0.50000000         8225.39355469        21292.19335937          759.99432373 
        4978.99335316            0.50000000         8301.39355469        21243.19335937          762.99432373 
        4979.46541411            0.50000000         8199.39355469        20625.19335937          716.99432373 
        4980.05813984            0.50000000         8314.39355469        20379.19335937          734.99432373 
        4980.45505094            0.50000000         8163.39404297        19555.19335937          670.99432373 
        4981.01787894            0.50000000         8176.39404297        18992.19335937          670.99432373 
        4981.47025225            0.50000000         8151.39404297        18622.19335937          639.99432373 
        4981.99310665            0.50000000         8138.39404297        18240.19335937          639.99432373 
        4982.41549975            0.50000000         8124.39404297        17924.19335937          617.99432373 
        4982.99893329            0.50000000         8150.39404297        17613.19335937          613.99432373 
        4983.46176268            0.50000000         8072.39404297        17234.19335937          612.99432373 
        4984.04043163            0.50000000         8133.39404297        17088.19335937          612.99432373 
        4984.45817096            0.50000000         8122.39404297        16868.19335937          593.99432373 
        4984.99681538            0.50000000         8091.39404297        16624.19335937          612.99432373 
        4985.46005067            0.50000000         8079.39404297        16304.19433594          572.99432373 
        4985.97374767            0.50000000         8018.39404297        15880.19433594          585.99432373 
        4986.41703024            0.50000000         8082.39404297        15744.19433594          596.99432373 
        4986.98637175            0.50000000         8071.39404297        15364.19433594          587.99432373 
        4987.46009158            0.50000000         8027.39404297        15073.19433594          590.99432373 
        4988.04985905            0.50000000         8069.39404297        14769.19433594          563.99432373 
        4988.45824893            0.50000000         7979.39404297        14368.19433594          586.99432373 
        4988.99783900            0.50000000         8020.39404297        14178.19433594          566.99432373 
        4989.46693217            0.50000000         7907.39404297        13681.19433594          543.99432373 
        4989.96134976            0.50000000         7907.39404297        13596.19433594          568.99432373 
        4990.41550109            0.50000000         7907.39404297        13624.19433594          546.99432373 
        4990.98584129            0.50000000         7904.39404297        13816.19433594          545.99432373 
        4991.45534322            0.50000000         7848.39404297        13961.19433594          542.99432373 
        4992.01584291            0.50000000         7844.39404297        14398.19433594          568.99432373 
        4992.45019853            0.50000000         7813.39404297        14696.19433594          559.99432373 
        4992.98062847            0.50000000         7789.39404297        14990.19433594          562.99432373 
        4993.45054073            0.50000000         7869.39404297        15351.19433594          567.99432373 
        4993.93065845            0.50000000         7759.39404297        15308.19433594          568.99432373 
        4994.42098805            0.50000000         7839.39404297        15577.19433594          577.99432373 
        4994.95693249            0.50000000         7838.39404297        15670.19433594          562.99432373 
        4995.43736688            0.50000000         7797.39404297        15650.19433594          565.99432373 
        4995.99884450            0.50000000         7691.39404297        15426.19433594          555.99432373 
        4996.46937791            0.50000000         7765.39404297        15610.19433594          564.99432373 
        4996.97037476            0.50000000         7732.39404297        15481.19433594          548.99432373 
        4997.44617036            0.50000000         7665.39404297        15363.19433594          535.99432373 
        4997.91193854            0.50000000         7690.39404297        15345.19433594          533.99432373 
        4998.43857335            0.50000000         7656.39404297        15187.19433594          511.99432373 
        4998.95013286            0.50000000         7573.39404297        14907.19433594          511.99432373 
        4999.44660692            0.50000000         7685.39404297        14977.19433594          500.99432373 
        4999.98879861            0.50000000         7690.39404297        14824.19433594          496.99432373 
        5000.48549814            0.50000000         7647.39404297        14659.19433594          494.99432373 
        5000.96709552            0.50000000         7581.39404297        14361.19433594          489.99432373 
        5001.46907854            0.50000000         7685.39404297        14428.19433594          506.99432373 
        5001.92552231            0.50000000         7627.39404297        14321.19433594          483.99432373 
        5002.44800855            0.50000000         7648.39404297        14313.19433594          488.99432373 
        5002.92494474            0.50000000         7572.39404297        14208.19433594          482.99432373 
        5003.45273462            0.50000000         7594.39404297        14325.19433594          479.99432373 
        5003.96541625            0.50000000         7459.39404297        14150.19433594          469.99432373 
        5004.50360162            0.50000000         7552.39404297        14509.19433594          476.99432373 
        5004.94541431            0.50000000         7458.39404297        14409.19433594          443.99432373 
        5005.46859010            0.50000000         7535.39404297        14654.19433594          465.99432373 
        5005.91566990            0.50000000         7445.39404297        14648.19433594          461.99432373 
        5007.59299644            0.50000000         7439.39404297        15100.19433594          489.99432373 
        5009.40385331            0.50000000         7382.39404297        15423.19433594          501.99432373 
        5011.20086323            0.50000000         7254.39404297        15500.19433594          502.99432373 
        5013.02476533            0.50000000         7201.39404297        15714.19433594          492.99432373 
        5014.83991647            0.50000000         7103.39404297        15711.19433594          495.99432373 
        5016.81475764            0.50000000         7079.39404297        15853.19433594          492.99432373 
        5018.75553150            0.50000000         7001.39404297        15778.19433594          506.99432373 
        5020.80022340            0.50000000         6998.39404297        15890.19433594          511.99432373 
        5022.78019484            0.50000000         6987.39404297        15991.19433594          498.99432373 
        5024.87969967            0.50000000         6852.39404297        15822.19433594          495.99432373 
        5026.91958908            0.50000000         6844.39404297        15841.19433594          491.99432373 
        5029.06393276            0.50000000         6701.39404297        15525.19433594          486.99432373 
        5031.21027410            0.50000000         6734.39404297        15610.19433594          500.99432373 
        5033.47688409            0.50000000         6674.39404297        15524.19433594          442.99432373 
        5035.74572380            0.50000000         6597.39404297        15303.19433594          434.99432373 
        5038.02194877            0.50000000         6566.39404297        15212.19433594          402.99432373 
        5040.27979028            0.50000000         6413.39404297        14806.19433594          379.99432373 
        5042.66374297            0.50000000         6430.39404297        14812.19433594          381.99432373 
        5045.12767924            0.50000000         6333.39404297        14689.19433594          397.99432373 
        5047.45972967            0.50000000         6257.39404297        14679.19433594          386.99432373 
        5049.99093051            0.50000000         6240.39404297        14796.19433594          395.99432373 
        5052.43676187            0.50000000         6053.39404297        14521.19433594          400.99432373 
        5054.95784006            0.50000000         6055.39404297        14568.19433594          418.99432373 
        5057.58038677            0.50000000         5970.39404297        14396.19433594          414.99432373 
        5060.16428642            0.50000000         5911.39404297        14293.19433594          395.99432373 
        5062.79272772            0.50000000         5835.39404297        14271.19433594          415.99432373 
        5065.56492084            0.50000000         5790.39404297        14158.19433594          408.99432373 
        5068.26212267            0.50000000         5711.39404297        14156.19433594          389.99432373 
        5071.07220752            0.50000000         5512.39404297        13815.19433594          394.99432373 
        5073.96418151            0.50000000         5579.39404297        14036.19433594          407.99432373 
        5076.78116247            0.50000000         5418.39404297        13892.19433594          389.99432373 
        5079.66974605            0.50000000         5239.39404297        13542.19433594          371.99432373 
        5082.71423121            0.50000000         5190.39404297        13619.19433594          350.99432373 
        5085.72587834            0.50000000         5056.39404297        13383.19433594          342.99432373 
        5088.70981837            0.50000000         5065.39404297        13494.19433594          330.99432373 
        5091.83994316            0.50000000         4944.39404297        13331.19433594          301.99432373 
        5094.96370323            0.50000000         4828.39404297        13280.19433594          309.99432373 
        5098.06520289            0.50000000         4778.39404297        13215.19433594          304.99432373 
        5101.23964079            0.50000000         4689.39404297        13194.19433594          330.99432373 
        5104.50851173            0.50000000         4570.39404297        12972.19433594          323.99432373 
        5107.78725428            0.50000000         4515.39404297        12990.19433594          318.99432373 
        5111.07590000            0.50000000         4498.39404297        13001.19433594          328.99432373 
        5114.39577678            0.50000000         4436.39404297        12885.19433594          328.99432373 
        5117.78432897            0.50000000         4291.39404297        12669.19433594          318.99432373 
        5121.18310842            0.50000000         4188.39404297        12561.19433594          337.99432373 
        5124.60819017            0.50000000         4124.39404297        12401.19433594          318.99432373 
        5128.08645346            0.50000000         4163.39404297        12643.19433594          328.99432373 
        5131.61812249            0.50000000         4045.39404297        12326.19433594          318.99432373 
        5135.14434185            0.50000000         3967.39404297        12284.19433594          326.99432373 
        5138.72424650            0.50000000         3865.39404297        12066.19433594          324.99432373 
        5142.42810781            0.50000000         3911.39404297        12309.19433594          313.99432373 
        5145.99208379            0.50000000         3699.39404297        11891.19433594          286.99432373 
        5149.70734415            0.50000000         3733.39404297        12076.19433594          288.99432373 
        5153.43926342            0.50000000         3641.39404297        11862.19433594          285.99432373 
        5157.18248472            0.50000000         3549.39404297        11814.19433594          291.99432373 
        5161.05107909            0.50000000         3491.39404297        11778.19433594          280.99432373 
        5164.84983618            0.50000000         3352.39404297        11466.19433594          281.99432373 
        5168.74728178            0.50000000         3316.39404297        11464.19433594          307.99432373 
        5172.70568737            0.50000000         3185.39404297        11079.19433594          286.99432373 
        5176.55043219            0.50000000         3067.39404297        10878.19433594          289.99432373 
        5180.56562714            0.50000000         2465.39404297         8850.19433594          260.99432373 
        5184.55468336            0.50000000         2954.39404297        10678.19433594          291.99432373 
        5188.54491822            0.50000000         2860.39404297        10545.19433594          326.99432373 
        5192.71240326            0.50000000         2747.39404297        10205.19433594          302.99432373 
        5196.84305860            0.50000000         2639.39404297         9965.19433594          289.99432373 
        5200.95323931            0.50000000         2531.39404297         9649.19433594          290.99432373 
        5205.15897853            0.50000000         2412.39404297         9276.19433594          273.99432373 
        5208.93992880            0.50000000         2243.39404297         8693.19433594          239.99432373 
