# 1-D Scan File created by LabVIEW Control Panel  12/6/2011  2:11:45 AM; Scan time 0 hrs 4 min 28 sec. 
#
# Beamline 20 BM
#
# Scan config: 
#                 E0: 4966.00 eV   223 points
#        Scan bounds:  -100.00 -30.00 40.00 243.35 (7.99 (k))
#       Scan step(s):  5.00 0.50 0.07
#  Integration times:  0.50 0.50 0.50    kwgt in EXAFS region: 0.0 
#
# User Comment:
# 50oC
#
#
# Amplifier Sensitivities:
# Preslit: 20 nA/V  I0: 20 nA/V  I: 100 pA/V  IREF: 50 pA/V  
#
# Analog Input Voltages at start/end of scan:
# Preslit: 0.033/0.030  I0: 0.496/0.268  Ignore: 0.014/0.009  I: 0.800/0.557  IREF: 0.223/0.136  
#
# Mono Info:
# 
#
# ID Info:
# 
#
# Slit Info:
# Kappa S1:  Center is at -542 (H), 500 (V)   Size is 8000 wide x 2000 high
# Vacuum Slits:  Center is at 850 (H), -25 (V)   Size is 899 wide x 1000 high
#
# Motor Positions:
# SMV (20bm:m29): -37594.243125 SMH (20bm:m30): 4802.187500 
#
# Detector Names/PVs:
# I0/20bm:scaler1_netA.C  I/20bm:scaler1_netA.E  IREF/20bm:scaler1_netA.F  
#
# Positioner names/Drive PVs/Readback PVs:
# Mono Energy */20bm:monoE.VAL/20bm:EnctoE.VAL  Scaler preset time */20bm:scaler1.TP/  
# Here is a readable list of column headings:
#  1) Mono Energy *        
#  2) Scaler preset time * 
#  3) I0                   
#  4) I                    
#  5) IREF                 
#
# Column Headings:
#Mono Energy *        Scaler preset time * I0                   I                    IREF                 
        4865.40090888            0.50000000        19660.39453125        34945.19531250         4869.99414062 
        4870.45719986            0.50000000        19432.39453125        34774.19531250         4759.99414062 
        4875.46750590            0.50000000        19308.39453125        34921.19531250         4728.99414062 
        4880.54201781            0.50000000        19168.39453125        34982.19531250         4637.99414062 
        4885.58960585            0.50000000        19002.39453125        34903.19531250         4530.99414062 
        4890.57624875            0.50000000        18950.39453125        35248.19531250         4511.99414062 
        4895.65634219            0.50000000        18798.39453125        35264.19531250         4474.99414062 
        4900.77713326            0.50000000        18698.39453125        35510.19531250         4380.99414062 
        4905.80274538            0.50000000        18552.39453125        35469.19531250         4348.99414062 
        4910.81531763            0.50000000        18449.39453125        35682.19531250         4291.99414062 
        4915.82448876            0.50000000        18199.39453125        35588.19531250         4197.99414062 
        4920.85466623            0.50000000        18186.39453125        35949.19531250         4203.99414062 
        4925.89123776            0.50000000        18078.39453125        36125.19531250         4168.99414062 
        4930.89979604            0.50000000        17988.39453125        36444.19531250         4164.99414062 
        4935.96879711            0.50000000        17844.39453125        36482.19531250         4119.99414062 
        4936.48125336            0.50000000        17927.39453125        36875.19531250         4165.99414062 
        4936.94946433            0.50000000        17976.39453125        36952.19531250         4151.99414062 
        4937.44735323            0.50000000        17927.39453125        36881.19531250         4137.99414062 
        4937.92562734            0.50000000        17875.39453125        36892.19531250         4161.99414062 
        4938.43852885            0.50000000        17885.39453125        36838.19531250         4157.99414062 
        4938.94661366            0.50000000        17889.39453125        36885.19531250         4167.99414062 
        4939.44987848            0.50000000        17839.39453125        36952.19531250         4138.99414062 
        4939.98286958            0.50000000        17837.39453125        36830.19531250         4170.99414062 
        4940.47155546            0.50000000        17856.39453125        36997.19531250         4155.99414062 
        4940.98503651            0.50000000        17841.39453125        37119.19531250         4151.99414062 
        4941.44924499            0.50000000        17774.39453125        37004.19531250         4118.99414062 
        4941.94812866            0.50000000        17766.39453125        37030.19531250         4115.99414062 
        4942.43229949            0.50000000        17854.39453125        37167.19531250         4185.99414062 
        4942.97093809            0.50000000        17700.39453125        36945.19531250         4108.99414062 
        4943.45532845            0.50000000        17700.39453125        36995.19531250         4118.99414062 
        4944.02387833            0.50000000        17748.39453125        37072.19531250         4164.99414062 
        4944.46893032            0.50000000        17622.39453125        36893.19531250         4101.99414062 
        4944.99321522            0.50000000        17637.39453125        36935.19531250         4105.99414062 
        4945.46319667            0.50000000        17563.39453125        36903.19531250         4112.99414062 
        4945.96296847            0.50000000        17615.39453125        37046.19531250         4096.99414062 
        4946.43315182            0.50000000        17700.39453125        37118.19531250         4115.99414062 
        4946.99255003            0.50000000        17667.39453125        37285.19531250         4135.99414062 
        4947.47285194            0.50000000        17653.39453125        37256.19531250         4138.99414062 
        4948.05232107            0.50000000        17655.39453125        37336.19531250         4170.99414062 
        4948.48330474            0.50000000        17579.39453125        37242.19531250         4113.99414062 
        4949.01843333            0.50000000        17550.39453125        37218.19531250         4115.99414062 
        4949.47934006            0.50000000        17577.39453125        37376.19531250         4113.99414062 
        4949.98991638            0.50000000        17532.39453125        37291.19531250         4092.99438477 
        4950.44110404            0.50000000        17539.39453125        37283.19531250         4140.99414062 
        4951.01141509            0.50000000        17695.39453125        37637.19531250         4162.99414062 
        4951.48265014            0.50000000        17532.39453125        37373.19531250         4137.99414062 
        4952.07803480            0.50000000        17628.39453125        37539.19531250         4131.99414062 
        4952.48993425            0.50000000        17629.39453125        37611.19531250         4132.99414062 
        4953.03097639            0.50000000        17616.39453125        37640.19531250         4172.99414062 
        4953.48773654            0.50000000        17606.39453125        37657.19531250         4124.99414062 
        4953.99921876            0.50000000        17558.39453125        37683.19531250         4130.99414062 
        4954.44623964            0.50000000        17531.39453125        37596.19531250         4107.99414062 
        4955.02253017            0.50000000        17602.39453125        37817.19531250         4144.99414062 
        4955.48963188            0.50000000        17477.39453125        37664.19531250         4119.99414062 
        4956.08607204            0.50000000        17594.39453125        37978.19531250         4162.99414062 
        4956.48875800            0.50000000        17416.39453125        37620.19531250         4115.99414062 
        4957.04070326            0.50000000        17482.39453125        37745.19531250         4121.99414062 
        4957.49329930            0.50000000        17523.39453125        37828.19531250         4101.99414062 
        4958.02558841            0.50000000        17456.39453125        37737.19531250         4098.99414062 
        4958.45350026            0.50000000        17447.39453125        37725.19531250         4081.99438477 
        4959.02085687            0.50000000        17491.39453125        38010.19531250         4113.99414062 
        4959.49376261            0.50000000        17398.39453125        37760.19531250         4059.99438477 
        4960.08129880            0.50000000        17556.39453125        38259.19531250         4156.99414062 
        4960.48469573            0.50000000        17405.39453125        37933.19531250         4080.99438477 
        4961.03761559            0.50000000        17649.39453125        38399.19531250         4142.99414062 
        4961.48602802            0.50000000        17392.39453125        37995.19531250         4047.99438477 
        4962.02424006            0.50000000        17642.39453125        38480.19531250         4115.99414062 
        4962.44293777            0.50000000        17426.39453125        38099.19531250         4074.99438477 
        4963.02126652            0.50000000        17619.39453125        38537.19531250         4098.99414062 
        4963.49002044            0.50000000        17330.39453125        37973.19531250         4000.99438477 
        4964.09355911            0.50000000        17453.39453125        38285.19531250         3995.99438477 
        4964.48270224            0.50000000        17355.39453125        38165.19531250         3882.99438477 
        4965.03160731            0.50000000        17399.39453125        38226.19531250         3830.99438477 
        4965.48081026            0.50000000        17318.39453125        38191.19531250         3583.99438477 
        4966.01997121            0.50000000        17378.39453125        38218.19531250         3143.99438477 
        4966.43441345            0.50000000        17322.39453125        38266.19531250         2520.99438477 
        4967.02375081            0.50000000        17396.39453125        38261.19531250         2169.99438477 
        4967.48334036            0.50000000        17234.39453125        37954.19531250         2267.99438477 
        4968.08294485            0.50000000        17325.39453125        38016.19531250         2583.99438477 
        4968.46777448            0.50000000        17217.39453125        37711.19531250         2674.99438477 
        4969.02264369            0.50000000        17270.39453125        37570.19531250         2637.99438477 
        4969.47263719            0.50000000        17232.39453125        37492.19531250         2557.99438477 
        4970.00774550            0.50000000        17302.39453125        37420.19531250         2431.99438477 
        4970.42291635            0.50000000        17221.39453125        37093.19531250         2316.99438477 
        4971.01328989            0.50000000        17281.39453125        36997.19531250         2248.99438477 
        4971.47368758            0.50000000        17148.39453125        36909.19531250         2192.99438477 
        4972.07434652            0.50000000        17247.39453125        37346.19531250         2185.99438477 
        4972.45985297            0.50000000        17159.39453125        37327.19531250         2140.99438477 
        4973.01569815            0.50000000        17227.39453125        37412.19531250         2090.99438477 
        4973.46147401            0.50000000        17152.39453125        37225.19531250         1975.99438477 
        4974.00253293            0.50000000        17189.39453125        36938.19531250         1876.99438477 
        4974.41342293            0.50000000        17116.39453125        36446.19531250         1771.99438477 
        4975.00984661            0.50000000        17151.39453125        35614.19531250         1656.99438477 
        4975.46604086            0.50000000        17064.39453125        34820.19531250         1561.99438477 
        4976.06274067            0.50000000        17263.39453125        34474.19531250         1511.99438477 
        4976.45895557            0.50000000        17031.39453125        33506.19531250         1413.99438477 
        4977.01076217            0.50000000        17223.39453125        33401.19531250         1375.99438477 
        4977.46233985            0.50000000        17027.39453125        32712.19335937         1320.99438477 
        4977.99933217            0.50000000        17192.39453125        32706.19335937         1282.99438477 
        4978.41094477            0.50000000        16988.39453125        32082.19335937         1204.99438477 
        4978.99837457            0.50000000        17126.39453125        32147.19335937         1205.99438477 
        4979.47043656            0.50000000        17024.39453125        31735.19335937         1167.99438477 
        4980.06316360            0.50000000        17155.39453125        31670.19335937         1143.99438477 
        4980.46007558            0.50000000        17020.39453125        31137.19335937         1090.99438477 
        4981.01787894            0.50000000        17012.39453125        30691.19335937         1069.99438477 
        4981.47025225            0.50000000        17027.39453125        30251.19335937         1054.99438477 
        4981.99813468            0.50000000        16921.39453125        29409.19335937         1024.99438477 
        4982.41549975            0.50000000        16971.39453125        28884.19335937          999.99432373 
        4982.99893329            0.50000000        17010.39453125        27977.19335937          998.99432373 
        4983.46679395            0.50000000        16907.39453125        26944.19335937          980.99432373 
        4984.04043163            0.50000000        16994.39453125        25976.19335937          945.99432373 
        4984.45817096            0.50000000        16953.39453125        25057.19335937          935.99432373 
        4984.99681538            0.50000000        16949.39453125        24122.19335937          925.99432373 
        4985.45501500            0.50000000        16870.39453125        23398.19335937          907.99432373 
        4985.97878448            0.50000000        16835.39453125        22855.19335937          907.99432373 
        4986.41703024            0.50000000        16920.39453125        22657.19335937          906.99432373 
        4986.98637175            0.50000000        16854.39453125        22278.19335937          897.99432373 
        4987.45505149            0.50000000        16797.39453125        22132.19335937          870.99432373 
        4988.04481765            0.50000000        16858.39453125        22219.19335937          909.99432373 
        4988.45824893            0.50000000        16788.39453125        22273.19335937          911.99432373 
        4988.99279551            0.50000000        16803.39453125        22619.19335937          890.99432373 
        4989.46188765            0.50000000        16701.39453125        22826.19335937          894.99432373 
        4989.95630414            0.50000000        16665.39453125        23211.19335937          885.99432373 
        4990.41045447            0.50000000        16713.39453125        23746.19335937          924.99432373 
        4990.97574553            0.50000000        16689.39453125        24177.19335937          916.99432373 
        4991.45029430            0.50000000        16649.39453125        24577.19335937          916.99432373 
        4992.01584291            0.50000000        16641.39453125        25119.19335937          915.99432373 
        4992.45524966            0.50000000        16555.39453125        25352.19335937          917.99432373 
        4992.98062847            0.50000000        16561.39453125        25647.19335937          927.99432373 
        4993.45054073            0.50000000        16602.39453125        25843.19335937          913.99432373 
        4993.93571286            0.50000000        16524.39453125        25873.19335937          933.99432373 
        4994.42098805            0.50000000        16545.39453125        25992.19335937          924.99432373 
        4994.96198916            0.50000000        16617.39453125        26079.19335937          956.99432373 
        4995.44748237            0.50000000        16531.39453125        25915.19335937          919.99432373 
        4995.99884450            0.50000000        16436.39453125        25674.19335937          915.99432373 
        4996.46937791            0.50000000        16560.39453125        25733.19335937          892.99432373 
        4996.97037476            0.50000000        16509.39453125        25523.19335937          890.99432373 
        4997.45123255            0.50000000        16362.39355469        25162.19335937          885.99432373 
        4997.91700176            0.50000000        16438.39453125        25017.19335937          892.99432373 
        4998.43857335            0.50000000        16361.39355469        24712.19335937          867.99432373 
        4998.95519838            0.50000000        16307.39355469        24418.19335937          851.99432373 
        4999.45167354            0.50000000        16451.39453125        24447.19335937          841.99432373 
        4999.98879861            0.50000000        16469.39453125        24313.19335937          809.99432373 
        5000.48549814            0.50000000        16382.39355469        24153.19335937          814.99432373 
        5000.96202554            0.50000000        16326.39355469        23954.19335937          821.99432373 
        5001.46907854            0.50000000        16422.39453125        24129.19335937          818.99432373 
        5001.92045021            0.50000000        16366.39355469        24208.19335937          795.99432373 
        5002.44293529            0.50000000        16302.39355469        24181.19335937          794.99432373 
        5002.91479613            0.50000000        16202.39355469        24159.19335937          803.99432373 
        5003.45781011            0.50000000        16335.39355469        24612.19335937          780.99432373 
        5003.96541625            0.50000000        16146.39355469        24480.19335937          786.99432373 
        5004.50360162            0.50000000        16194.39355469        24898.19335937          774.99432373 
        5004.94033552            0.50000000        16107.39355469        25011.19335937          780.99432373 
        5005.46859010            0.50000000        16249.39355469        25522.19335937          803.99432373 
        5005.91058895            0.50000000        16092.39355469        25593.19335937          781.99432373 
        5007.58791178            0.50000000        16076.39355469        26562.19335937          797.99432373 
        5009.39367596            0.50000000        16067.39355469        27280.19335937          811.99432373 
        5011.19577056            0.50000000        15873.39355469        27418.19335937          848.99432373 
        5013.01966861            0.50000000        15805.39355469        27467.19335937          869.99432373 
        5014.83481572            0.50000000        15712.39355469        27315.19335937          865.99432373 
        5016.80454738            0.50000000        15642.39355469        27182.19335937          869.99432373 
        5018.74531260            0.50000000        15551.39355469        27227.19335937          865.99432373 
        5020.78999541            0.50000000        15509.39355469        27516.19335937          880.99432373 
        5022.78019484            0.50000000        15520.39355469        27818.19335937          868.99432373 
        5024.86945353            0.50000000        15316.39355469        27729.19335937          882.99432373 
        5026.90933386            0.50000000        15372.39355469        27958.19335937          878.99432373 
        5029.05366799            0.50000000        15181.39355469        27681.19335937          862.99432373 
        5031.18972547            0.50000000        15203.39355469        27618.19335937          833.99432373 
        5033.46145744            0.50000000        15149.39355469        27368.19335937          805.99432373 
        5035.73028197            0.50000000        15029.39355469        26894.19335937          764.99432373 
        5038.00649172            0.50000000        14920.39355469        26443.19335937          735.99432373 
        5040.25400337            0.50000000        14718.39355469        25948.19335937          702.99432373 
        5042.63792945            0.50000000        14738.39355469        26026.19335937          692.99432373 
        5045.10700638            0.50000000        14602.39355469        26140.19335937          689.99432373 
        5047.44420937            0.50000000        14510.39355469        26271.19335937          672.99432373 
        5049.97021416            0.50000000        14418.39355469        26269.19335937          717.99432373 
        5052.42639273            0.50000000        14146.39355469        25996.19335937          710.99432373 
        5054.93707924            0.50000000        14099.39355469        26080.19335937          716.99432373 
        5057.56999460            0.50000000        13977.39355469        26163.19335937          745.99432373 
        5060.16428642            0.50000000        13877.39355469        26187.19335937          740.99432373 
        5062.78751994            0.50000000        13735.39355469        26266.19335937          733.99432373 
        5065.55970684            0.50000000        13664.39355469        26283.19335937          730.99432373 
        5068.25690262            0.50000000        13579.39355469        26391.19335937          734.99432373 
        5071.07220752            0.50000000        13268.39355469        26066.19335937          736.99432373 
        5073.96418151            0.50000000        13422.39355469        26649.19335937          752.99432373 
        5076.78116247            0.50000000        13182.39355469        26489.19335937          725.99432373 
        5079.66974605            0.50000000        12910.39355469        26165.19335937          703.99432373 
        5082.71423121            0.50000000        12889.39355469        26449.19335937          681.99432373 
        5085.72587834            0.50000000        12756.39355469        26468.19335937          650.99432373 
        5088.70981837            0.50000000        12798.39355469        26699.19335937          640.99432373 
        5091.83994316            0.50000000        12636.39355469        26633.19335937          620.99432373 
        5094.95842309            0.50000000        12466.39355469        26525.19335937          618.99432373 
        5098.05991575            0.50000000        12366.39355469        26519.19335937          631.99432373 
        5101.23964079            0.50000000        12258.39355469        26732.19335937          656.99432373 
        5104.51381344            0.50000000        12069.39355469        26671.19335937          664.99432373 
        5107.78725428            0.50000000        11969.39355469        26692.19335937          689.99432373 
        5111.06526691            0.50000000        11966.39355469        26878.19335937          702.99432373 
        5114.39577678            0.50000000        11862.39355469        26754.19335937          691.99432373 
        5117.77366549            0.50000000        11582.39355469        26484.19335937          688.99432373 
        5121.17776897            0.50000000        11323.39355469        26130.19335937          680.99432373 
        5124.60284295            0.50000000        11196.39355469        25974.19335937          674.99432373 
        5128.08109834            0.50000000        11305.39355469        26430.19335937          709.99432373 
        5131.60203310            0.50000000        11067.39355469        26185.19335937          691.99432373 
        5135.13897069            0.50000000        10844.39355469        26038.19335937          683.99432373 
        5138.71348792            0.50000000        10732.39355469        25974.19335937          677.99432373 
        5142.41733236            0.50000000        10726.39355469        26179.19335937          664.99432373 
        5145.98129210            0.50000000        10312.39355469        25554.19335937          624.99432373 
        5149.69653553            0.50000000        10227.39355469        25645.19335937          608.99432373 
        5153.42843777            0.50000000        10124.39355469        25613.19335937          609.99432373 
        5157.17164198            0.50000000         9931.39355469        25479.19335937          616.99432373 
        5161.03478849            0.50000000         9805.39355469        25560.19335937          630.99432373 
        5164.84439729            0.50000000         9532.39355469        25273.19335937          632.99432373 
        5168.74728178            0.50000000         9446.39355469        25307.19335937          650.99432373 
        5172.69477363            0.50000000         9209.39355469        25014.19335937          651.99432373 
        5176.53403517            0.50000000         8994.39355469        24829.19335937          661.99432373 
        5180.54920250            0.50000000         7276.39404297        20413.19335937          550.99432373 
        5184.53823127            0.50000000         8851.39355469        24926.19335937          662.99432373 
        5188.52843863            0.50000000         8602.39355469        24670.19335937          658.99432373 
        5192.70139770            0.50000000         8325.39355469        24136.19335937          650.99432373 
        5196.82100953            0.50000000         8073.39404297        23628.19335937          624.99432373 
        5200.93115240            0.50000000         7878.39404297        23362.19335937          637.99432373 
        5205.13132148            0.50000000         7611.39404297        22817.19335937          608.99432373 
        5208.91776827            0.50000000         7230.39404297        21906.19335937          596.99432373 
