# 1-D Scan File created by LabVIEW Control Panel  12/6/2011  7:28:08 AM; Scan time 0 hrs 4 min 29 sec. 
#
# Beamline 20 BM
#
# Scan config: 
#                 E0: 4966.00 eV   223 points
#        Scan bounds:  -100.00 -30.00 40.00 243.35 (7.99 (k))
#       Scan step(s):  5.00 0.50 0.07
#  Integration times:  0.50 0.50 0.50    kwgt in EXAFS region: 0.0 
#
# User Comment:
# 50oC
#
#
# Amplifier Sensitivities:
# Preslit: 20 nA/V  I0: 20 nA/V  I: 100 pA/V  IREF: 50 pA/V  
#
# Analog Input Voltages at start/end of scan:
# Preslit: 0.032/0.031  I0: 0.292/0.156  Ignore: 0.007/0.003  I: 0.584/0.277  IREF: 0.192/0.129  
#
# Mono Info:
# 
#
# ID Info:
# 
#
# Slit Info:
# Kappa S1:  Center is at -542 (H), 500 (V)   Size is 8000 wide x 2000 high
# Vacuum Slits:  Center is at 850 (H), -25 (V)   Size is 899 wide x 1000 high
#
# Motor Positions:
# SMV (20bm:m29): -37594.243125 SMH (20bm:m30): 4802.187500 
#
# Detector Names/PVs:
# I0/20bm:scaler1_netA.C  I/20bm:scaler1_netA.E  IREF/20bm:scaler1_netA.F  
#
# Positioner names/Drive PVs/Readback PVs:
# Mono Energy */20bm:monoE.VAL/20bm:EnctoE.VAL  Scaler preset time */20bm:scaler1.TP/  
# Here is a readable list of column headings:
#  1) Mono Energy *        
#  2) Scaler preset time * 
#  3) I0                   
#  4) I                    
#  5) IREF                 
#
# Column Headings:
#Mono Energy *        Scaler preset time * I0                   I                    IREF                 
        4865.38181436            0.50000000         9776.39355469        24170.19335937         3296.99438477 
        4870.45719986            0.50000000         9576.39355469        23813.19335937         3218.99438477 
        4875.46750590            0.50000000         9442.39355469        23656.19335937         3147.99438477 
        4880.54682416            0.50000000         9261.39355469        23417.19335937         3052.99438477 
        4885.59924042            0.50000000         9098.39355469        23131.19335937         2960.99438477 
        4890.58590492            0.50000000         9022.39355469        23169.19335937         2933.99438477 
        4895.66118128            0.50000000         8902.39355469        22991.19335937         2857.99438477 
        4900.77228306            0.50000000         8767.39355469        22863.19335937         2799.99438477 
        4905.79788426            0.50000000         8628.39355469        22641.19335937         2755.99438477 
        4910.80557360            0.50000000         8539.39355469        22613.19335937         2678.99438477 
        4915.82448876            0.50000000         8297.39355469        22187.19335937         2622.99438477 
        4920.84487846            0.50000000         8303.39355469        22423.19335937         2590.99438477 
        4925.88142801            0.50000000         8137.39404297        22182.19335937         2546.99438477 
        4930.88504862            0.50000000         8016.39404297        22069.19335937         2490.99438477 
        4935.95401645            0.50000000         7901.39404297        21999.19335937         2464.99438477 
        4936.47139734            0.50000000         7977.39404297        22245.19335937         2471.99438477 
        4936.93467723            0.50000000         7983.39404297        22329.19335937         2503.99438477 
        4937.43256287            0.50000000         7965.39404297        22251.19335937         2521.99438477 
        4937.91083384            0.50000000         7871.39404297        22052.19335937         2453.99438477 
        4938.42866425            0.50000000         7938.39404297        22245.19335937         2498.99438477 
        4938.93181345            0.50000000         7908.39404297        22126.19335937         2448.99438477 
        4939.43507497            0.50000000         7878.39404297        22165.19335937         2474.99438477 
        4939.98286958            0.50000000         7853.39404297        22078.19335937         2451.99438477 
        4940.46168197            0.50000000         7878.39404297        22141.19335937         2491.99438477 
        4940.97022292            0.50000000         7872.39404297        22169.19335937         2465.99438477 
        4941.43442835            0.50000000         7799.39404297        22011.19335937         2426.99438477 
        4941.93330875            0.50000000         7792.39404297        22051.19335937         2425.99438477 
        4942.42735845            0.50000000         7895.39404297        22306.19335937         2489.99438477 
        4942.96599587            0.50000000         7770.39404297        21994.19335937         2411.99438477 
        4943.45038517            0.50000000         7801.39404297        22060.19335937         2455.99438477 
        4944.00410028            0.50000000         7841.39404297        22210.19335937         2461.99438477 
        4944.46398482            0.50000000         7737.39404297        21959.19335937         2448.99438477 
        4944.99321522            0.50000000         7750.39404297        22004.19335937         2464.99438477 
        4945.45824899            0.50000000         7706.39404297        21936.19335937         2417.99438477 
        4945.95307092            0.50000000         7714.39404297        21985.19335937         2415.99438477 
        4946.42820201            0.50000000         7780.39404297        22155.19335937         2413.99438477 
        4946.97769696            0.50000000         7709.39404297        22042.19335937         2424.99438477 
        4947.46294777            0.50000000         7711.39404297        21980.19335937         2390.99438477 
        4948.04241437            0.50000000         7722.39404297        22128.19335937         2435.99438477 
        4948.46348759            0.50000000         7656.39404297        21963.19335937         2423.99438477 
        4949.00852239            0.50000000         7671.39404297        22007.19335937         2414.99438477 
        4949.46942710            0.50000000         7679.39404297        22044.19335937         2425.99438477 
        4949.97504359            0.50000000         7644.39404297        22007.19335937         2412.99438477 
        4950.43118686            0.50000000         7660.39404297        22031.19335937         2402.99438477 
        4951.00149541            0.50000000         7748.39404297        22317.19335937         2422.99438477 
        4951.47768926            0.50000000         7670.39404297        22131.19335937         2396.99438477 
        4952.06811044            0.50000000         7716.39404297        22244.19335937         2440.99438477 
        4952.47008195            0.50000000         7700.39404297        22210.19335937         2410.99438477 
        4953.01608359            0.50000000         7714.39404297        22288.19335937         2445.99438477 
        4953.47284074            0.50000000         7695.39404297        22290.19335937         2416.99438477 
        4953.98928596            0.50000000         7665.39404297        22244.19335937         2409.99438477 
        4954.43630488            0.50000000         7679.39404297        22248.19335937         2398.99438477 
        4955.00762425            0.50000000         7665.39404297        22227.19335937         2422.99438477 
        4955.47969254            0.50000000         7603.39404297        22108.19335937         2414.99438477 
        4956.06618817            0.50000000         7690.39404297        22382.19335937         2431.99438477 
        4956.47384243            0.50000000         7539.39404297        21983.19335937         2374.99438477 
        4957.03075711            0.50000000         7582.39404297        22051.19335937         2389.99438477 
        4957.48335116            0.50000000         7563.39404297        22064.19335937         2393.99438477 
        4958.02061316            0.50000000         7572.39404297        22121.19335937         2408.99438477 
        4958.43857174            0.50000000         7541.39404297        22042.19335937         2401.99438477 
        4959.01587944            0.50000000         7595.39404297        22185.19335937         2391.99438477 
        4959.48878414            0.50000000         7500.39404297        21990.19335937         2339.99438477 
        4960.07133929            0.50000000         7540.39404297        22102.19335937         2379.99438477 
        4960.47971509            0.50000000         7453.39404297        21877.19335937         2372.99438477 
        4961.02765187            0.50000000         7607.39404297        22347.19335937         2396.99438477 
        4961.48104517            0.50000000         7410.39404297        21817.19335937         2298.99438477 
        4962.01427201            0.50000000         7592.39404297        22359.19335937         2399.99438477 
        4962.44293777            0.50000000         7425.39404297        21890.19335937         2319.99438477 
        4963.02126652            0.50000000         7559.39404297        22302.19335937         2351.99438477 
        4963.48503319            0.50000000         7344.39404297        21677.19335937         2267.99438477 
        4964.08857053            0.50000000         7436.39404297        21974.19335937         2294.99438477 
        4964.47771280            0.50000000         7375.39404297        21814.19335937         2210.99438477 
        4965.02661666            0.50000000         7464.39404297        22132.19335937         2208.99438477 
        4965.47581862            0.50000000         7347.39404297        21795.19335937         2067.99438477 
        4966.01497839            0.50000000         7426.39404297        22000.19335937         1803.99438477 
        4966.42941972            0.50000000         7362.39404297        21849.19335937         1434.99438477 
        4967.01376077            0.50000000         7402.39404297        21929.19335937         1253.99438477 
        4967.47334829            0.50000000         7298.39404297        21648.19335937         1309.99438477 
        4968.07794749            0.50000000         7403.39404297        21860.19335937         1493.99438477 
        4968.46277628            0.50000000         7312.39404297        21474.19335937         1525.99438477 
        4969.02264369            0.50000000         7377.39404297        21521.19335937         1502.99438477 
        4969.46763678            0.50000000         7285.39404297        21243.19335937         1437.99438477 
        4970.00774550            0.50000000         7358.39404297        21236.19335937         1387.99438477 
        4970.42291635            0.50000000         7283.39404297        20619.19335937         1304.99438477 
        4971.00828608            0.50000000         7320.39404297        20333.19335937         1256.99438477 
        4971.46868275            0.50000000         7249.39404297        20118.19335937         1226.99438477 
        4972.07434652            0.50000000         7330.39404297        20613.19335937         1225.99438477 
        4972.45985297            0.50000000         7246.39404297        20721.19335937         1180.99438477 
        4973.01569815            0.50000000         7297.39404297        21148.19335937         1201.99438477 
        4973.46648323            0.50000000         7243.39404297        21020.19335937         1134.99438477 
        4974.00253293            0.50000000         7280.39404297        21075.19335937         1059.99438477 
        4974.41342293            0.50000000         7199.39404297        20806.19335937         1027.99438477 
        4975.00984661            0.50000000         7241.39404297        20909.19335937          964.99432373 
        4975.47105449            0.50000000         7177.39404297        20896.19335937          933.99432373 
        4976.06274067            0.50000000         7288.39404297        21128.19335937          929.99432373 
        4976.45393976            0.50000000         7147.39404297        20620.19335937          848.99432373 
        4977.01076217            0.50000000         7241.39404297        20568.19335937          814.99432373 
        4977.45732183            0.50000000         7131.39404297        19879.19335937          775.99432373 
        4977.98929377            0.50000000         7240.39404297        19869.19335937          769.99432373 
        4978.40592465            0.50000000         7113.39404297        19244.19335937          728.99432373 
        4978.98833176            0.50000000         7175.39404297        19112.19335937          706.99432373 
        4979.46039167            0.50000000         7114.39404297        18683.19335937          687.99432373 
        4980.05311609            0.50000000         7173.39404297        18354.19335937          678.99432373 
        4980.45002632            0.50000000         7070.39404297        17616.19335937          659.99432373 
        4981.00782722            0.50000000         7041.39404297        17092.19335937          628.99432373 
        4981.46019853            0.50000000         7077.39404297        16900.19335937          614.99432373 
        4981.98807863            0.50000000         7020.39404297        16399.19335937          581.99432373 
        4982.40544186            0.50000000         7034.39404297        16166.19433594          584.99432373 
        4982.98887282            0.50000000         7048.39404297        15857.19433594          567.99432373 
        4983.46176268            0.50000000         6969.39404297        15487.19433594          528.99432373 
        4984.03036657            0.50000000         7015.39404297        15349.19433594          539.99432373 
        4984.45817096            0.50000000         6996.39404297        15164.19433594          563.99432373 
        4984.99178073            0.50000000         6967.39404297        14878.19433594          555.99432373 
        4985.44997933            0.50000000         6950.39404297        14599.19433594          556.99432373 
        4985.96871086            0.50000000         6925.39404297        14280.19433594          549.99432373 
        4986.41199245            0.50000000         6968.39404297        14117.19433594          540.99432373 
        4986.98133271            0.50000000         6934.39404297        13813.19433594          544.99432373 
        4987.45505149            0.50000000         6887.39404297        13469.19433594          538.99432373 
        4988.03977627            0.50000000         6926.39404297        13232.19433594          556.99432373 
        4988.45824893            0.50000000         6874.39404297        12891.19433594          541.99432373 
        4988.98775204            0.50000000         6869.39404297        12634.19433594          523.99432373 
        4989.45179863            0.50000000         6798.39404297        12288.19433594          481.99432373 
        4989.95125854            0.50000000         6781.39404297        12138.19433594          505.99432373 
        4990.41045447            0.50000000         6789.39404297        12164.19433594          505.99432373 
        4990.97574553            0.50000000         6804.39404297        12385.19433594          504.99432373 
        4991.45029430            0.50000000         6733.39404297        12500.19433594          486.99432373 
        4992.00574260            0.50000000         6751.39404297        12907.19433594          512.99432373 
        4992.45019853            0.50000000         6706.39404297        13090.19433594          497.99432373 
        4992.98568077            0.50000000         6682.39404297        13364.19433594          513.99432373 
        4993.44548739            0.50000000         6741.39404297        13673.19433594          487.99432373 
        4993.93065845            0.50000000         6676.39404297        13733.19433594          485.99432373 
        4994.41593257            0.50000000         6742.39404297        13930.19433594          497.99432373 
        4994.95187582            0.50000000         6724.39404297        13998.19433594          509.99432373 
        4995.43230915            0.50000000         6673.39404297        13883.19433594          503.99432373 
        4995.98872657            0.50000000         6648.39404297        13877.19433594          496.99432373 
        4996.46937791            0.50000000         6702.39404297        13992.19433594          504.99432373 
        4996.96531364            0.50000000         6633.39404297        13805.19433594          495.99432373 
        4997.44617036            0.50000000         6607.39404297        13779.19433594          488.99432373 
        4997.91193854            0.50000000         6627.39404297        13778.19433594          488.99432373 
        4998.43857335            0.50000000         6565.39404297        13548.19433594          459.99432373 
        4998.94506736            0.50000000         6484.39404297        13287.19433594          463.99432373 
        4999.43647372            0.50000000         6606.39404297        13418.19433594          442.99432373 
        4999.98373080            0.50000000         6616.39404297        13286.19433594          455.99432373 
        5000.48549814            0.50000000         6589.39404297        13140.19433594          415.99432373 
        5000.95695558            0.50000000         6490.39404297        12829.19433594          425.99432373 
        5001.46400746            0.50000000         6588.39404297        12911.19433594          466.99432373 
        5001.92552231            0.50000000         6542.39404297        12795.19433594          438.99432373 
        5002.44800855            0.50000000         6535.39404297        12754.19433594          436.99432373 
        5002.91987043            0.50000000         6450.39404297        12604.19433594          440.99432373 
        5003.45781011            0.50000000         6508.39404297        12788.19433594          428.99432373 
        5003.97049288            0.50000000         6380.39404297        12630.19433594          422.99432373 
        5004.50360162            0.50000000         6450.39404297        12830.19433594          436.99432373 
        5004.94033552            0.50000000         6397.39404297        12873.19433594          419.99432373 
        5005.46859010            0.50000000         6459.39404297        13074.19433594          431.99432373 
        5005.91058895            0.50000000         6343.39404297        13004.19433594          434.99432373 
        5007.59808111            0.50000000         6337.39404297        13387.19433594          440.99432373 
        5009.40385331            0.50000000         6304.39404297        13699.19433594          461.99432373 
        5011.20086323            0.50000000         6166.39404297        13708.19433594          439.99432373 
        5013.02476533            0.50000000         6124.39404297        13864.19433594          445.99432373 
        5014.83481572            0.50000000         6061.39404297        13943.19433594          444.99432373 
        5016.80965250            0.50000000         6022.39404297        14021.19433594          442.99432373 
        5018.75042204            0.50000000         5951.39404297        13929.19433594          460.99432373 
        5020.78999541            0.50000000         5937.39404297        14035.19433594          451.99432373 
        5022.78019484            0.50000000         5899.39404297        14041.19433594          451.99432373 
        5024.87457660            0.50000000         5787.39404297        13914.19433594          428.99432373 
        5026.91446147            0.50000000         5769.39404297        13920.19433594          443.99432373 
        5029.05880037            0.50000000         5636.39404297        13617.19433594          417.99432373 
        5031.19999976            0.50000000         5655.39404297        13650.19433594          418.99432373 
        5033.46659965            0.50000000         5622.39404297        13616.19433594          381.99432373 
        5035.74057651            0.50000000         5507.39404297        13314.19433594          371.99432373 
        5038.01164406            0.50000000         5464.39404297        13221.19433594          370.99432373 
        5040.26947548            0.50000000         5366.39404297        12962.19433594          346.99432373 
        5042.64825482            0.50000000         5366.39404297        12944.19433594          343.99432373 
        5045.12251101            0.50000000         5327.39404297        12923.19433594          343.99432373 
        5047.45455623            0.50000000         5222.39404297        12778.19433594          334.99432373 
        5049.98575141            0.50000000         5232.39404297        12904.19433594          351.99432373 
        5052.43676187            0.50000000         5085.39404297        12706.19433594          363.99432373 
        5054.96303029            0.50000000         5088.39404297        12752.19433594          343.99432373 
        5057.58558288            0.50000000         5017.39404297        12636.19433594          356.99432373 
        5060.17469022            0.50000000         4941.39404297        12466.19433594          365.99432373 
        5062.80314330            0.50000000         4851.39404297        12362.19433594          341.99432373 
        5065.57534886            0.50000000         4812.39404297        12283.19433594          358.99432373 
        5068.27256280            0.50000000         4758.39404297        12327.19433594          350.99432373 
        5071.07220752            0.50000000         4589.39404297        12051.19433594          346.99432373 
        5073.96418151            0.50000000         4641.39404297        12221.19433594          345.99432373 
        5076.78640166            0.50000000         4519.39404297        12102.19433594          333.99432373 
        5079.67499175            0.50000000         4355.39404297        11774.19433594          324.99432373 
        5082.72473631            0.50000000         4338.39404297        11902.19433594          305.99432373 
        5085.73113767            0.50000000         4242.39404297        11762.19433594          299.99432373 
        5088.71508442            0.50000000         4221.39404297        11753.19433594          293.99432373 
        5091.84521627            0.50000000         4129.39404297        11663.19433594          267.99432373 
        5094.96898338            0.50000000         4025.39404297        11566.19433594          281.99432373 
        5098.06520289            0.50000000         3978.39404297        11529.19433594          277.99432373 
        5101.24493511            0.50000000         3903.39404297        11469.19433594          271.99432373 
        5104.51381344            0.50000000         3812.39404297        11354.19433594          298.99432373 
        5107.78725428            0.50000000         3750.39404297        11295.19433594          301.99432373 
        5111.07058345            0.50000000         3736.39404297        11329.19433594          308.99432373 
        5114.39577678            0.50000000         3671.39404297        11204.19433594          300.99432373 
        5117.77899722            0.50000000         3585.39404297        11107.19433594          295.99432373 
        5121.17776897            0.50000000         3490.39404297        10972.19433594          274.99432373 
        5124.60284295            0.50000000         3404.39404297        10717.19433594          281.99432373 
        5128.08109834            0.50000000         3443.39404297        10979.19433594          287.99432373 
        5131.61275934            0.50000000         3321.39404297        10626.19433594          281.99432373 
        5135.13897069            0.50000000         3253.39404297        10598.19433594          279.99432373 
        5138.71886720            0.50000000         3201.39404297        10468.19433594          261.99432373 
        5142.42272008            0.50000000         3166.39404297        10424.19433594          272.99432373 
        5145.97589628            0.50000000         3011.39404297        10153.19433594          272.99432373 
        5149.69653553            0.50000000         2982.39404297        10111.19433594          254.99432373 
        5153.42302496            0.50000000         2923.39404297        10004.19433594          248.99432373 
        5157.17164198            0.50000000         2839.39404297         9933.19433594          242.99432373 
        5161.02935832            0.50000000         2792.39404297         9826.19433594          246.99432373 
        5164.84439729            0.50000000         2684.39404297         9649.19433594          243.99432373 
        5168.74728178            0.50000000         2709.39404297         9818.19433594          242.99432373 
        5172.69477363            0.50000000         2609.39404297         9534.19433594          248.99432373 
        5176.53950083            0.50000000         2525.39404297         9381.19433594          258.99432373 
        5180.54920250            0.50000000         2032.39404297         7668.19433594          208.99432373 
        5184.53823127            0.50000000         2429.39404297         9190.19433594          248.99432373 
        5188.53393181            0.50000000         2338.39404297         9043.19433594          246.99432373 
        5192.69589494            0.50000000         2255.39404297         8757.19433594          242.99432373 
        5196.82100953            0.50000000         2162.39404297         8490.19433594          223.99432373 
        5200.93115240            0.50000000         2070.39404297         8232.19433594          246.99432373 
        5205.14238426            0.50000000         1956.39404297         7878.19433594          221.99432373 
        5208.92330839            0.50000000         1824.39404297         7365.19433594          202.99432373 
