# 1-D Scan File created by LabVIEW Control Panel  12/6/2011  3:57:12 AM; Scan time 0 hrs 4 min 29 sec. 
#
# Beamline 20 BM
#
# Scan config: 
#                 E0: 4966.00 eV   223 points
#        Scan bounds:  -100.00 -30.00 40.00 243.35 (7.99 (k))
#       Scan step(s):  5.00 0.50 0.07
#  Integration times:  0.50 0.50 0.50    kwgt in EXAFS region: 0.0 
#
# User Comment:
# 50oC
#
#
# Amplifier Sensitivities:
# Preslit: 20 nA/V  I0: 20 nA/V  I: 100 pA/V  IREF: 50 pA/V  
#
# Analog Input Voltages at start/end of scan:
# Preslit: 0.033/0.032  I0: 0.402/0.215  Ignore: 0.011/0.005  I: 0.736/0.440  IREF: 0.211/0.133  
#
# Mono Info:
# 
#
# ID Info:
# 
#
# Slit Info:
# Kappa S1:  Center is at -542 (H), 500 (V)   Size is 8000 wide x 2000 high
# Vacuum Slits:  Center is at 850 (H), -25 (V)   Size is 899 wide x 1000 high
#
# Motor Positions:
# SMV (20bm:m29): -37594.243125 SMH (20bm:m30): 4802.187500 
#
# Detector Names/PVs:
# I0/20bm:scaler1_netA.C  I/20bm:scaler1_netA.E  IREF/20bm:scaler1_netA.F  
#
# Positioner names/Drive PVs/Readback PVs:
# Mono Energy */20bm:monoE.VAL/20bm:EnctoE.VAL  Scaler preset time */20bm:scaler1.TP/  
# Here is a readable list of column headings:
#  1) Mono Energy *        
#  2) Scaler preset time * 
#  3) I0                   
#  4) I                    
#  5) IREF                 
#
# Column Headings:
#Mono Energy *        Scaler preset time * I0                   I                    IREF                 
        4865.39136160            0.50000000        15288.39355469        31737.19335937         4341.99414062 
        4870.45241530            0.50000000        15081.39355469        31473.19335937         4246.99414062 
        4875.46271053            0.50000000        14978.39355469        31592.19335937         4171.99414062 
        4880.54201781            0.50000000        14815.39355469        31608.19335937         4108.99414062 
        4885.58960585            0.50000000        14628.39355469        31490.19335937         3973.99438477 
        4890.57142068            0.50000000        14528.39355469        31522.19335937         3917.99438477 
        4895.65634219            0.50000000        14402.39355469        31598.19335937         3911.99438477 
        4900.76743286            0.50000000        14265.39355469        31573.19335937         3806.99438477 
        4905.79788426            0.50000000        14156.39355469        31548.19335937         3806.99438477 
        4910.81044561            0.50000000        14031.39355469        31718.19335937         3748.99438477 
        4915.81960583            0.50000000        13772.39355469        31501.19335937         3660.99438477 
        4920.85466623            0.50000000        13793.39355469        31924.19335937         3682.99438477 
        4925.88142801            0.50000000        13662.39355469        31916.19335937         3635.99438477 
        4930.88996442            0.50000000        13556.39355469        32040.19335937         3621.99438477 
        4935.96879711            0.50000000        13419.39355469        32029.19335937         3562.99438477 
        4936.47632534            0.50000000        13563.39355469        32621.19335937         3628.99438477 
        4936.94453528            0.50000000        13537.39355469        32514.19335937         3642.99438477 
        4937.43749298            0.50000000        13480.39355469        32374.19335937         3587.99438477 
        4937.92069616            0.50000000        13369.39355469        32245.19335937         3614.99438477 
        4938.43359654            0.50000000        13441.39355469        32340.19335937         3613.99438477 
        4938.94661366            0.50000000        13447.39355469        32345.19335937         3616.99438477 
        4939.44494397            0.50000000        13387.39355469        32411.19335937         3591.99438477 
        4939.98780527            0.50000000        13385.39355469        32309.19335937         3600.99438477 
        4940.47155546            0.50000000        13373.39355469        32370.19335937         3587.99438477 
        4940.97516077            0.50000000        13371.39355469        32453.19335937         3584.99438477 
        4941.44430609            0.50000000        13291.39355469        32294.19335937         3588.99438477 
        4941.94812866            0.50000000        13303.39355469        32370.19335937         3562.99438477 
        4942.43229949            0.50000000        13398.39355469        32579.19335937         3586.99438477 
        4942.97093809            0.50000000        13276.39355469        32391.19335937         3556.99438477 
        4943.46027175            0.50000000        13266.39355469        32367.19335937         3549.99438477 
        4944.02387833            0.50000000        13312.39355469        32504.19335937         3584.99438477 
        4944.47387584            0.50000000        13217.39355469        32356.19335937         3577.99438477 
        4944.99816189            0.50000000        13216.39355469        32352.19335937         3542.99438477 
        4945.46814437            0.50000000        13113.39355469        32200.19335937         3502.99438477 
        4945.96296847            0.50000000        13120.39355469        32164.19335937         3524.99438477 
        4946.43315182            0.50000000        13205.39355469        32281.19335937         3560.99438477 
        4946.99255003            0.50000000        13182.39355469        32480.19335937         3556.99438477 
        4947.47285194            0.50000000        13148.39355469        32372.19335937         3583.99438477 
        4948.05232107            0.50000000        13144.39355469        32441.19335937         3581.99438477 
        4948.47835043            0.50000000        13098.39355469        32350.19335937         3537.99438477 
        4949.01347785            0.50000000        13059.39355469        32335.19335937         3556.99438477 
        4949.47934006            0.50000000        13100.39355469        32510.19335937         3556.99438477 
        4949.98495877            0.50000000        13067.39355469        32427.19335937         3544.99438477 
        4950.44110404            0.50000000        13077.39355469        32439.19335937         3563.99438477 
        4951.01141509            0.50000000        13140.39355469        32623.19335937         3595.99438477 
        4951.47768926            0.50000000        13072.39355469        32495.19335937         3562.99438477 
        4952.07307262            0.50000000        13123.39355469        32613.19335937         3577.99438477 
        4952.47504501            0.50000000        13101.39355469        32656.19335937         3562.99438477 
        4953.02104785            0.50000000        13045.39355469        32482.19335937         3523.99438477 
        4953.48277126            0.50000000        13106.39355469        32720.19335937         3575.99438477 
        4953.98928596            0.50000000        13021.39355469        32665.19335937         3553.99438477 
        4954.44127225            0.50000000        12999.39355469        32551.19335937         3557.99438477 
        4955.01259288            0.50000000        13054.39355469        32753.19335937         3579.99438477 
        4955.48466220            0.50000000        12950.39355469        32600.19335937         3536.99438477 
        4956.07613008            0.50000000        13039.39355469        32848.19531250         3573.99438477 
        4956.48378613            0.50000000        12857.39355469        32489.19335937         3499.99438477 
        4957.03573018            0.50000000        12963.39355469        32692.19335937         3509.99438477 
        4957.48832523            0.50000000        12940.39355469        32579.19335937         3525.99438477 
        4958.01563793            0.50000000        12907.39355469        32604.19335937         3515.99438477 
        4958.44354790            0.50000000        12933.39355469        32676.19335937         3533.99438477 
        4959.02085687            0.50000000        12932.39355469        32778.19531250         3524.99438477 
        4959.48380568            0.50000000        12871.39355469        32650.19335937         3521.99438477 
        4960.07133929            0.50000000        12905.39355469        32847.19531250         3511.99438477 
        4960.48469573            0.50000000        12790.39355469        32482.19335937         3500.99438477 
        4961.02765187            0.50000000        12982.39355469        32974.19531250         3520.99438477 
        4961.48104517            0.50000000        12732.39355469        32465.19335937         3447.99438477 
        4962.00928800            0.50000000        12926.39355469        32946.19531250         3504.99438477 
        4962.43795282            0.50000000        12705.39355469        32445.19335937         3413.99438477 
        4963.02126652            0.50000000        12924.39355469        32980.19531250         3474.99438477 
        4963.48503319            0.50000000        12662.39355469        32419.19335937         3406.99438477 
        4964.08857053            0.50000000        12766.39355469        32713.19335937         3389.99438477 
        4964.47272338            0.50000000        12670.39355469        32560.19335937         3317.99438477 
        4965.02661666            0.50000000        12755.39355469        32731.19335937         3247.99438477 
        4965.47082700            0.50000000        12673.39355469        32623.19335937         3079.99438477 
        4966.00998558            0.50000000        12743.39355469        32757.19335937         2671.99438477 
        4966.42941972            0.50000000        12640.39355469        32592.19335937         2166.99438477 
        4967.01376077            0.50000000        12733.39355469        32681.19335937         1830.99438477 
        4967.46835228            0.50000000        12583.39355469        32381.19335937         1916.99438477 
        4968.07295014            0.50000000        12676.39355469        32478.19335937         2188.99438477 
        4968.45777808            0.50000000        12576.39355469        32139.19335937         2291.99438477 
        4969.01264485            0.50000000        12633.39355469        32153.19335937         2295.99438477 
        4969.46263637            0.50000000        12546.39355469        31876.19335937         2166.99438477 
        4970.00274391            0.50000000        12606.39355469        31809.19335937         2055.99438477 
        4970.41791384            0.50000000        12552.39355469        31594.19335937         1946.99438477 
        4971.00828608            0.50000000        12608.39355469        31502.19335937         1880.99438477 
        4971.47368758            0.50000000        12525.39355469        31523.19335937         1835.99438477 
        4972.06934037            0.50000000        12598.39355469        31793.19335937         1869.99438477 
        4972.45985297            0.50000000        12523.39355469        31770.19335937         1798.99438477 
        4973.01068993            0.50000000        12549.39355469        31818.19335937         1741.99438477 
        4973.46147401            0.50000000        12492.39355469        31697.19335937         1678.99438477 
        4973.99752254            0.50000000        12539.39355469        31471.19335937         1564.99438477 
        4974.41342293            0.50000000        12538.39355469        31190.19335937         1499.99438477 
        4975.00483399            0.50000000        12540.39355469        30549.19335937         1410.99438477 
        4975.46102724            0.50000000        12486.39355469        29878.19335937         1336.99438477 
        4976.05772573            0.50000000        12658.39355469        29629.19335937         1277.99438477 
        4976.44892396            0.50000000        12430.39355469        28676.19335937         1204.99438477 
        4977.00072813            0.50000000        12624.39355469        28711.19335937         1178.99438477 
        4977.45732183            0.50000000        12437.39355469        27993.19335937         1109.99438477 
        4977.98929377            0.50000000        12592.39355469        28030.19335937         1093.99438477 
        4978.40592465            0.50000000        12413.39355469        27473.19335937         1017.99432373 
        4978.99335316            0.50000000        12536.39355469        27535.19335937         1015.99432373 
        4979.46541411            0.50000000        12475.39355469        27237.19335937          993.99432373 
        4980.05813984            0.50000000        12539.39355469        27061.19335937          978.99432373 
        4980.45505094            0.50000000        12424.39355469        26542.19335937          910.99432373 
        4981.01285307            0.50000000        12346.39355469        26026.19335937          908.99432373 
        4981.46522538            0.50000000        12430.39355469        25833.19335937          879.99432373 
        4981.98807863            0.50000000        12338.39355469        25048.19335937          854.99432373 
        4982.40544186            0.50000000        12367.39355469        24598.19335937          852.99432373 
        4982.98887282            0.50000000        12387.39355469        23773.19335937          817.99432373 
        4983.46176268            0.50000000        12287.39355469        22920.19335937          797.99432373 
        4984.03539909            0.50000000        12329.39355469        22086.19335937          809.99432373 
        4984.45313750            0.50000000        12314.39355469        21327.19335937          775.99432373 
        4984.99178073            0.50000000        12321.39355469        20657.19335937          784.99432373 
        4985.44997933            0.50000000        12307.39355469        20112.19335937          745.99432373 
        4985.96367406            0.50000000        12237.39355469        19510.19335937          733.99432373 
        4986.41199245            0.50000000        12317.39355469        19328.19335937          775.99432373 
        4986.98637175            0.50000000        12246.39355469        18978.19335937          741.99432373 
        4987.45505149            0.50000000        12217.39355469        18866.19335937          736.99432373 
        4988.04481765            0.50000000        12264.39355469        18891.19335937          769.99432373 
        4988.45824893            0.50000000        12142.39355469        18839.19335937          742.99432373 
        4988.99279551            0.50000000        12225.39355469        19173.19335937          744.99432373 
        4989.45684313            0.50000000        12102.39355469        19258.19335937          741.99432373 
        4989.96134976            0.50000000        12089.39355469        19593.19335937          742.99432373 
        4990.41045447            0.50000000        12132.39355469        20093.19335937          756.99432373 
        4990.98079340            0.50000000        12088.39355469        20400.19335937          779.99432373 
        4991.45029430            0.50000000        12027.39355469        20717.19335937          747.99432373 
        4992.01079275            0.50000000        12046.39355469        21186.19335937          771.99432373 
        4992.45019853            0.50000000        11997.39355469        21405.19335937          754.99432373 
        4992.98568077            0.50000000        12001.39355469        21715.19335937          769.99432373 
        4993.45054073            0.50000000        12069.39355469        21974.19335937          801.99432373 
        4993.93571286            0.50000000        11953.39355469        21858.19335937          770.99432373 
        4994.42098805            0.50000000        11997.39355469        22008.19335937          765.99432373 
        4994.95187582            0.50000000        12025.39355469        22055.19335937          768.99432373 
        4995.44242462            0.50000000        11963.39355469        21935.19335937          778.99432373 
        4995.98872657            0.50000000        11860.39355469        21666.19335937          746.99432373 
        4996.46937791            0.50000000        11981.39355469        21790.19335937          761.99432373 
        4996.97037476            0.50000000        11913.39355469        21519.19335937          736.99432373 
        4997.44617036            0.50000000        11793.39355469        21212.19335937          717.99432373 
        4997.91700176            0.50000000        11896.39355469        21195.19335937          727.99432373 
        4998.43857335            0.50000000        11829.39355469        20880.19335937          733.99432373 
        4998.95013286            0.50000000        11739.39355469        20534.19335937          681.99432373 
        4999.44660692            0.50000000        11842.39355469        20548.19335937          696.99432373 
        4999.98879861            0.50000000        11907.39355469        20498.19335937          694.99432373 
        5000.48549814            0.50000000        11801.39355469        20341.19335937          688.99432373 
        5000.96709552            0.50000000        11748.39355469        20186.19335937          659.99432373 
        5001.46400746            0.50000000        11868.39355469        20337.19335937          674.99432373 
        5001.92045021            0.50000000        11784.39355469        20331.19335937          665.99432373 
        5002.44800855            0.50000000        11769.39355469        20371.19335937          664.99432373 
        5002.91987043            0.50000000        11676.39355469        20335.19335937          636.99432373 
        5003.45781011            0.50000000        11789.39355469        20742.19335937          649.99432373 
        5003.96541625            0.50000000        11586.39355469        20558.19335937          638.99432373 
        5004.49852381            0.50000000        11667.39355469        20935.19335937          658.99432373 
        5004.93525674            0.50000000        11574.39355469        21007.19335937          642.99432373 
        5005.46351015            0.50000000        11720.39355469        21475.19335937          670.99432373 
        5005.91058895            0.50000000        11583.39355469        21497.19335937          650.99432373 
        5007.58791178            0.50000000        11527.39355469        22233.19335937          669.99432373 
        5009.39367596            0.50000000        11504.39355469        22775.19335937          694.99432373 
        5011.19577056            0.50000000        11324.39355469        22831.19335937          690.99432373 
        5013.01966861            0.50000000        11238.39355469        22818.19335937          721.99432373 
        5014.83481572            0.50000000        11143.39355469        22645.19335937          716.99432373 
        5016.81475764            0.50000000        11107.39355469        22614.19335937          711.99432373 
        5018.75042204            0.50000000        11030.39355469        22640.19335937          712.99432373 
        5020.78999541            0.50000000        10982.39355469        22771.19335937          717.99432373 
        5022.77507644            0.50000000        10946.39355469        22962.19335937          687.99432373 
        5024.86945353            0.50000000        10776.39355469        22843.19335937          692.99432373 
        5026.91446147            0.50000000        10764.39355469        22898.19335937          693.99432373 
        5029.05366799            0.50000000        10594.39355469        22514.19335937          664.99432373 
        5031.18972547            0.50000000        10640.39355469        22587.19335937          646.99432373 
        5033.45631525            0.50000000        10581.39355469        22406.19335937          626.99432373 
        5035.73542923            0.50000000        10493.39355469        21937.19335937          617.99432373 
        5038.00649172            0.50000000        10432.39355469        21648.19335937          594.99432373 
        5040.25916073            0.50000000        10263.39355469        21204.19335937          561.99432373 
        5042.64309213            0.50000000        10260.39355469        21203.19335937          571.99432373 
        5045.10700638            0.50000000        10123.39355469        21124.19335937          555.99432373 
        5047.44420937            0.50000000        10052.39355469        21264.19335937          572.99432373 
        5049.97021416            0.50000000        10033.39355469        21406.19335937          587.99432373 
        5052.42120817            0.50000000         9791.39355469        21030.19335937          569.99432373 
        5054.93188907            0.50000000         9756.39355469        21109.19335937          587.99432373 
        5057.56479853            0.50000000         9628.39355469        21070.19335937          611.99432373 
        5060.14868081            0.50000000         9564.39355469        21130.19335937          614.99432373 
        5062.77710442            0.50000000         9428.39355469        21094.19335937          604.99432373 
        5065.54406493            0.50000000         9341.39355469        20984.19335937          594.99432373 
        5068.23602256            0.50000000         9218.39355469        21004.19335937          607.99432373 
        5071.05652849            0.50000000         8967.39355469        20626.19335937          603.99432373 
        5073.94848299            0.50000000         9071.39355469        21042.19335937          617.99432373 
        5076.77068411            0.50000000         8931.39355469        20959.19335937          601.99432373 
        5079.65925470            0.50000000         8660.39355469        20508.19335937          568.99432373 
        5082.70372616            0.50000000         8639.39355469        20788.19335937          544.99432373 
        5085.71535973            0.50000000         8502.39355469        20674.19335937          516.99432373 
        5088.69928631            0.50000000         8541.39355469        20837.19335937          523.99432373 
        5091.82412392            0.50000000         8386.39355469        20715.19335937          490.99432373 
        5094.94786284            0.50000000         8214.39355469        20530.19335937          494.99432373 
        5098.04934150            0.50000000         8203.39355469        20672.19335937          502.99432373 
        5101.22905218            0.50000000         8080.39404297        20668.19335937          500.99432373 
        5104.49790835            0.50000000         7964.39404297        20643.19335937          555.99432373 
        5107.78194517            0.50000000         7853.39404297        20581.19335937          553.99432373 
        5111.06526691            0.50000000         7855.39404297        20711.19335937          550.99432373 
        5114.39577678            0.50000000         7814.39404297        20685.19335937          535.99432373 
        5117.77366549            0.50000000         7614.39404297        20450.19335937          541.99432373 
        5121.18310842            0.50000000         7449.39404297        20225.19335937          539.99432373 
        5124.60284295            0.50000000         7292.39404297        19801.19335937          533.99432373 
        5128.08109834            0.50000000         7410.39404297        20329.19335937          537.99432373 
        5131.61275934            0.50000000         7219.39404297        20028.19335937          535.99432373 
        5135.13897069            0.50000000         7065.39404297        19934.19335937          522.99432373 
        5138.71886720            0.50000000         6964.39404297        19730.19335937          534.99432373 
        5142.42272008            0.50000000         6914.39404297        19794.19335937          518.99432373 
        5145.98668794            0.50000000         6684.39404297        19518.19335937          490.99432373 
        5149.69653553            0.50000000         6534.39404297        19259.19335937          482.99432373 
        5153.42843777            0.50000000         6504.39404297        19309.19335937          488.99432373 
        5157.17164198            0.50000000         6352.39404297        19168.19335937          489.99432373 
        5161.04021868            0.50000000         6210.39404297        19041.19335937          484.99432373 
        5164.84983618            0.50000000         6034.39404297        18767.19335937          489.99432373 
        5168.74728178            0.50000000         5978.39404297        18914.19335937          491.99432373 
        5172.69477363            0.50000000         5800.39404297        18493.19335937          501.99432373 
        5176.53950083            0.50000000         5617.39404297        18237.19335937          478.99432373 
        5180.55467736            0.50000000         4550.39404297        15024.19433594          427.99432373 
        5184.54371529            0.50000000         5530.39404297        18304.19335937          498.99432373 
        5188.53393181            0.50000000         5349.39404297        18038.19335937          485.99432373 
        5192.70139770            0.50000000         5171.39404297        17619.19335937          496.99432373 
        5196.82652178            0.50000000         4953.39404297        17092.19335937          478.99432373 
        5200.94219583            0.50000000         4819.39404297        16785.19335937          478.99432373 
        5205.14791567            0.50000000         4600.39404297        16215.19433594          463.99432373 
        5208.92884851            0.50000000         4326.39404297        15319.19433594          412.99432373 
