# 1-D Scan File created by LabVIEW Control Panel  12/6/2011  7:13:03 AM; Scan time 0 hrs 4 min 28 sec. 
#
# Beamline 20 BM
#
# Scan config: 
#                 E0: 4966.00 eV   223 points
#        Scan bounds:  -100.00 -30.00 40.00 243.35 (7.99 (k))
#       Scan step(s):  5.00 0.50 0.07
#  Integration times:  0.50 0.50 0.50    kwgt in EXAFS region: 0.0 
#
# User Comment:
# 50oC
#
#
# Amplifier Sensitivities:
# Preslit: 20 nA/V  I0: 20 nA/V  I: 100 pA/V  IREF: 50 pA/V  
#
# Analog Input Voltages at start/end of scan:
# Preslit: 0.034/0.032  I0: 0.296/0.159  Ignore: 0.008/0.005  I: 0.595/0.285  IREF: 0.197/0.129  
#
# Mono Info:
# 
#
# ID Info:
# 
#
# Slit Info:
# Kappa S1:  Center is at -542 (H), 500 (V)   Size is 8000 wide x 2000 high
# Vacuum Slits:  Center is at 850 (H), -25 (V)   Size is 899 wide x 1000 high
#
# Motor Positions:
# SMV (20bm:m29): -37594.243125 SMH (20bm:m30): 4802.187500 
#
# Detector Names/PVs:
# I0/20bm:scaler1_netA.C  I/20bm:scaler1_netA.E  IREF/20bm:scaler1_netA.F  
#
# Positioner names/Drive PVs/Readback PVs:
# Mono Energy */20bm:monoE.VAL/20bm:EnctoE.VAL  Scaler preset time */20bm:scaler1.TP/  
# Here is a readable list of column headings:
#  1) Mono Energy *        
#  2) Scaler preset time * 
#  3) I0                   
#  4) I                    
#  5) IREF                 
#
# Column Headings:
#Mono Energy *        Scaler preset time * I0                   I                    IREF                 
        4865.38658797            0.50000000        10008.39355469        24653.19335937         3433.99438477 
        4870.45719986            0.50000000         9778.39355469        24105.19335937         3314.99438477 
        4875.46750590            0.50000000         9637.39355469        24042.19335937         3278.99438477 
        4880.54201781            0.50000000         9493.39355469        23839.19335937         3145.99438477 
        4885.59442313            0.50000000         9323.39355469        23646.19335937         3067.99438477 
        4890.58590492            0.50000000         9203.39355469        23498.19335937         3022.99438477 
        4895.66602039            0.50000000         9081.39355469        23374.19335937         2954.99438477 
        4900.77228306            0.50000000         8956.39355469        23252.19335937         2882.99438477 
        4905.80274538            0.50000000         8830.39355469        23077.19335937         2812.99438477 
        4910.80070159            0.50000000         8738.39355469        23123.19335937         2818.99438477 
        4915.82448876            0.50000000         8491.39355469        22679.19335937         2665.99438477 
        4920.84487846            0.50000000         8462.39355469        22766.19335937         2681.99438477 
        4925.87652315            0.50000000         8317.39355469        22598.19335937         2643.99438477 
        4930.88996442            0.50000000         8206.39355469        22556.19335937         2599.99438477 
        4935.95401645            0.50000000         8068.39404297        22441.19335937         2551.99438477 
        4936.47139734            0.50000000         8153.39404297        22751.19335937         2579.99438477 
        4936.93467723            0.50000000         8164.39404297        22798.19335937         2593.99438477 
        4937.43256287            0.50000000         8152.39404297        22742.19335937         2599.99438477 
        4937.91576500            0.50000000         8079.39404297        22614.19335937         2566.99438477 
        4938.42866425            0.50000000         8125.39404297        22700.19335937         2571.99438477 
        4938.93674684            0.50000000         8103.39404297        22649.19335937         2569.99438477 
        4939.43507497            0.50000000         8062.39404297        22614.19335937         2569.99438477 
        4939.98286958            0.50000000         8065.39404297        22577.19335937         2570.99438477 
        4940.46661871            0.50000000         8085.39404297        22746.19335937         2564.99438477 
        4940.96528508            0.50000000         8048.39404297        22687.19335937         2550.99438477 
        4941.43936721            0.50000000         7964.39404297        22422.19335937         2532.99438477 
        4941.93824871            0.50000000         7984.39404297        22548.19335937         2543.99438477 
        4942.42735845            0.50000000         8083.39404297        22770.19335937         2561.99438477 
        4942.96599587            0.50000000         8000.39404297        22626.19335937         2563.99438477 
        4943.45038517            0.50000000         8001.39404297        22573.19335937         2529.99438477 
        4944.00904478            0.50000000         8034.39404297        22692.19335937         2571.99438477 
        4944.46398482            0.50000000         7959.39404297        22585.19335937         2540.99438477 
        4944.99321522            0.50000000         7953.39404297        22518.19335937         2540.99438477 
        4945.45824899            0.50000000         7889.39404297        22397.19335937         2507.99438477 
        4945.95801969            0.50000000         7898.39404297        22446.19335937         2515.99438477 
        4946.42820201            0.50000000         7968.39404297        22528.19335937         2529.99438477 
        4946.98264797            0.50000000         7901.39404297        22463.19335937         2509.99438477 
        4947.46789985            0.50000000         7924.39404297        22542.19335937         2518.99438477 
        4948.04736771            0.50000000         7914.39404297        22611.19335937         2524.99438477 
        4948.46348759            0.50000000         7864.39404297        22486.19335937         2518.99438477 
        4949.00852239            0.50000000         7846.39404297        22434.19335937         2512.99438477 
        4949.46942710            0.50000000         7901.39404297        22654.19335937         2552.99438477 
        4949.98000117            0.50000000         7879.39404297        22630.19335937         2512.99438477 
        4950.43118686            0.50000000         7833.39404297        22455.19335937         2513.99438477 
        4951.00645525            0.50000000         7921.39404297        22774.19335937         2541.99438477 
        4951.47768926            0.50000000         7830.39404297        22516.19335937         2513.99438477 
        4952.07307262            0.50000000         7903.39404297        22713.19335937         2544.99438477 
        4952.47008195            0.50000000         7897.39404297        22770.19335937         2524.99438477 
        4953.02104785            0.50000000         7864.39404297        22648.19335937         2532.99438477 
        4953.46787549            0.50000000         7893.39404297        22753.19335937         2532.99438477 
        4953.98928596            0.50000000         7808.39404297        22574.19335937         2494.99438477 
        4954.43630488            0.50000000         7863.39404297        22749.19335937         2521.99438477 
        4955.01259288            0.50000000         7881.39404297        22811.19335937         2525.99438477 
        4955.47969254            0.50000000         7794.39404297        22623.19335937         2453.99438477 
        4956.07115912            0.50000000         7878.39404297        22900.19335937         2512.99438477 
        4956.48378613            0.50000000         7721.39404297        22449.19335937         2441.99438477 
        4957.03573018            0.50000000         7744.39404297        22480.19335937         2453.99438477 
        4957.48832523            0.50000000         7773.39404297        22610.19335937         2506.99438477 
        4958.02061316            0.50000000         7736.39404297        22524.19335937         2461.99438477 
        4958.44852407            0.50000000         7732.39404297        22515.19335937         2445.99438477 
        4959.02085687            0.50000000         7769.39404297        22730.19335937         2478.99438477 
        4959.48878414            0.50000000         7668.39404297        22434.19335937         2428.99438477 
        4960.07631904            0.50000000         7722.39404297        22624.19335937         2444.99438477 
        4960.48967639            0.50000000         7649.39404297        22382.19335937         2420.99438477 
        4961.03263372            0.50000000         7808.39404297        22876.19335937         2461.99438477 
        4961.48602802            0.50000000         7615.39404297        22355.19335937         2384.99438477 
        4962.02424006            0.50000000         7805.39404297        22898.19335937         2479.99438477 
        4962.44293777            0.50000000         7578.39404297        22280.19335937         2393.99438477 
        4963.02126652            0.50000000         7800.39404297        22940.19335937         2471.99438477 
        4963.49002044            0.50000000         7566.39404297        22282.19335937         2356.99438477 
        4964.09355911            0.50000000         7663.39404297        22578.19335937         2378.99438477 
        4964.47771280            0.50000000         7576.39404297        22369.19335937         2320.99438477 
        4965.03160731            0.50000000         7641.39404297        22535.19335937         2244.99438477 
        4965.47581862            0.50000000         7556.39404297        22334.19335937         2168.99438477 
        4966.01997121            0.50000000         7626.39404297        22526.19335937         1894.99438477 
        4966.42941972            0.50000000         7576.39404297        22490.19335937         1533.99438477 
        4967.01376077            0.50000000         7634.39404297        22546.19335937         1296.99438477 
        4967.48334036            0.50000000         7555.39404297        22359.19335937         1381.99438477 
        4968.07794749            0.50000000         7610.39404297        22375.19335937         1553.99438477 
        4968.46277628            0.50000000         7518.39404297        22028.19335937         1576.99438477 
        4969.01764427            0.50000000         7594.39404297        22044.19335937         1595.99438477 
        4969.46763678            0.50000000         7497.39404297        21822.19335937         1511.99438477 
        4970.00274391            0.50000000         7535.39404297        21711.19335937         1443.99438477 
        4970.41791384            0.50000000         7472.39404297        21073.19335937         1348.99438477 
        4971.00828608            0.50000000         7536.39404297        20795.19335937         1304.99438477 
        4971.47368758            0.50000000         7459.39404297        20687.19335937         1266.99438477 
        4972.07434652            0.50000000         7508.39404297        21070.19335937         1259.99438477 
        4972.46485998            0.50000000         7442.39404297        21180.19335937         1260.99438477 
        4973.02070638            0.50000000         7483.39404297        21642.19335937         1230.99438477 
        4973.47149245            0.50000000         7413.39404297        21454.19335937         1174.99438477 
        4974.00253293            0.50000000         7473.39404297        21549.19335937         1103.99438477 
        4974.42344557            0.50000000         7403.39404297        21370.19335937         1040.99438477 
        4975.00984661            0.50000000         7450.39404297        21486.19335937          998.99432373 
        4975.46604086            0.50000000         7366.39404297        21289.19335937          960.99432373 
        4976.06274067            0.50000000         7499.39404297        21646.19335937          947.99432373 
        4976.45393976            0.50000000         7347.39404297        21083.19335937          899.99432373 
        4977.01076217            0.50000000         7486.39404297        21165.19335937          875.99432373 
        4977.45732183            0.50000000         7339.39404297        20422.19335937          812.99432373 
        4977.98929377            0.50000000         7448.39404297        20339.19335937          801.99432373 
        4978.40592465            0.50000000         7348.39404297        19729.19335937          752.99432373 
        4978.98833176            0.50000000         7458.39404297        19772.19335937          733.99432373 
        4979.46039167            0.50000000         7372.39404297        19254.19335937          710.99432373 
        4980.05311609            0.50000000         7446.39404297        18954.19335937          686.99432373 
        4980.45002632            0.50000000         7346.39404297        18258.19335937          670.99432373 
        4981.00782722            0.50000000         7289.39404297        17640.19335937          637.99432373 
        4981.46019853            0.50000000         7328.39404297        17387.19335937          622.99432373 
        4981.98305063            0.50000000         7258.39404297        16914.19335937          605.99432373 
        4982.41047080            0.50000000         7302.39404297        16706.19335937          594.99432373 
        4982.99390305            0.50000000         7313.39404297        16425.19335937          587.99432373 
        4983.45673142            0.50000000         7227.39404297        15996.19433594          578.99432373 
        4984.02533405            0.50000000         7269.39404297        15872.19433594          581.99432373 
        4984.45313750            0.50000000         7268.39404297        15679.19433594          576.99432373 
        4984.99178073            0.50000000         7226.39404297        15377.19433594          577.99432373 
        4985.44997933            0.50000000         7226.39404297        15099.19433594          570.99432373 
        4985.96871086            0.50000000         7182.39404297        14768.19433594          577.99432373 
        4986.41199245            0.50000000         7220.39404297        14613.19433594          571.99432373 
        4986.98133271            0.50000000         7182.39404297        14234.19433594          565.99432373 
        4987.45505149            0.50000000         7130.39404297        13915.19433594          543.99432373 
        4988.03977627            0.50000000         7210.39404297        13776.19433594          553.99432373 
        4988.45824893            0.50000000         7110.39404297        13310.19433594          556.99432373 
        4988.99279551            0.50000000         7168.39404297        13154.19433594          533.99432373 
        4989.45684313            0.50000000         7085.39404297        12737.19433594          529.99432373 
        4989.95125854            0.50000000         7039.39404297        12537.19433594          521.99432373 
        4990.41045447            0.50000000         7108.39404297        12690.19433594          506.99432373 
        4990.97574553            0.50000000         7063.39404297        12779.19433594          526.99432373 
        4991.45029430            0.50000000         7002.39404297        12959.19433594          526.99432373 
        4992.00574260            0.50000000         7012.39404297        13321.19433594          515.99432373 
        4992.45019853            0.50000000         6994.39404297        13600.19433594          529.99432373 
        4992.98062847            0.50000000         6952.39404297        13805.19433594          525.99432373 
        4993.45054073            0.50000000         7010.39404297        14135.19433594          530.99432373 
        4993.92560406            0.50000000         6940.39404297        14167.19433594          546.99432373 
        4994.41593257            0.50000000         6996.39404297        14394.19433594          516.99432373 
        4994.95187582            0.50000000         7003.39404297        14507.19433594          541.99432373 
        4995.43230915            0.50000000         6957.39404297        14439.19433594          514.99432373 
        4995.98872657            0.50000000         6882.39404297        14269.19433594          516.99432373 
        4996.46937791            0.50000000         6969.39404297        14474.19433594          533.99432373 
        4996.96025252            0.50000000         6901.39404297        14382.19433594          511.99432373 
        4997.44617036            0.50000000         6851.39404297        14238.19433594          492.99432373 
        4997.91193854            0.50000000         6880.39404297        14211.19433594          515.99432373 
        4998.43857335            0.50000000         6853.39404297        14082.19433594          498.99432373 
        4998.94000186            0.50000000         6769.39404297        13801.19433594          473.99432373 
        4999.43647372            0.50000000         6892.39404297        13925.19433594          476.99432373 
        4999.97866300            0.50000000         6850.39404297        13710.19433594          464.99432373 
        5000.48042923            0.50000000         6835.39404297        13587.19433594          459.99432373 
        5000.95695558            0.50000000         6774.39404297        13304.19433594          437.99432373 
        5001.46400746            0.50000000         6873.39404297        13383.19433594          442.99432373 
        5001.92045021            0.50000000         6798.39404297        13209.19433594          431.99432373 
        5002.44800855            0.50000000         6767.39404297        13096.19433594          429.99432373 
        5002.91987043            0.50000000         6703.39404297        13052.19433594          418.99432373 
        5003.45273462            0.50000000         6799.39404297        13310.19433594          437.99432373 
        5003.96541625            0.50000000         6664.39404297        13112.19433594          430.99432373 
        5004.49852381            0.50000000         6726.39404297        13359.19433594          455.99432373 
        5004.94033552            0.50000000         6664.39404297        13305.19433594          439.99432373 
        5005.46351015            0.50000000         6748.39404297        13599.19433594          442.99432373 
        5005.91058895            0.50000000         6629.39404297        13547.19433594          438.99432373 
        5007.59299644            0.50000000         6635.39404297        13927.19433594          437.99432373 
        5009.39876463            0.50000000         6588.39404297        14237.19433594          454.99432373 
        5011.19577056            0.50000000         6457.39404297        14242.19433594          456.99432373 
        5013.01966861            0.50000000         6406.39404297        14455.19433594          448.99432373 
        5014.83991647            0.50000000         6358.39404297        14547.19433594          458.99432373 
        5016.80965250            0.50000000         6291.39404297        14582.19433594          469.99432373 
        5018.75042204            0.50000000         6226.39404297        14531.19433594          470.99432373 
        5020.79510940            0.50000000         6196.39404297        14509.19433594          473.99432373 
        5022.78019484            0.50000000         6156.39404297        14569.19433594          450.99432373 
        5024.87457660            0.50000000         6066.39404297        14449.19433594          457.99432373 
        5026.91958908            0.50000000         5993.39404297        14364.19433594          448.99432373 
        5029.06393276            0.50000000         5888.39404297        14129.19433594          436.99432373 
        5031.19999976            0.50000000         5893.39404297        14116.19433594          438.99432373 
        5033.47174186            0.50000000         5855.39404297        14073.19433594          405.99432373 
        5035.74057651            0.50000000         5758.39404297        13838.19433594          406.99432373 
        5038.01679641            0.50000000         5723.39404297        13722.19433594          368.99432373 
        5040.26947548            0.50000000         5622.39404297        13458.19433594          372.99432373 
        5042.65341753            0.50000000         5636.39404297        13477.19433594          352.99432373 
        5045.12251101            0.50000000         5553.39404297        13343.19433594          354.99432373 
        5047.44938279            0.50000000         5488.39404297        13348.19433594          343.99432373 
        5049.98575141            0.50000000         5471.39404297        13383.19433594          371.99432373 
        5052.43157729            0.50000000         5350.39404297        13228.19433594          371.99432373 
        5054.95264984            0.50000000         5295.39404297        13214.19433594          394.99432373 
        5057.57519068            0.50000000         5228.39404297        13079.19433594          382.99432373 
        5060.16428642            0.50000000         5195.39404297        13047.19433594          384.99432373 
        5062.79793550            0.50000000         5067.39404297        12798.19433594          373.99432373 
        5065.57013484            0.50000000         5074.39404297        12872.19433594          373.99432373 
        5068.26212267            0.50000000         4997.39404297        12831.19433594          377.99432373 
        5071.07220752            0.50000000         4811.39404297        12502.19433594          373.99432373 
        5073.96418151            0.50000000         4821.39404297        12624.19433594          383.99432373 
        5076.78640166            0.50000000         4726.39404297        12539.19433594          351.99432373 
        5079.67499175            0.50000000         4551.39404297        12244.19433594          338.99432373 
        5082.71948375            0.50000000         4546.39404297        12343.19433594          322.99432373 
        5085.73113767            0.50000000         4426.39404297        12176.19433594          330.99432373 
        5088.70981837            0.50000000         4424.39404297        12201.19433594          299.99432373 
        5091.83994316            0.50000000         4344.39404297        12157.19433594          291.99432373 
        5094.96370323            0.50000000         4227.39404297        12041.19433594          283.99432373 
        5098.06520289            0.50000000         4187.39404297        12026.19433594          301.99432373 
        5101.23964079            0.50000000         4118.39404297        11992.19433594          313.99432373 
        5104.50321003            0.50000000         3998.39404297        11801.19433594          311.99432373 
        5107.78194517            0.50000000         3951.39404297        11806.19433594          330.99432373 
        5111.06526691            0.50000000         3913.39404297        11744.19433594          317.99432373 
        5114.39577678            0.50000000         3853.39404297        11639.19433594          322.99432373 
        5117.77899722            0.50000000         3789.39404297        11665.19433594          323.99432373 
        5121.17776897            0.50000000         3759.39404297        11650.19433594          306.99432373 
        5124.60284295            0.50000000         3613.39404297        11272.19433594          306.99432373 
        5128.07574324            0.50000000         3670.39404297        11583.19433594          318.99432373 
        5131.60739622            0.50000000         3544.39404297        11229.19433594          304.99432373 
        5135.13359955            0.50000000         3452.39404297        11128.19433594          300.99432373 
        5138.71348792            0.50000000         3402.39404297        11046.19433594          295.99432373 
        5142.41733236            0.50000000         3378.39404297        11060.19433594          290.99432373 
        5145.98129210            0.50000000         3209.39404297        10679.19433594          273.99432373 
        5149.70193983            0.50000000         3162.39404297        10646.19433594          268.99432373 
        5153.42843777            0.50000000         3103.39404297        10527.19433594          266.99432373 
        5157.17706334            0.50000000         3057.39404297        10535.19433594          272.99432373 
        5161.04021868            0.50000000         3009.39404297        10492.19433594          267.99432373 
        5164.84983618            0.50000000         2901.39404297        10288.19433594          265.99432373 
        5168.74728178            0.50000000         2895.39404297        10393.19433594          258.99432373 
        5172.70023049            0.50000000         2786.39404297        10110.19433594          266.99432373 
        5176.54496650            0.50000000         2689.39404297         9935.19433594          282.99432373 
        5180.56015224            0.50000000         2153.39404297         8008.19433594          233.99432373 
        5184.54919932            0.50000000         2607.39404297         9766.19433594          280.99432373 
        5188.53942501            0.50000000         2495.39404297         9536.19433594          276.99432373 
        5192.70690048            0.50000000         2389.39404297         9229.19433594          261.99432373 
        5196.83754631            0.50000000         2290.39404297         8951.19433594          242.99432373 
        5200.94771756            0.50000000         2199.39404297         8711.19433594          244.99432373 
        5205.14791567            0.50000000         2085.39404297         8310.19433594          239.99432373 
        5208.92884851            0.50000000         1941.39404297         7790.19433594          208.99432373 
