# 1-D Scan File created by LabVIEW Control Panel  12/5/2011  10:30:52 PM; Scan time 0 hrs 4 min 28 sec. 
#
# Beamline 20 BM
#
# Scan config: 
#                 E0: 4966.00 eV   223 points
#        Scan bounds:  -100.00 -30.00 40.00 243.35 (7.99 (k))
#       Scan step(s):  5.00 0.50 0.07
#  Integration times:  0.50 0.50 0.50    kwgt in EXAFS region: 0.0 
#
# User Comment:
# 50oC
#
#
# Amplifier Sensitivities:
# Preslit: 20 nA/V  I0: 20 nA/V  I: 100 pA/V  IREF: 50 pA/V  
#
# Analog Input Voltages at start/end of scan:
# Preslit: 0.033/0.032  I0: 0.799/0.601  Ignore: 0.022/0.017  I: 0.949/1.032  IREF: 0.250/0.151  
#
# Mono Info:
# 
#
# ID Info:
# 
#
# Slit Info:
# Kappa S1:  Center is at -542 (H), 500 (V)   Size is 8000 wide x 2000 high
# Vacuum Slits:  Center is at 850 (H), -25 (V)   Size is 899 wide x 1000 high
#
# Motor Positions:
# SMV (20bm:m29): -37594.243125 SMH (20bm:m30): 4802.187500 
#
# Detector Names/PVs:
# I0/20bm:scaler1_netA.C  I/20bm:scaler1_netA.E  IREF/20bm:scaler1_netA.F  
#
# Positioner names/Drive PVs/Readback PVs:
# Mono Energy */20bm:monoE.VAL/20bm:EnctoE.VAL  Scaler preset time */20bm:scaler1.TP/  
# Here is a readable list of column headings:
#  1) Mono Energy *        
#  2) Scaler preset time * 
#  3) I0                   
#  4) I                    
#  5) IREF                 
#
# Column Headings:
#Mono Energy *        Scaler preset time * I0                   I                    IREF                 
        4865.41522989            0.50000000        35105.39453125        42453.19531250         6301.99414062 
        4870.47155359            0.50000000        35061.39453125        42781.19531250         6275.99414062 
        4875.48668751            0.50000000        35014.39453125        43092.19531250         6188.99414062 
        4880.56604969            0.50000000        35129.39453125        43389.19531250         6110.99414062 
        4885.61369235            0.50000000        34933.39453125        43777.19531250         6008.99414062 
        4890.60521739            0.50000000        34908.39453125        44134.19531250         6045.99414062 
        4895.69021608            0.50000000        34900.39453125        44505.19531250         5937.99414062 
        4900.80623469            0.50000000        34879.39453125        44914.19531250         5838.99414062 
        4905.83677353            0.50000000        34760.39453125        45280.19531250         5870.99414062 
        4910.84455000            0.50000000        34798.39453125        45713.19531250         5848.99414062 
        4915.86843561            0.50000000        34415.39453125        45671.19531250         5642.99414062 
        4920.88892378            0.50000000        34610.39453125        46452.19531250         5715.99414062 
        4925.92557222            0.50000000        34527.39453125        46913.19531250         5622.99414062 
        4930.93420707            0.50000000        34537.39453125        47365.19531250         5665.99414062 
        4936.00328570            0.50000000        34428.39453125        47851.19531250         5623.99414062 
        4936.50589362            0.50000000        34565.39453125        48129.19531250         5629.99414062 
        4936.98396793            0.50000000        34615.39453125        48203.19531250         5696.99414062 
        4937.48186446            0.50000000        34668.39453125        48428.19531250         5657.99414062 
        4937.96507716            0.50000000        34399.39453125        48030.19531250         5586.99414062 
        4938.46319051            0.50000000        34535.39453125        48276.19531250         5633.99414062 
        4938.98608135            0.50000000        34582.39453125        48351.19531250         5667.99414062 
        4939.47948579            0.50000000        34483.39453125        48369.19531250         5598.99414062 
        4940.03716278            0.50000000        34439.39453125        48302.19531250         5606.99414062 
        4940.50117619            0.50000000        34568.39453125        48515.19531250         5639.99414062 
        4941.01466398            0.50000000        34594.39453125        48734.19531250         5627.99414062 
        4941.48875650            0.50000000        34320.39453125        48358.19531250         5543.99414062 
        4941.98764892            0.50000000        34400.39453125        48542.19531250         5552.99414062 
        4942.46194598            0.50000000        34595.39453125        48825.19531250         5625.99414062 
        4943.01047626            0.50000000        34417.39453125        48667.19531250         5542.99414062 
        4943.49487512            0.50000000        34430.39453125        48775.19531250         5578.99414062 
        4944.05354573            0.50000000        34552.39453125        49004.19531250         5663.99414062 
        4944.50354916            0.50000000        34386.39453125        48826.19531250         5579.99414062 
        4945.03278883            0.50000000        34392.39453125        48811.19531250         5573.99414062 
        4945.50277852            0.50000000        34253.39453125        48705.19531250         5542.99414062 
        4946.00255908            0.50000000        34276.39453125        48806.19531250         5512.99414062 
        4946.46780078            0.50000000        34427.39453125        49060.19531250         5589.99414062 
        4947.02225646            0.50000000        34379.39453125        49178.19531250         5605.99414062 
        4947.51246903            0.50000000        34329.39453125        49160.19531250         5659.99414062 
        4948.09194832            0.50000000        34359.39453125        49259.19531250         5597.99414062 
        4948.50807641            0.50000000        34270.39453125        49215.19531250         5607.99414062 
        4949.05312196            0.50000000        34241.39453125        49172.19531250         5584.99414062 
        4949.51899234            0.50000000        34332.39453125        49310.19531250         5601.99414062 
        4950.02957762            0.50000000        34205.39453125        49220.19531250         5592.99414062 
        4950.47581452            0.50000000        34278.39453125        49415.19531250         5602.99414062 
        4951.04613432            0.50000000        34475.39453125        49700.19531250         5637.99414062 
        4951.51737660            0.50000000        34285.39453125        49565.19531250         5601.99414062 
        4952.11277041            0.50000000        34412.39453125        49757.19531250         5627.99414062 
        4952.51971302            0.50000000        34475.39453125        49892.19531250         5626.99414062 
        4953.05579794            0.50000000        34395.39453125        49791.19531250         5626.99414062 
        4953.51256311            0.50000000        34446.39453125        49960.19531250         5597.99414062 
        4954.03895037            0.50000000        34368.39453125        49982.19531250         5576.99414062 
        4954.47604417            0.50000000        34433.39453125        50053.19531250         5651.99414062 
        4955.04737358            0.50000000        34482.39453125        50213.19531250         5647.99414062 
        4955.52441990            0.50000000        34234.39453125        49913.19531250         5582.99414062 
        4956.11092712            0.50000000        34471.39453125        50322.19531250         5598.99414062 
        4956.52356138            0.50000000        34232.39453125        50050.19531250         5546.99414062 
        4957.07054197            0.50000000        34310.39453125        50245.19531250         5590.99414062 
        4957.52314398            0.50000000        34323.39453125        50225.19531250         5557.99414062 
        4958.05544010            0.50000000        34319.39453125        50326.19531250         5581.99414062 
        4958.48335759            0.50000000        34268.39453125        50352.19531250         5582.99414062 
        4959.05569919            0.50000000        34373.39453125        50554.19531250         5568.99414062 
        4959.52861220            0.50000000        34291.39453125        50466.19531250         5568.99414062 
        4960.11117759            0.50000000        34303.39453125        50584.19531250         5556.99414062 
        4960.52454130            0.50000000        34244.39453125        50552.19531250         5550.99414062 
        4961.06252506            0.50000000        34473.39453125        50906.19531250         5589.99414062 
        4961.52090826            0.50000000        34093.39453125        50492.19531250         5487.99414062 
        4962.04916038            0.50000000        34489.39453125        51039.19531250         5588.99414062 
        4962.47284771            0.50000000        34151.39453125        50665.19531250         5492.99414062 
        4963.05118409            0.50000000        34480.39453125        51073.19531250         5530.99414062 
        4963.52493153            0.50000000        34090.39453125        50632.19531250         5432.99414062 
        4964.12349083            0.50000000        34255.39453125        50877.19531250         5389.99414062 
        4964.51762860            0.50000000        34129.39453125        50866.19531250         5308.99414062 
        4965.06155141            0.50000000        34304.39453125        51089.19531250         5187.99414062 
        4965.51076028            0.50000000        34120.39453125        50866.19531250         4881.99414062 
        4966.05492125            0.50000000        34307.39453125        51180.19531250         4255.99414062 
        4966.46437607            0.50000000        34149.39453125        50939.19531250         3431.99438477 
        4967.04872612            0.50000000        34231.39453125        51095.19531250         3031.99438477 
        4967.51331682            0.50000000        34036.39453125        50723.19531250         3187.99438477 
        4968.11292923            0.50000000        34168.39453125        50807.19531250         3611.99438477 
        4968.50276223            0.50000000        34053.39453125        50487.19531250         3698.99438477 
        4969.04764099            0.50000000        34198.39453125        50455.19531250         3692.99438477 
        4969.50263993            0.50000000        34048.39453125        50058.19531250         3542.99438477 
        4970.03775531            0.50000000        34166.39453125        50010.19531250         3361.99438477 
        4970.45293164            0.50000000        34062.39453125        49667.19531250         3219.99438477 
        4971.03830911            0.50000000        34147.39453125        49696.19531250         3125.99438477 
        4971.50371675            0.50000000        34003.39453125        49785.19531250         3074.99438477 
        4972.10438363            0.50000000        34133.39453125        50134.19531250         3064.99438477 
        4972.49490225            0.50000000        34015.39453125        50078.19531250         2997.99438477 
        4973.04574771            0.50000000        34097.39453125        50192.19531250         2890.99438477 
        4973.49653875            0.50000000        34002.39453125        49911.19531250         2772.99438477 
        4974.03760601            0.50000000        34063.39453125        49482.19531250         2617.99438477 
        4974.44850235            0.50000000        33975.39453125        48788.19531250         2481.99438477 
        4975.03992253            0.50000000        34068.39453125        47711.19531250         2355.99438477 
        4975.50113652            0.50000000        33997.39453125        46568.19531250         2207.99438477 
        4976.09283052            0.50000000        34221.39453125        45784.19531250         2107.99438477 
        4976.48905066            0.50000000        33883.39453125        44697.19531250         2003.99438477 
        4977.03584747            0.50000000        34198.39453125        44512.19531250         1971.99438477 
        4977.50248443            0.50000000        33885.39453125        43644.19531250         1870.99438477 
        4978.02944764            0.50000000        34145.39453125        43589.19531250         1837.99438477 
        4978.44608588            0.50000000        33882.39453125        42936.19531250         1776.99438477 
        4979.02850326            0.50000000        34088.39453125        42957.19531250         1728.99438477 
        4979.50559403            0.50000000        33910.39453125        42430.19531250         1676.99438477 
        4980.09833022            0.50000000        34198.39453125        42483.19531250         1635.99438477 
        4980.49524833            0.50000000        33871.39453125        41806.19531250         1612.99438477 
        4981.04300843            0.50000000        33910.39453125        41254.19531250         1547.99438477 
        4981.50544060            0.50000000        33964.39453125        40683.19531250         1542.99438477 
        4982.03333119            0.50000000        34081.39453125        39893.19531250         1502.99438477 
        4982.45070271            0.50000000        34078.39453125        38899.19531250         1475.99438477 
        4983.02911495            0.50000000        34177.39453125        37592.19531250         1476.99438477 
        4983.50201315            0.50000000        33986.39453125        36056.19531250         1412.99438477 
        4984.07565970            0.50000000        34091.39453125        34579.19531250         1404.99438477 
        4984.49340549            0.50000000        34024.39453125        33303.19531250         1396.99438477 
        4985.03205823            0.50000000        34030.39453125        32079.19335937         1352.99438477 
        4985.49026494            0.50000000        34012.39453125        31191.19335937         1347.99438477 
        4986.01404252            0.50000000        33915.39453125        30423.19335937         1297.99438477 
        4986.44725719            0.50000000        34074.39453125        30137.19335937         1340.99438477 
        4987.01660625            0.50000000        33944.39453125        29691.19335937         1320.99438477 
        4987.49537253            0.50000000        33957.39453125        29751.19335937         1312.99438477 
        4988.08514911            0.50000000        34063.39453125        29996.19335937         1363.99438477 
        4988.49354531            0.50000000        33879.39453125        30090.19335937         1332.99438477 
        4989.02810017            0.50000000        34050.39453125        30762.19335937         1347.99438477 
        4989.49719956            0.50000000        33787.39453125        31040.19335937         1342.99438477 
        4990.00171511            0.50000000        33776.39453125        31749.19335937         1319.99438477 
        4990.44578106            0.50000000        33856.39453125        32495.19335937         1315.99438477 
        4991.02117678            0.50000000        33797.39453125        33174.19531250         1353.99438477 
        4991.49573500            0.50000000        33695.39453125        33747.19531250         1357.99438477 
        4992.05624460            0.50000000        33733.39453125        34411.19531250         1360.99438477 
        4992.48555669            0.50000000        33682.39453125        34714.19531250         1365.99438477 
        4993.01599484            0.50000000        33601.39453125        35048.19531250         1338.99438477 
        4993.48591438            0.50000000        33713.39453125        35324.19531250         1378.99438477 
        4993.98120303            0.50000000        33572.39453125        35340.19531250         1359.99438477 
        4994.45132117            0.50000000        33599.39453125        35458.19531250         1357.99438477 
        4995.00244299            0.50000000        33771.39453125        35670.19531250         1375.99438477 
        4995.48288695            0.50000000        33711.39453125        35521.19531250         1361.99438477 
        4996.04437576            0.50000000        33529.39453125        35142.19531250         1329.99438477 
        4996.50479832            0.50000000        33703.39453125        35207.19531250         1338.99438477 
        4997.01086415            0.50000000        33664.39453125        34953.19531250         1322.99438477 
        4997.49173046            0.50000000        33555.39453125        34553.19531250         1288.99438477 
        4997.95750792            0.50000000        33653.39453125        34335.19531250         1284.99438477 
        4998.46895983            0.50000000        33518.39453125        33895.19531250         1246.99438477 
        4998.98559172            0.50000000        33411.39453125        33443.19531250         1245.99438477 
        4999.47700679            0.50000000        33609.39453125        33474.19531250         1224.99438477 
        5000.02427357            0.50000000        33603.39453125        33256.19531250         1246.99438477 
        5000.50577388            0.50000000        33518.39453125        33145.19531250         1219.99438477 
        5000.99244556            0.50000000        33408.39453125        32995.19531250         1175.99438477 
        5001.48936300            0.50000000        33640.39453125        33279.19531250         1195.99438477 
        5001.95088296            0.50000000        33512.39453125        33332.19531250         1175.99438477 
        5002.46830168            0.50000000        33502.39453125        33397.19531250         1199.99438477 
        5002.94524210            0.50000000        33337.39453125        33540.19531250         1161.99438477 
        5003.47811220            0.50000000        33501.39453125        34070.19531250         1189.99438477 
        5003.98572284            0.50000000        33221.39453125        34085.19531250         1168.99438477 
        5004.52391298            0.50000000        33374.39453125        34676.19531250         1173.99438477 
        5004.96572959            0.50000000        33245.39453125        34887.19531250         1164.99438477 
        5005.48891001            0.50000000        33461.39453125        35591.19531250         1203.99438477 
        5005.94107478            0.50000000        33235.39453125        35684.19531250         1163.99438477 
        5007.61333520            0.50000000        33337.39453125        37222.19531250         1206.99438477 
        5009.41911942            0.50000000        33317.39453125        38309.19531250         1250.99438477 
        5011.22123402            0.50000000        33053.39453125        38589.19531250         1268.99438477 
        5013.04005555            0.50000000        33035.39453125        38754.19531250         1285.99438477 
        5014.85011800            0.50000000        32912.39453125        38531.19531250         1271.99438477 
        5016.82496795            0.50000000        32947.39453125        38562.19531250         1279.99438477 
        5018.76064096            0.50000000        32811.39453125        38636.19531250         1276.99438477 
        5020.80533741            0.50000000        32839.39453125        39203.19531250         1267.99438477 
        5022.79555011            0.50000000        32817.39453125        39665.19531250         1278.99438477 
        5024.88994585            0.50000000        32659.39453125        39855.19531250         1296.99438477 
        5026.92984435            0.50000000        32576.39453125        39893.19531250         1288.99438477 
        5029.07419758            0.50000000        32433.39453125        39788.19531250         1265.99438477 
        5031.21541128            0.50000000        32498.39453125        39814.19531250         1237.99438477 
        5033.48716857            0.50000000        32531.39453125        39528.19531250         1199.99438477 
        5035.76116572            0.50000000        32365.39453125        38874.19531250         1147.99438477 
        5038.02710115            0.50000000        32363.39453125        38457.19531250         1113.99438477 
        5040.28494769            0.50000000        32031.39453125        37880.19531250         1047.99438477 
        5042.66890571            0.50000000        32159.39453125        38248.19531250         1068.99438477 
        5045.13284748            0.50000000        32002.39453125        38441.19531250         1055.99438477 
        5047.47007660            0.50000000        31937.39453125        38758.19531250         1059.99438477 
        5050.00128876            0.50000000        31877.39453125        39008.19531250         1069.99438477 
        5052.44713106            0.50000000        31519.39453125        38640.19531250         1093.99438477 
        5054.97341079            0.50000000        31521.39453125        38980.19531250         1137.99438477 
        5057.59597512            0.50000000        31396.39453125        39177.19531250         1139.99438477 
        5060.19029601            0.50000000        31241.39453125        39495.19531250         1165.99438477 
        5062.80835111            0.50000000        31266.39453125        39885.19531250         1165.99438477 
        5065.58577693            0.50000000        31200.39453125        40239.19531250         1198.99438477 
        5068.28822308            0.50000000        31125.39453125        40410.19531250         1196.99438477 
        5071.09833948            0.50000000        30639.39453125        40102.19531250         1155.99438477 
        5073.99034596            0.50000000        30863.39453125        41007.19531250         1180.99438477 
        5076.80735857            0.50000000        30687.39453125        41095.19531250         1174.99438477 
        5079.69597464            0.50000000        30270.39453125        40908.19531250         1113.99438477 
        5082.74049405            0.50000000        30311.39453125        41365.19531250         1108.99438477 
        5085.75217509            0.50000000        30083.39453125        41490.19531250         1068.99438477 
        5088.74141484            0.50000000        30277.39453125        42226.19531250         1053.99438477 
        5091.87158198            0.50000000        30043.39453125        42216.19531250         1023.99432373 
        5094.99538432            0.50000000        29650.39453125        41949.19531250         1019.99432373 
        5098.09692598            0.50000000        29780.39453125        42569.19531250         1071.99438477 
        5101.27670129            0.50000000        29502.39453125        42632.19531250         1088.99438477 
        5104.54562394            0.50000000        29277.39453125        42809.19531250         1161.99438477 
        5107.82441840            0.50000000        29232.39453125        43236.19531250         1168.99438477 
        5111.10248294            0.50000000        29230.39453125        43605.19531250         1197.99438477 
        5114.42772144            0.50000000        29014.39453125        43587.19531250         1199.99438477 
        5117.80565608            0.50000000        28724.39453125        43399.19531250         1190.99438477 
        5121.20446635            0.50000000        28428.39453125        43150.19531250         1197.99438477 
        5124.63492646            0.50000000        28275.39453125        43357.19531250         1198.99438477 
        5128.11858442            0.50000000        28469.39453125        44040.19531250         1194.99438477 
        5131.63957517            0.50000000        28096.39453125        43854.19531250         1188.99438477 
        5135.16582659            0.50000000        27932.39453125        44014.19531250         1203.99438477 
        5138.74576382            0.50000000        27851.39453125        44283.19531250         1178.99438477 
        5142.44965885            0.50000000        27980.39453125        44989.19531250         1178.99438477 
        5146.00827141            0.50000000        27381.39453125        44470.19531250         1130.99438477 
        5149.72896155            0.50000000        27375.39453125        45054.19531250         1131.99438477 
        5153.44467626            0.50000000        27225.39453125        45375.19531250         1123.99438477 
        5157.20417034            0.50000000        26976.39453125        45467.19531250         1149.99438477 
        5161.05650932            0.50000000        26738.39453125        45686.19531250         1157.99438477 
        5164.87159190            0.50000000        26396.39453125        45837.19531250         1172.99438477 
        5168.76362530            0.50000000        26225.39453125        46117.19531250         1201.99438477 
        5172.71660116            0.50000000        25930.39453125        46397.19531250         1243.99438477 
        5176.56136360            0.50000000        25538.39453125        46261.19531250         1260.99438477 
        5180.57110204            0.50000000        21426.39453125        39571.19531250         1121.99438477 
        5184.56565149            0.50000000        25806.39453125        47727.19531250         1322.99438477 
        5188.56139792            0.50000000        25360.39453125        47545.19531250         1332.99438477 
        5192.71790606            0.50000000        24861.39453125        47243.19531250         1301.99438477 
        5196.84305860            0.50000000        24443.39453125        46932.19531250         1307.99438477 
        5200.95323931            0.50000000        24115.39453125        47002.19531250         1294.99438477 
        5205.15897853            0.50000000        23609.39453125        46653.19531250         1284.99438477 
        5208.93992880            0.50000000        23017.39453125        46063.19531250         1276.99438477 
