# 1-D Scan File created by LabVIEW Control Panel  12/6/2011  6:17:49 AM; Scan time 0 hrs 4 min 29 sec. 
#
# Beamline 20 BM
#
# Scan config: 
#                 E0: 4966.00 eV   223 points
#        Scan bounds:  -100.00 -30.00 40.00 243.35 (7.99 (k))
#       Scan step(s):  5.00 0.50 0.07
#  Integration times:  0.50 0.50 0.50    kwgt in EXAFS region: 0.0 
#
# User Comment:
# 50oC
#
#
# Amplifier Sensitivities:
# Preslit: 20 nA/V  I0: 20 nA/V  I: 100 pA/V  IREF: 50 pA/V  
#
# Analog Input Voltages at start/end of scan:
# Preslit: 0.033/0.032  I0: 0.326/0.152  Ignore: 0.009/0.004  I: 0.623/0.304  IREF: 0.194/0.131  
#
# Mono Info:
# 
#
# ID Info:
# 
#
# Slit Info:
# Kappa S1:  Center is at -542 (H), 500 (V)   Size is 8000 wide x 2000 high
# Vacuum Slits:  Center is at 850 (H), -25 (V)   Size is 899 wide x 1000 high
#
# Motor Positions:
# SMV (20bm:m29): -37594.243125 SMH (20bm:m30): 4802.187500 
#
# Detector Names/PVs:
# I0/20bm:scaler1_netA.C  I/20bm:scaler1_netA.E  IREF/20bm:scaler1_netA.F  
#
# Positioner names/Drive PVs/Readback PVs:
# Mono Energy */20bm:monoE.VAL/20bm:EnctoE.VAL  Scaler preset time */20bm:scaler1.TP/  
# Here is a readable list of column headings:
#  1) Mono Energy *        
#  2) Scaler preset time * 
#  3) I0                   
#  4) I                    
#  5) IREF                 
#
# Column Headings:
#Mono Energy *        Scaler preset time * I0                   I                    IREF                 
        4865.39613524            0.50000000        11295.39355469        26086.19335937         3548.99438477 
        4870.45241530            0.50000000        11093.39355469        25711.19335937         3452.99438477 
        4875.46271053            0.50000000        10967.39355469        25664.19335937         3381.99438477 
        4880.54201781            0.50000000        10827.39355469        25590.19335937         3312.99438477 
        4885.59442313            0.50000000        10621.39355469        25346.19335937         3242.99438477 
        4890.57624875            0.50000000        10538.39355469        25300.19335937         3187.99438477 
        4895.66602039            0.50000000        10390.39355469        25131.19335937         3129.99438477 
        4900.77228306            0.50000000        10277.39355469        25148.19335937         3041.99438477 
        4905.79788426            0.50000000        10130.39355469        24931.19335937         3005.99438477 
        4910.80557360            0.50000000        10042.39355469        25061.19335937         2994.99438477 
        4915.81960583            0.50000000         9814.39355469        24721.19335937         2885.99438477 
        4920.84977234            0.50000000         9801.39355469        25035.19335937         2910.99438477 
        4925.88142801            0.50000000         9636.39355469        24793.19335937         2822.99438477 
        4930.88013284            0.50000000         9530.39355469        24743.19335937         2796.99438477 
        4935.95401645            0.50000000         9383.39355469        24616.19335937         2760.99438477 
        4936.47139734            0.50000000         9460.39355469        24976.19335937         2788.99438477 
        4936.93960625            0.50000000         9487.39355469        24945.19335937         2800.99438477 
        4937.44242310            0.50000000         9460.39355469        24936.19335937         2799.99438477 
        4937.91576500            0.50000000         9362.39355469        24783.19335937         2800.99438477 
        4938.42866425            0.50000000         9418.39355469        24850.19335937         2785.99438477 
        4938.94168024            0.50000000         9424.39355469        25046.19335937         2833.99438477 
        4939.44000946            0.50000000         9396.39355469        24951.19335937         2799.99438477 
        4939.98286958            0.50000000         9328.39355469        24637.19335937         2766.99438477 
        4940.46661871            0.50000000         9387.39355469        24896.19335937         2792.99438477 
        4940.97516077            0.50000000         9358.39355469        24891.19335937         2764.99438477 
        4941.43936721            0.50000000         9266.39355469        24693.19335937         2761.99438477 
        4941.93824871            0.50000000         9304.39355469        24795.19335937         2762.99438477 
        4942.43229949            0.50000000         9384.39355469        25055.19335937         2810.99438477 
        4942.96599587            0.50000000         9272.39355469        24834.19335937         2769.99438477 
        4943.45038517            0.50000000         9265.39355469        24795.19335937         2734.99438477 
        4944.01398928            0.50000000         9325.39355469        24947.19335937         2790.99438477 
        4944.46893032            0.50000000         9208.39355469        24693.19335937         2715.99438477 
        4944.99321522            0.50000000         9220.39355469        24712.19335937         2751.99438477 
        4945.46319667            0.50000000         9121.39355469        24485.19335937         2688.99438477 
        4945.95307092            0.50000000         9146.39355469        24577.19335937         2726.99438477 
        4946.42820201            0.50000000         9217.39355469        24678.19335937         2714.99438477 
        4946.98264797            0.50000000         9202.39355469        24821.19335937         2729.99438477 
        4947.46294777            0.50000000         9180.39355469        24717.19335937         2738.99438477 
        4948.04736771            0.50000000         9169.39355469        24830.19335937         2740.99438477 
        4948.46844186            0.50000000         9124.39355469        24716.19335937         2754.99438477 
        4949.00852239            0.50000000         9103.39355469        24678.19335937         2758.99438477 
        4949.47438357            0.50000000         9146.39355469        24818.19335937         2733.99438477 
        4949.98495877            0.50000000         9105.39355469        24769.19335937         2731.99438477 
        4950.43614545            0.50000000         9085.39355469        24670.19335937         2713.99438477 
        4951.00645525            0.50000000         9193.39355469        25017.19335937         2759.99438477 
        4951.47768926            0.50000000         9100.39355469        24811.19335937         2718.99438477 
        4952.07307262            0.50000000         9183.39355469        25016.19335937         2750.99438477 
        4952.47504501            0.50000000         9116.39355469        24844.19335937         2728.99438477 
        4953.02601211            0.50000000         9154.39355469        24919.19335937         2734.99438477 
        4953.48277126            0.50000000         9134.39355469        24955.19335937         2728.99438477 
        4953.99425236            0.50000000         9067.39355469        24863.19335937         2715.99438477 
        4954.43630488            0.50000000         9106.39355469        24945.19335937         2723.99438477 
        4955.01259288            0.50000000         9112.39355469        25008.19335937         2722.99438477 
        4955.48466220            0.50000000         9031.39355469        24829.19335937         2734.99438477 
        4956.07115912            0.50000000         9105.39355469        25058.19335937         2727.99438477 
        4956.48875800            0.50000000         8977.39355469        24762.19335937         2705.99438477 
        4957.03573018            0.50000000         9012.39355469        24841.19335937         2720.99438477 
        4957.49329930            0.50000000         9010.39355469        24795.19335937         2690.99438477 
        4958.03056366            0.50000000         8987.39355469        24790.19335937         2700.99438477 
        4958.45350026            0.50000000         8966.39355469        24726.19335937         2706.99438477 
        4959.02583431            0.50000000         9075.39355469        25174.19335937         2718.99438477 
        4959.49376261            0.50000000         8961.39355469        24779.19335937         2683.99438477 
        4960.08129880            0.50000000         9034.39355469        25047.19335937         2696.99438477 
        4960.48967639            0.50000000         8959.39355469        24932.19335937         2685.99438477 
        4961.03761559            0.50000000         9137.39355469        25418.19335937         2742.99438477 
        4961.48602802            0.50000000         8923.39355469        24841.19335937         2655.99438477 
        4962.01925603            0.50000000         9111.39355469        25359.19335937         2707.99438477 
        4962.44293777            0.50000000         8906.39355469        24851.19335937         2631.99438477 
        4963.02126652            0.50000000         9092.39355469        25360.19335937         2687.99438477 
        4963.49002044            0.50000000         8853.39355469        24720.19335937         2575.99438477 
        4964.09355911            0.50000000         8940.39355469        25011.19335937         2591.99438477 
        4964.48270224            0.50000000         8846.39355469        24803.19335937         2518.99438477 
        4965.03160731            0.50000000         8905.39355469        24947.19335937         2506.99438477 
        4965.48081026            0.50000000         8801.39355469        24709.19335937         2363.99438477 
        4966.01997121            0.50000000         8889.39355469        24903.19335937         2039.99438477 
        4966.42941972            0.50000000         8806.39355469        24810.19335937         1634.99438477 
        4967.01376077            0.50000000         8837.39355469        24727.19335937         1395.99438477 
        4967.47834432            0.50000000         8796.39355469        24748.19335937         1477.99438477 
        4968.07794749            0.50000000         8855.39355469        24727.19335937         1690.99438477 
        4968.46777448            0.50000000         8799.39355469        24484.19335937         1743.99438477 
        4969.02264369            0.50000000         8885.39355469        24486.19335937         1726.99438477 
        4969.46763678            0.50000000         8790.39355469        24339.19335937         1649.99438477 
        4970.01274711            0.50000000         8839.39355469        24155.19335937         1561.99438477 
        4970.42291635            0.50000000         8771.39355469        23586.19335937         1487.99438477 
        4971.01328989            0.50000000         8817.39355469        23129.19335937         1411.99438477 
        4971.47869241            0.50000000         8723.39355469        23011.19335937         1388.99438477 
        4972.07935267            0.50000000         8802.39355469        23470.19335937         1407.99438477 
        4972.46485998            0.50000000         8727.39355469        23672.19335937         1368.99438477 
        4973.02070638            0.50000000         8760.39355469        24029.19335937         1340.99438477 
        4973.47149245            0.50000000         8687.39355469        23942.19335937         1271.99438477 
        4974.01255376            0.50000000         8705.39355469        23849.19335937         1208.99438477 
        4974.41843424            0.50000000         8694.39355469        23892.19335937         1174.99438477 
        4975.01485923            0.50000000         8738.39355469        23977.19335937         1100.99438477 
        4975.47105449            0.50000000         8658.39355469        23891.19335937         1061.99438477 
        4976.06775561            0.50000000         8757.39355469        24000.19335937         1010.99432373 
        4976.45393976            0.50000000         8647.39355469        23554.19335937          955.99432373 
        4977.01076217            0.50000000         8736.39355469        23435.19335937          943.99432373 
        4977.45732183            0.50000000         8602.39355469        22674.19335937          889.99432373 
        4977.98929377            0.50000000         8698.39355469        22461.19335937          863.99432373 
        4978.40592465            0.50000000         8588.39355469        21915.19335937          807.99432373 
        4978.99335316            0.50000000         8634.39355469        21748.19335937          788.99432373 
        4979.46039167            0.50000000         8559.39355469        21223.19335937          748.99432373 
        4980.05813984            0.50000000         8637.39355469        20843.19335937          750.99432373 
        4980.45505094            0.50000000         8544.39355469        20152.19335937          696.99432373 
        4981.01285307            0.50000000         8511.39355469        19500.19335937          656.99432373 
        4981.46522538            0.50000000         8520.39355469        19117.19335937          684.99432373 
        4981.99310665            0.50000000         8486.39355469        18711.19335937          670.99432373 
        4982.41047080            0.50000000         8522.39355469        18466.19335937          647.99432373 
        4982.99390305            0.50000000         8536.39355469        18125.19335937          645.99432373 
        4983.46176268            0.50000000         8437.39355469        17738.19335937          642.99432373 
        4984.04043163            0.50000000         8457.39355469        17546.19335937          631.99432373 
        4984.45817096            0.50000000         8445.39355469        17314.19335937          640.99432373 
        4984.99681538            0.50000000         8417.39355469        17034.19335937          625.99432373 
        4985.45501500            0.50000000         8439.39355469        16763.19335937          610.99432373 
        4985.96871086            0.50000000         8370.39355469        16325.19433594          612.99432373 
        4986.41199245            0.50000000         8425.39355469        16145.19433594          624.99432373 
        4986.98637175            0.50000000         8357.39355469        15688.19433594          626.99432373 
        4987.46009158            0.50000000         8342.39355469        15400.19433594          630.99432373 
        4988.04481765            0.50000000         8396.39355469        15132.19433594          621.99432373 
        4988.45824893            0.50000000         8303.39355469        14712.19433594          600.99432373 
        4988.99279551            0.50000000         8350.39355469        14419.19433594          593.99432373 
        4989.45684313            0.50000000         8241.39355469        14017.19433594          578.99432373 
        4989.96134976            0.50000000         8241.39355469        13931.19433594          556.99432373 
        4990.41045447            0.50000000         8285.39355469        14016.19433594          564.99432373 
        4990.98079340            0.50000000         8252.39355469        14157.19433594          575.99432373 
        4991.45029430            0.50000000         8200.39355469        14381.19433594          571.99432373 
        4992.00574260            0.50000000         8200.39355469        14837.19433594          564.99432373 
        4992.45019853            0.50000000         8180.39404297        15150.19433594          570.99432373 
        4992.98062847            0.50000000         8133.39404297        15415.19433594          580.99432373 
        4993.45054073            0.50000000         8214.39355469        15778.19433594          591.99432373 
        4993.93065845            0.50000000         8091.39404297        15778.19433594          580.99432373 
        4994.42098805            0.50000000         8175.39404297        16001.19433594          588.99432373 
        4994.95693249            0.50000000         8157.39404297        16044.19433594          591.99432373 
        4995.43736688            0.50000000         8129.39404297        16108.19433594          569.99432373 
        4995.98872657            0.50000000         8020.39404297        15885.19433594          563.99432373 
        4996.46937791            0.50000000         8147.39404297        16137.19433594          592.99432373 
        4996.97037476            0.50000000         8105.39404297        16025.19433594          557.99432373 
        4997.45123255            0.50000000         8000.39404297        15863.19433594          544.99432373 
        4997.91700176            0.50000000         8061.39404297        15867.19433594          571.99432373 
        4998.43857335            0.50000000         8018.39404297        15719.19433594          566.99432373 
        4998.95519838            0.50000000         7912.39404297        15326.19433594          547.99432373 
        4999.44660692            0.50000000         8061.39404297        15474.19433594          546.99432373 
        4999.98879861            0.50000000         8044.39404297        15321.19433594          531.99432373 
        5000.48549814            0.50000000         8023.39404297        15155.19433594          519.99432373 
        5000.96202554            0.50000000         7936.39404297        14818.19433594          522.99432373 
        5001.46907854            0.50000000         8045.39404297        14886.19433594          514.99432373 
        5001.92552231            0.50000000         7961.39404297        14735.19433594          517.99432373 
        5002.45308181            0.50000000         8000.39404297        14746.19433594          509.99432373 
        5002.92494474            0.50000000         7904.39404297        14602.19433594          512.99432373 
        5003.45781011            0.50000000         7966.39404297        14797.19433594          503.99432373 
        5003.97049288            0.50000000         7790.39404297        14601.19433594          486.99432373 
        5004.50867945            0.50000000         7879.39404297        14908.19433594          511.99432373 
        5004.94541431            0.50000000         7826.39404297        14909.19433594          488.99432373 
        5005.46859010            0.50000000         7924.39404297        15228.19433594          511.99432373 
        5005.92075085            0.50000000         7778.39404297        15087.19433594          491.99432373 
        5007.59808111            0.50000000         7785.39404297        15613.19433594          514.99432373 
        5009.40385331            0.50000000         7730.39404297        15915.19433594          524.99432373 
        5011.20086323            0.50000000         7581.39404297        16014.19433594          521.99432373 
        5013.02476533            0.50000000         7570.39404297        16291.19433594          519.99432373 
        5014.83991647            0.50000000         7439.39404297        16228.19433594          517.99432373 
        5016.80965250            0.50000000         7402.39404297        16373.19433594          541.99432373 
        5018.75553150            0.50000000         7340.39404297        16362.19433594          522.99432373 
        5020.79510940            0.50000000         7303.39404297        16422.19335937          534.99432373 
        5022.78531325            0.50000000         7234.39404297        16337.19433594          519.99432373 
        5024.87969967            0.50000000         7163.39404297        16316.19433594          531.99432373 
        5026.92471671            0.50000000         7123.39404297        16292.19433594          527.99432373 
        5029.06393276            0.50000000         6976.39404297        16008.19433594          480.99432373 
        5031.21027410            0.50000000         6994.39404297        16001.19433594          470.99432373 
        5033.47688409            0.50000000         6976.39404297        16022.19433594          465.99432373 
        5035.75087109            0.50000000         6868.39404297        15793.19433594          462.99432373 
        5038.02710115            0.50000000         6831.39404297        15676.19433594          432.99432373 
        5040.28494769            0.50000000         6710.39404297        15351.19433594          422.99432373 
        5042.66890571            0.50000000         6700.39404297        15276.19433594          417.99432373 
        5045.13284748            0.50000000         6626.39404297        15206.19433594          415.99432373 
        5047.46490313            0.50000000         6536.39404297        15164.19433594          405.99432373 
        5049.99093051            0.50000000         6533.39404297        15312.19433594          406.99432373 
        5052.44194646            0.50000000         6371.39404297        15120.19433594          401.99432373 
        5054.96822053            0.50000000         6331.39404297        15145.19433594          410.99432373 
        5057.59077899            0.50000000         6223.39404297        14891.19433594          404.99432373 
        5060.17469022            0.50000000         6178.39404297        14829.19433594          412.99432373 
        5062.80314330            0.50000000         6102.39404297        14779.19433594          403.99432373 
        5065.57013484            0.50000000         6050.39404297        14664.19433594          434.99432373 
        5068.27256280            0.50000000         5970.39404297        14672.19433594          432.99432373 
        5071.08266027            0.50000000         5765.39404297        14383.19433594          431.99432373 
        5073.96941438            0.50000000         5805.39404297        14496.19433594          423.99432373 
        5076.79164087            0.50000000         5680.39404297        14446.19433594          399.99432373 
        5079.67499175            0.50000000         5508.39404297        14155.19433594          388.99432373 
        5082.72473631            0.50000000         5435.39404297        14122.19433594          358.99432373 
        5085.73113767            0.50000000         5310.39404297        13982.19433594          360.99432373 
        5088.71508442            0.50000000         5307.39404297        13965.19433594          329.99432373 
        5091.84521627            0.50000000         5161.39404297        13801.19433594          324.99432373 
        5094.96370323            0.50000000         5034.39404297        13675.19433594          322.99432373 
        5098.07049004            0.50000000         4978.39404297        13701.19433594          328.99432373 
        5101.23964079            0.50000000         4856.39404297        13551.19433594          336.99432373 
        5104.50851173            0.50000000         4759.39404297        13388.19433594          351.99432373 
        5107.78725428            0.50000000         4692.39404297        13416.19433594          362.99432373 
        5111.07058345            0.50000000         4685.39404297        13448.19433594          346.99432373 
        5114.40110086            0.50000000         4621.39404297        13343.19433594          355.99432373 
        5117.77899722            0.50000000         4494.39404297        13218.19433594          355.99432373 
        5121.18310842            0.50000000         4381.39404297        13060.19433594          369.99432373 
        5124.60284295            0.50000000         4308.39404297        12831.19433594          349.99432373 
        5128.09180859            0.50000000         4377.39404297        13221.19433594          366.99432373 
        5131.61812249            0.50000000         4227.39404297        12811.19433594          353.99432373 
        5135.14434185            0.50000000         4148.39404297        12780.19433594          328.99432373 
        5138.71886720            0.50000000         4101.39404297        12691.19433594          312.99432373 
        5142.42272008            0.50000000         4092.39404297        12761.19433594          318.99432373 
        5145.98668794            0.50000000         3885.39404297        12370.19433594          299.99432373 
        5149.70193983            0.50000000         3860.39404297        12364.19433594          309.99432373 
        5153.42843777            0.50000000         3808.39404297        12313.19433594          306.99432373 
        5157.18248472            0.50000000         3701.39404297        12226.19433594          310.99432373 
        5161.05107909            0.50000000         3631.39404297        12139.19433594          305.99432373 
        5164.85527509            0.50000000         3509.39404297        11893.19433594          284.99432373 
        5168.75272961            0.50000000         3445.39404297        11821.19433594          291.99432373 
        5172.70568737            0.50000000         3348.39404297        11544.19433594          292.99432373 
        5176.55043219            0.50000000         3220.39404297        11304.19433594          300.99432373 
        5180.56562714            0.50000000         2574.39404297         9151.19433594          234.99432373 
        5184.54919932            0.50000000         3113.39404297        11139.19433594          294.99432373 
        5188.54491822            0.50000000         2994.39404297        10929.19433594          290.99432373 
        5192.71240326            0.50000000         2881.39404297        10619.19433594          282.99432373 
        5196.84305860            0.50000000         2767.39404297        10315.19433594          291.99432373 
        5200.95323931            0.50000000         2645.39404297         9969.19433594          265.99432373 
        5205.15897853            0.50000000         2531.39404297         9628.19433594          247.99432373 
        5208.93438865            0.50000000         2358.39404297         9025.19433594          236.99432373 
