# 1-D Scan File created by LabVIEW Control Panel  12/6/2011  3:52:11 AM; Scan time 0 hrs 4 min 28 sec. 
#
# Beamline 20 BM
#
# Scan config: 
#                 E0: 4966.00 eV   223 points
#        Scan bounds:  -100.00 -30.00 40.00 243.35 (7.99 (k))
#       Scan step(s):  5.00 0.50 0.07
#  Integration times:  0.50 0.50 0.50    kwgt in EXAFS region: 0.0 
#
# User Comment:
# 50oC
#
#
# Amplifier Sensitivities:
# Preslit: 20 nA/V  I0: 20 nA/V  I: 100 pA/V  IREF: 50 pA/V  
#
# Analog Input Voltages at start/end of scan:
# Preslit: 0.033/0.033  I0: 0.411/0.199  Ignore: 0.012/0.005  I: 0.740/0.450  IREF: 0.212/0.134  
#
# Mono Info:
# 
#
# ID Info:
# 
#
# Slit Info:
# Kappa S1:  Center is at -542 (H), 500 (V)   Size is 8000 wide x 2000 high
# Vacuum Slits:  Center is at 850 (H), -25 (V)   Size is 899 wide x 1000 high
#
# Motor Positions:
# SMV (20bm:m29): -37594.243125 SMH (20bm:m30): 4802.187500 
#
# Detector Names/PVs:
# I0/20bm:scaler1_netA.C  I/20bm:scaler1_netA.E  IREF/20bm:scaler1_netA.F  
#
# Positioner names/Drive PVs/Readback PVs:
# Mono Energy */20bm:monoE.VAL/20bm:EnctoE.VAL  Scaler preset time */20bm:scaler1.TP/  
# Here is a readable list of column headings:
#  1) Mono Energy *        
#  2) Scaler preset time * 
#  3) I0                   
#  4) I                    
#  5) IREF                 
#
# Column Headings:
#Mono Energy *        Scaler preset time * I0                   I                    IREF                 
        4865.38658797            0.50000000        15434.39355469        31984.19335937         4387.99414062 
        4870.45241530            0.50000000        15235.39355469        31708.19335937         4325.99414062 
        4875.46271053            0.50000000        15129.39355469        31822.19335937         4219.99414062 
        4880.54201781            0.50000000        14919.39355469        31689.19335937         4188.99414062 
        4885.59442313            0.50000000        14755.39355469        31551.19335937         4065.99438477 
        4890.57624875            0.50000000        14682.39355469        31742.19335937         3998.99438477 
        4895.66118128            0.50000000        14564.39355469        31788.19335937         3967.99438477 
        4900.77228306            0.50000000        14421.39355469        31844.19335937         3868.99438477 
        4905.80274538            0.50000000        14304.39355469        31776.19335937         3850.99438477 
        4910.81531763            0.50000000        14197.39355469        31953.19335937         3787.99438477 
        4915.82448876            0.50000000        13929.39355469        31737.19335937         3719.99438477 
        4920.85466623            0.50000000        13961.39355469        32210.19335937         3760.99438477 
        4925.88633288            0.50000000        13797.39355469        32127.19335937         3685.99438477 
        4930.89488023            0.50000000        13677.39355469        32177.19335937         3666.99438477 
        4935.96387021            0.50000000        13551.39355469        32195.19335937         3649.99438477 
        4936.47632534            0.50000000        13667.39355469        32637.19335937         3667.99438477 
        4936.94453528            0.50000000        13695.39355469        32718.19335937         3675.99438477 
        4937.44735323            0.50000000        13673.39355469        32730.19335937         3678.99438477 
        4937.92069616            0.50000000        13518.39355469        32459.19335937         3629.99438477 
        4938.43359654            0.50000000        13627.39355469        32608.19335937         3641.99438477 
        4938.94168024            0.50000000        13576.39355469        32476.19335937         3627.99438477 
        4939.44494397            0.50000000        13545.39355469        32585.19335937         3644.99438477 
        4939.98286958            0.50000000        13505.39355469        32418.19335937         3609.99438477 
        4940.47155546            0.50000000        13542.39355469        32585.19335937         3637.99438477 
        4940.98009864            0.50000000        13546.39355469        32781.19531250         3621.99438477 
        4941.44924499            0.50000000        13441.39355469        32530.19335937         3632.99438477 
        4941.93824871            0.50000000        13454.39355469        32591.19335937         3594.99438477 
        4942.42735845            0.50000000        13540.39355469        32755.19335937         3625.99438477 
        4942.97093809            0.50000000        13436.39355469        32615.19335937         3591.99438477 
        4943.46027175            0.50000000        13408.39355469        32581.19335937         3617.99438477 
        4944.02882287            0.50000000        13438.39355469        32678.19335937         3589.99438477 
        4944.46893032            0.50000000        13374.39355469        32519.19335937         3569.99438477 
        4945.00310856            0.50000000        13367.39355469        32549.19335937         3571.99438477 
        4945.46814437            0.50000000        13284.39355469        32465.19335937         3584.99438477 
        4945.96296847            0.50000000        13308.39355469        32438.19335937         3547.99438477 
        4946.43315182            0.50000000        13383.39355469        32605.19335937         3583.99438477 
        4946.99255003            0.50000000        13339.39355469        32670.19335937         3601.99438477 
        4947.47780404            0.50000000        13301.39355469        32531.19335937         3592.99438477 
        4948.05232107            0.50000000        13328.39355469        32692.19335937         3583.99438477 
        4948.47835043            0.50000000        13257.39355469        32668.19335937         3610.99438477 
        4949.01843333            0.50000000        13320.39355469        32798.19531250         3583.99438477 
        4949.47438357            0.50000000        13352.39355469        32965.19531250         3626.99438477 
        4949.98991638            0.50000000        13324.39355469        32881.19531250         3596.99438477 
        4950.44606265            0.50000000        13292.39355469        32836.19531250         3631.99438477 
        4951.01637495            0.50000000        13424.39355469        33123.19531250         3631.99438477 
        4951.48265014            0.50000000        13278.39355469        32833.19531250         3577.99438477 
        4952.07307262            0.50000000        13397.39355469        33118.19531250         3620.99438477 
        4952.48497116            0.50000000        13373.39355469        33123.19531250         3598.99438477 
        4953.02601211            0.50000000        13353.39355469        33053.19531250         3624.99438477 
        4953.48773654            0.50000000        13337.39355469        33172.19531250         3591.99438477 
        4953.99921876            0.50000000        13283.39355469        33108.19531250         3592.99438477 
        4954.44623964            0.50000000        13269.39355469        33023.19531250         3553.99438477 
        4955.02253017            0.50000000        13349.39355469        33343.19531250         3617.99438477 
        4955.48963188            0.50000000        13188.39355469        32975.19531250         3555.99438477 
        4956.08110105            0.50000000        13317.39355469        33315.19531250         3606.99438477 
        4956.48875800            0.50000000        13188.39355469        33089.19531250         3549.99438477 
        4957.04070326            0.50000000        13198.39355469        33058.19531250         3566.99438477 
        4957.49329930            0.50000000        13219.39355469        33162.19531250         3558.99438477 
        4958.02061316            0.50000000        13179.39355469        33094.19531250         3565.99438477 
        4958.44852407            0.50000000        13194.39355469        33119.19531250         3560.99438477 
        4959.02085687            0.50000000        13243.39355469        33373.19531250         3542.99438477 
        4959.49376261            0.50000000        13147.39355469        33074.19531250         3553.99438477 
        4960.07631904            0.50000000        13189.39355469        33306.19531250         3567.99438477 
        4960.48469573            0.50000000        13104.39355469        33073.19531250         3527.99438477 
        4961.03263372            0.50000000        13303.39355469        33522.19531250         3568.99438477 
        4961.48602802            0.50000000        13005.39355469        32890.19531250         3467.99438477 
        4962.02424006            0.50000000        13251.39355469        33525.19531250         3565.99438477 
        4962.44293777            0.50000000        13027.39355469        32995.19531250         3477.99438477 
        4963.02625276            0.50000000        13270.39355469        33644.19531250         3522.99438477 
        4963.49500771            0.50000000        13009.39355469        33057.19531250         3454.99438477 
        4964.09355911            0.50000000        13123.39355469        33381.19531250         3423.99438477 
        4964.47771280            0.50000000        12989.39355469        33202.19531250         3357.99438477 
        4965.03160731            0.50000000        13130.39355469        33417.19531250         3293.99438477 
        4965.48081026            0.50000000        12986.39355469        33198.19531250         3099.99438477 
        4966.01997121            0.50000000        13055.39355469        33244.19531250         2702.99438477 
        4966.43441345            0.50000000        12955.39355469        33226.19531250         2136.99438477 
        4967.02375081            0.50000000        13010.39355469        33102.19531250         1850.99438477 
        4967.48334036            0.50000000        12924.39355469        33035.19531250         1935.99438477 
        4968.08794222            0.50000000        13037.39355469        33201.19531250         2223.99438477 
        4968.47277270            0.50000000        12983.39355469        33068.19531250         2297.99438477 
        4969.02264369            0.50000000        13025.39355469        32823.19531250         2280.99438477 
        4969.47263719            0.50000000        12901.39355469        32582.19335937         2184.99438477 
        4970.01274711            0.50000000        12981.39355469        32526.19335937         2085.99438477 
        4970.42791887            0.50000000        12897.39355469        32210.19335937         1959.99438477 
        4971.01328989            0.50000000        12909.39355469        31917.19335937         1888.99438477 
        4971.47869241            0.50000000        12842.39355469        32093.19335937         1861.99438477 
        4972.07935267            0.50000000        12930.39355469        32374.19335937         1857.99438477 
        4972.46485998            0.50000000        12853.39355469        32367.19335937         1832.99438477 
        4973.02070638            0.50000000        12930.39355469        32543.19335937         1788.99438477 
        4973.47149245            0.50000000        12802.39355469        32229.19335937         1666.99438477 
        4974.00253293            0.50000000        12876.39355469        32103.19335937         1597.99438477 
        4974.41843424            0.50000000        12830.39355469        31710.19335937         1483.99438477 
        4975.01485923            0.50000000        12832.39355469        30958.19335937         1385.99438477 
        4975.46604086            0.50000000        12758.39355469        30342.19335937         1329.99438477 
        4976.06274067            0.50000000        12905.39355469        29920.19335937         1285.99438477 
        4976.45895557            0.50000000        12719.39355469        29116.19335937         1205.99438477 
        4977.01076217            0.50000000        12903.39355469        29104.19335937         1163.99438477 
        4977.46233985            0.50000000        12684.39355469        28365.19335937         1084.99438477 
        4977.99431297            0.50000000        12851.39355469        28363.19335937         1075.99438477 
        4978.41094477            0.50000000        12666.39355469        27732.19335937         1018.99432373 
        4979.00339599            0.50000000        12752.39355469        27765.19335937          992.99432373 
        4979.47043656            0.50000000        12685.39355469        27453.19335937          955.99432373 
        4980.06316360            0.50000000        12730.39355469        27258.19335937          939.99432373 
        4980.46007558            0.50000000        12641.39355469        26834.19335937          890.99432373 
        4981.02290481            0.50000000        12650.39355469        26472.19335937          893.99432373 
        4981.47527912            0.50000000        12647.39355469        26035.19335937          866.99432373 
        4981.99813468            0.50000000        12557.39355469        25341.19335937          834.99432373 
        4982.41549975            0.50000000        12641.39355469        24955.19335937          832.99432373 
        4983.00396353            0.50000000        12631.39355469        24139.19335937          836.99432373 
        4983.46679395            0.50000000        12562.39355469        23260.19335937          813.99432373 
        4984.04546418            0.50000000        12591.39355469        22420.19335937          796.99432373 
        4984.46320443            0.50000000        12573.39355469        21635.19335937          802.99432373 
        4985.00185004            0.50000000        12553.39355469        20884.19335937          780.99432373 
        4985.46005067            0.50000000        12530.39355469        20297.19335937          773.99432373 
        4985.97878448            0.50000000        12478.39355469        19743.19335937          759.99432373 
        4986.42206804            0.50000000        12540.39355469        19495.19335937          772.99432373 
        4986.99644987            0.50000000        12488.39355469        19163.19335937          740.99432373 
        4987.46513168            0.50000000        12443.39355469        19096.19335937          763.99432373 
        4988.04985905            0.50000000        12521.39355469        19189.19335937          748.99432373 
        4988.46329124            0.50000000        12405.39355469        19096.19335937          751.99432373 
        4988.99783900            0.50000000        12474.39355469        19478.19335937          759.99432373 
        4989.46693217            0.50000000        12362.39355469        19531.19335937          762.99432373 
        4989.96134976            0.50000000        12295.39355469        19795.19335937          748.99432373 
        4990.41550109            0.50000000        12350.39355469        20245.19335937          754.99432373 
        4990.98584129            0.50000000        12312.39355469        20633.19335937          762.99432373 
        4991.45534322            0.50000000        12260.39355469        20987.19335937          787.99432373 
        4992.01584291            0.50000000        12280.39355469        21452.19335937          772.99432373 
        4992.45524966            0.50000000        12216.39355469        21637.19335937          755.99432373 
        4992.99073309            0.50000000        12213.39355469        21930.19335937          763.99432373 
        4993.45559407            0.50000000        12288.39355469        22175.19335937          793.99432373 
        4993.93065845            0.50000000        12168.39355469        22076.19335937          788.99432373 
        4994.42604354            0.50000000        12171.39355469        22165.19335937          769.99432373 
        4994.96198916            0.50000000        12249.39355469        22342.19335937          784.99432373 
        4995.44748237            0.50000000        12190.39355469        22173.19335937          779.99432373 
        4995.99884450            0.50000000        12093.39355469        21962.19335937          755.99432373 
        4996.47443794            0.50000000        12222.39355469        22097.19335937          763.99432373 
        4996.97543589            0.50000000        12171.39355469        21869.19335937          739.99432373 
        4997.45629475            0.50000000        12044.39355469        21524.19335937          734.99432373 
        4997.92206499            0.50000000        12139.39355469        21504.19335937          725.99432373 
        4998.44870213            0.50000000        12080.39355469        21207.19335937          702.99432373 
        4998.95519838            0.50000000        11955.39355469        20813.19335937          682.99432373 
        4999.45674017            0.50000000        12112.39355469        20914.19335937          708.99432373 
        4999.99386642            0.50000000        12103.39355469        20688.19335937          679.99432373 
        5000.49056706            0.50000000        12038.39355469        20623.19335937          678.99432373 
        5000.97216550            0.50000000        12012.39355469        20490.19335937          665.99432373 
        5001.47922075            0.50000000        12133.39355469        20646.19335937          677.99432373 
        5001.93059442            0.50000000        12020.39355469        20611.19335937          669.99432373 
        5002.45308181            0.50000000        12038.39355469        20674.19335937          645.99432373 
        5002.91987043            0.50000000        11924.39355469        20614.19335937          680.99432373 
        5003.45781011            0.50000000        12016.39355469        21007.19335937          666.99432373 
        5003.97049288            0.50000000        11844.39355469        20862.19335937          631.99432373 
        5004.50360162            0.50000000        11924.39355469        21254.19335937          643.99432373 
        5004.94541431            0.50000000        11856.39355469        21372.19335937          632.99432373 
        5005.46859010            0.50000000        11949.39355469        21746.19335937          680.99432373 
        5005.92075085            0.50000000        11815.39355469        21776.19335937          653.99432373 
        5007.59299644            0.50000000        11756.39355469        22478.19335937          665.99432373 
        5009.39876463            0.50000000        11732.39355469        23090.19335937          692.99432373 
        5011.19577056            0.50000000        11559.39355469        23132.19335937          689.99432373 
        5013.02476533            0.50000000        11521.39355469        23209.19335937          727.99432373 
        5014.83991647            0.50000000        11378.39355469        22955.19335937          715.99432373 
        5016.81475764            0.50000000        11348.39355469        22950.19335937          713.99432373 
        5018.75553150            0.50000000        11282.39355469        22933.19335937          711.99432373 
        5020.79510940            0.50000000        11261.39355469        23162.19335937          724.99432373 
        5022.78019484            0.50000000        11242.39355469        23419.19335937          716.99432373 
        5024.87457660            0.50000000        11079.39355469        23325.19335937          700.99432373 
        5026.91958908            0.50000000        11056.39355469        23312.19335937          699.99432373 
        5029.06393276            0.50000000        10848.39355469        22897.19335937          676.99432373 
        5031.19999976            0.50000000        10922.39355469        23021.19335937          670.99432373 
        5033.46145744            0.50000000        10870.39355469        22807.19335937          664.99432373 
        5035.74057651            0.50000000        10740.39355469        22343.19335937          634.99432373 
        5038.01164406            0.50000000        10666.39355469        21969.19335937          576.99432373 
        5040.25916073            0.50000000        10536.39355469        21626.19335937          583.99432373 
        5042.64825482            0.50000000        10495.39355469        21506.19335937          566.99432373 
        5045.11217458            0.50000000        10412.39355469        21560.19335937          553.99432373 
        5047.44938279            0.50000000        10302.39355469        21623.19335937          553.99432373 
        5049.98057231            0.50000000        10302.39355469        21833.19335937          582.99432373 
        5052.43157729            0.50000000        10039.39355469        21419.19335937          578.99432373 
        5054.95264984            0.50000000         9985.39355469        21541.19335937          583.99432373 
        5057.57519068            0.50000000         9904.39355469        21471.19335937          589.99432373 
        5060.16428642            0.50000000         9787.39355469        21461.19335937          584.99432373 
        5062.78751994            0.50000000         9707.39355469        21579.19335937          600.99432373 
        5065.55449286            0.50000000         9621.39355469        21480.19335937          593.99432373 
        5068.25168259            0.50000000         9508.39355469        21420.19335937          608.99432373 
        5071.06698117            0.50000000         9213.39355469        21048.19335937          591.99432373 
        5073.95894866            0.50000000         9271.39355469        21317.19335937          617.99432373 
        5076.78116247            0.50000000         9105.39355469        21245.19335937          607.99432373 
        5079.66974605            0.50000000         8852.39355469        20803.19335937          546.99432373 
        5082.71423121            0.50000000         8858.39355469        21156.19335937          533.99432373 
        5085.72587834            0.50000000         8722.39355469        21065.19335937          517.99432373 
        5088.70455233            0.50000000         8719.39355469        21090.19335937          498.99432373 
        5091.83467007            0.50000000         8556.39355469        21000.19335937          469.99432373 
        5094.95842309            0.50000000         8424.39355469        20883.19335937          490.99432373 
        5098.05991575            0.50000000         8367.39355469        20924.19335937          507.99432373 
        5101.23964079            0.50000000         8237.39355469        20938.19335937          515.99432373 
        5104.50321003            0.50000000         8126.39404297        20924.19335937          535.99432373 
        5107.78725428            0.50000000         8012.39404297        20852.19335937          536.99432373 
        5111.07058345            0.50000000         8038.39404297        20961.19335937          544.99432373 
        5114.39577678            0.50000000         7971.39404297        20973.19335937          547.99432373 
        5117.77899722            0.50000000         7754.39404297        20640.19335937          547.99432373 
        5121.18310842            0.50000000         7585.39404297        20457.19335937          540.99432373 
        5124.60284295            0.50000000         7473.39404297        20136.19335937          534.99432373 
        5128.08645346            0.50000000         7563.39404297        20685.19335937          554.99432373 
        5131.61275934            0.50000000         7371.39404297        20283.19335937          534.99432373 
        5135.14434185            0.50000000         7245.39404297        20262.19335937          549.99432373 
        5138.71886720            0.50000000         7089.39404297        19969.19335937          530.99432373 
        5142.42810781            0.50000000         7083.39404297        20130.19335937          523.99432373 
        5145.99208379            0.50000000         6805.39404297        19703.19335937          493.99432373 
        5149.70193983            0.50000000         6737.39404297        19706.19335937          499.99432373 
        5153.43926342            0.50000000         6652.39404297        19606.19335937          490.99432373 
        5157.18248472            0.50000000         6498.39404297        19443.19335937          484.99432373 
        5161.05650932            0.50000000         6380.39404297        19380.19335937          487.99432373 
        5164.86615295            0.50000000         6149.39404297        19037.19335937          486.99432373 
        5168.75817745            0.50000000         6095.39404297        19189.19335937          517.99432373 
        5172.70568737            0.50000000         5952.39404297        18901.19335937          504.99432373 
        5176.55043219            0.50000000         5756.39404297        18576.19335937          518.99432373 
        5180.56562714            0.50000000         4627.39404297        15114.19433594          435.99432373 
        5184.56565149            0.50000000         5612.39404297        18436.19335937          523.99432373 
        5188.55041144            0.50000000         5413.39404297        18133.19335937          517.99432373 
        5192.71240326            0.50000000         5260.39404297        17733.19335937          503.99432373 
        5196.84857090            0.50000000         5057.39404297        17291.19335937          487.99432373 
        5200.95323931            0.50000000         4896.39404297        16957.19335937          484.99432373 
        5205.15344710            0.50000000         4671.39404297        16288.19433594          477.99432373 
        5208.93992880            0.50000000         4422.39404297        15567.19433594          451.99432373 
