# 1-D Scan File created by LabVIEW Control Panel  12/5/2011  10:35:53 PM; Scan time 0 hrs 4 min 29 sec. 
#
# Beamline 20 BM
#
# Scan config: 
#                 E0: 4966.00 eV   223 points
#        Scan bounds:  -100.00 -30.00 40.00 243.35 (7.99 (k))
#       Scan step(s):  5.00 0.50 0.07
#  Integration times:  0.50 0.50 0.50    kwgt in EXAFS region: 0.0 
#
# User Comment:
# 50oC
#
#
# Amplifier Sensitivities:
# Preslit: 20 nA/V  I0: 20 nA/V  I: 100 pA/V  IREF: 50 pA/V  
#
# Analog Input Voltages at start/end of scan:
# Preslit: 0.035/0.031  I0: 0.793/0.534  Ignore: 0.023/0.014  I: 0.940/1.020  IREF: 0.246/0.150  
#
# Mono Info:
# 
#
# ID Info:
# 
#
# Slit Info:
# Kappa S1:  Center is at -542 (H), 500 (V)   Size is 8000 wide x 2000 high
# Vacuum Slits:  Center is at 850 (H), -25 (V)   Size is 899 wide x 1000 high
#
# Motor Positions:
# SMV (20bm:m29): -37594.243125 SMH (20bm:m30): 4802.187500 
#
# Detector Names/PVs:
# I0/20bm:scaler1_netA.C  I/20bm:scaler1_netA.E  IREF/20bm:scaler1_netA.F  
#
# Positioner names/Drive PVs/Readback PVs:
# Mono Energy */20bm:monoE.VAL/20bm:EnctoE.VAL  Scaler preset time */20bm:scaler1.TP/  
# Here is a readable list of column headings:
#  1) Mono Energy *        
#  2) Scaler preset time * 
#  3) I0                   
#  4) I                    
#  5) IREF                 
#
# Column Headings:
#Mono Energy *        Scaler preset time * I0                   I                    IREF                 
        4865.41522989            0.50000000        34699.39453125        42139.19531250         6043.99414062 
        4870.47155359            0.50000000        34564.39453125        42303.19531250         6048.99414062 
        4875.48668751            0.50000000        34584.39453125        42649.19531250         5889.99414062 
        4880.56124329            0.50000000        34466.39453125        42911.19531250         5846.99414062 
        4885.60887503            0.50000000        34294.39453125        43074.19531250         5787.99414062 
        4890.60038926            0.50000000        34337.39453125        43643.19531250         5783.99414062 
        4895.68537692            0.50000000        34299.39453125        43947.19531250         5705.99414062 
        4900.80138442            0.50000000        34250.39453125        44315.19531250         5679.99414062 
        4905.83191233            0.50000000        34092.39453125        44584.19531250         5666.99414062 
        4910.83967791            0.50000000        34111.39453125        45090.19531250         5605.99414062 
        4915.86355258            0.50000000        33742.39453125        45051.19531250         5438.99414062 
        4920.88892378            0.50000000        33980.39453125        45895.19531250         5508.99414062 
        4925.92557222            0.50000000        33873.39453125        46305.19531250         5482.99414062 
        4930.93420707            0.50000000        33834.39453125        46891.19531250         5485.99414062 
        4935.99835873            0.50000000        33828.39453125        47316.19531250         5475.99414062 
        4936.50589362            0.50000000        33902.39453125        47627.19531250         5501.99414062 
        4936.97903881            0.50000000        33965.39453125        47746.19531250         5535.99414062 
        4937.47693425            0.50000000        33998.39453125        47792.19531250         5507.99414062 
        4937.96014590            0.50000000        33787.39453125        47575.19531250         5464.99414062 
        4938.46319051            0.50000000        33909.39453125        47848.19531250         5513.99414062 
        4938.98608135            0.50000000        33910.39453125        47831.19531250         5517.99414062 
        4939.47948579            0.50000000        33834.39453125        47819.19531250         5482.99414062 
        4940.03222698            0.50000000        33821.39453125        47876.19531250         5463.99414062 
        4940.49623937            0.50000000        33887.39453125        48030.19531250         5480.99414062 
        4941.01466398            0.50000000        33927.39453125        48110.19531250         5481.99414062 
        4941.48381752            0.50000000        33683.39453125        47883.19531250         5453.99414062 
        4941.98764892            0.50000000        33782.39453125        48068.19531250         5477.99414062 
        4942.45700487            0.50000000        33902.39453125        48207.19531250         5512.99414062 
        4943.00553395            0.50000000        33778.39453125        48147.19531250         5501.99414062 
        4943.49487512            0.50000000        33778.39453125        48243.19531250         5537.99414062 
        4944.05849034            0.50000000        33856.39453125        48391.19531250         5531.99414062 
        4944.50354916            0.50000000        33747.39453125        48313.19531250         5463.99414062 
        4945.03278883            0.50000000        33741.39453125        48324.19531250         5444.99414062 
        4945.50277852            0.50000000        33605.39453125        48269.19531250         5400.99414062 
        4946.00255908            0.50000000        33653.39453125        48322.19531250         5472.99414062 
        4946.46780078            0.50000000        33753.39453125        48457.19531250         5512.99414062 
        4947.02720757            0.50000000        33678.39453125        48587.19531250         5525.99414062 
        4947.51246903            0.50000000        33738.39453125        48728.19531250         5583.99414062 
        4948.09194832            0.50000000        33690.39453125        48736.19531250         5514.99414062 
        4948.50807641            0.50000000        33589.39453125        48614.19531250         5535.99414062 
        4949.04816641            0.50000000        33624.39453125        48744.19531250         5515.99414062 
        4949.51403577            0.50000000        33746.39453125        48896.19531250         5534.99414062 
        4950.02957762            0.50000000        33608.39453125        48820.19531250         5496.99414062 
        4950.47085585            0.50000000        33638.39453125        48890.19531250         5505.99414062 
        4951.04117440            0.50000000        33831.39453125        49301.19531250         5558.99414062 
        4951.51737660            0.50000000        33698.39453125        49107.19531250         5510.99414062 
        4952.10780815            0.50000000        33818.39453125        49393.19531250         5587.99414062 
        4952.50978672            0.50000000        33808.39453125        49393.19531250         5535.99414062 
        4953.06076229            0.50000000        33783.39453125        49347.19531250         5534.99414062 
        4953.52249381            0.50000000        33811.39453125        49508.19531250         5550.99414062 
        4954.03895037            0.50000000        33734.39453125        49491.19531250         5533.99414062 
        4954.47604417            0.50000000        33725.39453125        49458.19531250         5543.99414062 
        4955.04240487            0.50000000        33875.39453125        49789.19531250         5550.99414062 
        4955.51945015            0.50000000        33636.39453125        49564.19531250         5544.99414062 
        4956.11092712            0.50000000        33813.39453125        49874.19531250         5528.99414062 
        4956.51858944            0.50000000        33588.39453125        49591.19531250         5513.99414062 
        4957.07054197            0.50000000        33710.39453125        49770.19531250         5506.99414062 
        4957.52314398            0.50000000        33718.39453125        49806.19531250         5535.99414062 
        4958.05544010            0.50000000        33704.39453125        49841.19531250         5527.99414062 
        4958.47838134            0.50000000        33672.39453125        49903.19531250         5525.99414062 
        4959.05072168            0.50000000        33751.39453125        50088.19531250         5508.99414062 
        4959.52363366            0.50000000        33639.39453125        49954.19531250         5507.99414062 
        4960.11117759            0.50000000        33726.39453125        50220.19531250         5496.99414062 
        4960.52454130            0.50000000        33594.39453125        50042.19531250         5475.99414062 
        4961.05754314            0.50000000        33900.39453125        50597.19531250         5553.99414062 
        4961.51592534            0.50000000        33495.39453125        50008.19531250         5422.99414062 
        4962.05414447            0.50000000        33822.39453125        50540.19531250         5514.99414062 
        4962.47284771            0.50000000        33590.39453125        50279.19531250         5418.99414062 
        4963.05118409            0.50000000        33903.39453125        50799.19531250         5542.99414062 
        4963.52493153            0.50000000        33467.39453125        50194.19531250         5364.99414062 
        4964.12349083            0.50000000        33688.39453125        50586.19531250         5364.99414062 
        4964.51263909            0.50000000        33537.39453125        50501.19531250         5266.99414062 
        4965.06155141            0.50000000        33706.39453125        50674.19531250         5154.99414062 
        4965.51076028            0.50000000        33531.39453125        50540.19531250         4883.99414062 
        4966.05492125            0.50000000        33610.39453125        50650.19531250         4241.99414062 
        4966.46437607            0.50000000        33544.39453125        50637.19531250         3366.99438477 
        4967.04872612            0.50000000        33600.39453125        50597.19531250         2989.99438477 
        4967.51331682            0.50000000        33459.39453125        50388.19531250         3187.99438477 
        4968.11292923            0.50000000        33593.39453125        50479.19531250         3577.99438477 
        4968.50276223            0.50000000        33437.39453125        50063.19531250         3686.99438477 
        4969.04764099            0.50000000        33594.39453125        50042.19531250         3683.99438477 
        4969.50263993            0.50000000        33412.39453125        49574.19531250         3518.99438477 
        4970.03775531            0.50000000        33524.39453125        49569.19531250         3360.99438477 
        4970.45293164            0.50000000        33436.39453125        49275.19531250         3214.99438477 
        4971.03830911            0.50000000        33571.39453125        49388.19531250         3132.99438477 
        4971.50371675            0.50000000        33359.39453125        49359.19531250         3063.99438477 
        4972.10438363            0.50000000        33565.39453125        49840.19531250         3039.99438477 
        4972.49490225            0.50000000        33436.39453125        49719.19531250         2984.99438477 
        4973.04574771            0.50000000        33577.39453125        49945.19531250         2923.99438477 
        4973.49653875            0.50000000        33367.39453125        49477.19531250         2735.99438477 
        4974.03259554            0.50000000        33530.39453125        49220.19531250         2607.99438477 
        4974.44850235            0.50000000        33382.39453125        48424.19531250         2479.99438477 
        4975.03992253            0.50000000        33441.39453125        47345.19531250         2328.99438477 
        4975.50113652            0.50000000        33369.39453125        46252.19531250         2205.99438477 
        4976.09283052            0.50000000        33602.39453125        45485.19531250         2123.99438477 
        4976.49406655            0.50000000        33341.39453125        44497.19531250         2006.99438477 
        4977.03584747            0.50000000        33659.39453125        44307.19531250         1990.99438477 
        4977.49746632            0.50000000        33393.39453125        43532.19531250         1858.99438477 
        4978.03446693            0.50000000        33617.39453125        43425.19531250         1834.99438477 
        4978.44608588            0.50000000        33294.39453125        42700.19531250         1747.99438477 
        4979.02348178            0.50000000        33576.39453125        42803.19531250         1724.99438477 
        4979.50057150            0.50000000        33400.39453125        42308.19531250         1648.99438477 
        4980.09833022            0.50000000        33526.39453125        42142.19531250         1636.99438477 
        4980.49524833            0.50000000        33336.39453125        41601.19531250         1572.99438477 
        4981.04300843            0.50000000        33373.39453125        41096.19531250         1562.99438477 
        4981.50544060            0.50000000        33455.39453125        40585.19531250         1516.99438477 
        4982.03333119            0.50000000        33331.39453125        39494.19531250         1502.99438477 
        4982.44567369            0.50000000        33373.39453125        38593.19531250         1469.99438477 
        4983.02911495            0.50000000        33500.39453125        37289.19531250         1457.99438477 
        4983.49698181            0.50000000        33314.39453125        35818.19531250         1415.99438477 
        4984.07565970            0.50000000        33378.39453125        34346.19531250         1391.99438477 
        4984.49340549            0.50000000        33378.39453125        33089.19531250         1394.99438477 
        4985.02702350            0.50000000        33344.39453125        31783.19335937         1348.99438477 
        4985.49026494            0.50000000        33292.39453125        30949.19335937         1343.99438477 
        4986.00900562            0.50000000        33249.39453125        30217.19335937         1333.99438477 
        4986.44725719            0.50000000        33413.39453125        29973.19335937         1346.99438477 
        4987.02164537            0.50000000        33266.39453125        29529.19335937         1332.99438477 
        4987.49033236            0.50000000        33291.39453125        29529.19335937         1333.99438477 
        4988.08010764            0.50000000        33370.39453125        29722.19335937         1355.99438477 
        4988.48850294            0.50000000        33219.39453125        29851.19335937         1334.99438477 
        4989.02810017            0.50000000        33322.39453125        30520.19335937         1357.99438477 
        4989.49215497            0.50000000        33145.39453125        30858.19335937         1342.99438477 
        4990.00171511            0.50000000        33108.39453125        31546.19335937         1326.99438477 
        4990.44073437            0.50000000        33102.39453125        32227.19335937         1336.99438477 
        4991.01108087            0.50000000        33149.39453125        33019.19531250         1364.99438477 
        4991.49068599            0.50000000        33015.39453125        33489.19531250         1391.99438477 
        4992.05119435            0.50000000        33086.39453125        34191.19531250         1387.99438477 
        4992.48555669            0.50000000        32978.39453125        34490.19531250         1348.99438477 
        4993.01599484            0.50000000        33015.39453125        34883.19531250         1379.99438477 
        4993.48591438            0.50000000        33056.39453125        35165.19531250         1380.99438477 
        4993.97614852            0.50000000        32954.39453125        35236.19531250         1370.99438477 
        4994.44626562            0.50000000        33005.39453125        35341.19531250         1367.99438477 
        4994.99232947            0.50000000        33089.39453125        35403.19531250         1358.99438477 
        4995.47782912            0.50000000        33038.39453125        35319.19531250         1348.99438477 
        4996.03931669            0.50000000        32910.39453125        35000.19531250         1337.99438477 
        4996.49973823            0.50000000        33063.39453125        34996.19531250         1356.99438477 
        4997.00580294            0.50000000        33087.39453125        34775.19531250         1322.99438477 
        4997.48666818            0.50000000        32836.39453125        34278.19531250         1263.99438477 
        4997.95244461            0.50000000        32955.39453125        34088.19531250         1278.99438477 
        4998.46389539            0.50000000        32842.39453125        33711.19531250         1297.99438477 
        4998.97546057            0.50000000        32798.39453125        33332.19531250         1258.99438477 
        4999.47194012            0.50000000        32983.39453125        33304.19531250         1227.99438477 
        5000.01413781            0.50000000        32985.39453125        33111.19531250         1225.99438477 
        5000.50070493            0.50000000        32890.39453125        32914.19531250         1221.99438477 
        5000.98230551            0.50000000        32799.39453125        32878.19531250         1190.99438477 
        5001.48429187            0.50000000        33056.39453125        33135.19531250         1226.99438477 
        5001.94073867            0.50000000        32904.39453125        33171.19531250         1206.99438477 
        5002.46830168            0.50000000        32914.39453125        33387.19531250         1210.99438477 
        5002.94524210            0.50000000        32730.39453125        33377.19531250         1179.99438477 
        5003.47811220            0.50000000        32876.39453125        33903.19531250         1204.99438477 
        5003.98572284            0.50000000        32621.39453125        33862.19531250         1186.99438477 
        5004.51883513            0.50000000        32693.39453125        34370.19531250         1199.99438477 
        5004.96572959            0.50000000        32641.39453125        34675.19531250         1204.99438477 
        5005.48891001            0.50000000        32825.39453125        35343.19531250         1203.99438477 
        5005.93091279            0.50000000        32628.39453125        35555.19531250         1200.99438477 
        5007.60825050            0.50000000        32700.39453125        36983.19531250         1231.99438477 
        5009.41403070            0.50000000        32846.39453125        38202.19531250         1285.99438477 
        5011.21614130            0.50000000        32616.39453125        38622.19531250         1316.99438477 
        5013.03495880            0.50000000        32611.39453125        38808.19531250         1310.99438477 
        5014.84501723            0.50000000        32452.39453125        38531.19531250         1283.99438477 
        5016.81986279            0.50000000        32511.39453125        38524.19531250         1296.99438477 
        5018.76064096            0.50000000        32321.39453125        38561.19531250         1307.99438477 
        5020.80022340            0.50000000        32387.39453125        39246.19531250         1314.99438477 
        5022.79043168            0.50000000        32338.39453125        39624.19531250         1310.99438477 
        5024.88482276            0.50000000        32188.39453125        39840.19531250         1310.99438477 
        5026.92471671            0.50000000        32184.39453125        39986.19531250         1318.99438477 
        5029.07419758            0.50000000        31961.39453125        39698.19531250         1276.99438477 
        5031.21541128            0.50000000        32044.39453125        39709.19531250         1264.99438477 
        5033.48202632            0.50000000        32090.39453125        39558.19531250         1228.99438477 
        5035.76116572            0.50000000        31871.39453125        38814.19531250         1148.99438477 
        5038.02194877            0.50000000        31897.39453125        38438.19531250         1117.99438477 
        5040.28494769            0.50000000        31602.39453125        37886.19531250         1074.99438477 
        5042.66374297            0.50000000        31655.39453125        38113.19531250         1077.99438477 
        5045.13284748            0.50000000        31518.39453125        38355.19531250         1066.99438477 
        5047.46490313            0.50000000        31395.39453125        38618.19531250         1080.99438477 
        5049.99610963            0.50000000        31393.39453125        38894.19531250         1114.99438477 
        5052.44194646            0.50000000        31051.39453125        38669.19531250         1102.99438477 
        5054.96822053            0.50000000        31096.39453125        39008.19531250         1155.99438477 
        5057.59077899            0.50000000        30964.39453125        39239.19531250         1138.99438477 
        5060.17989214            0.50000000        30801.39453125        39445.19531250         1173.99438477 
        5062.80835111            0.50000000        30690.39453125        39799.19531250         1192.99438477 
        5065.58056289            0.50000000        30747.39453125        40154.19531250         1188.99438477 
        5068.28822308            0.50000000        30651.39453125        40266.19531250         1197.99438477 
        5071.09311307            0.50000000        30196.39453125        40033.19531250         1163.99438477 
        5073.99034596            0.50000000        30508.39453125        41019.19531250         1214.99438477 
        5076.80211933            0.50000000        30244.39453125        41058.19531250         1192.99438477 
        5079.69072890            0.50000000        29746.39453125        40763.19531250         1137.99438477 
        5082.74049405            0.50000000        29898.39453125        41403.19531250         1124.99438477 
        5085.75217509            0.50000000        29665.39453125        41482.19531250         1085.99438477 
        5088.74141484            0.50000000        29786.39453125        42054.19531250         1071.99438477 
        5091.86630881            0.50000000        29573.39453125        42100.19531250         1040.99438477 
        5094.99538432            0.50000000        29265.39453125        41990.19531250          996.99432373 
        5098.09692598            0.50000000        29309.39453125        42400.19531250         1041.99438477 
        5101.27140690            0.50000000        29087.39453125        42544.19531250         1099.99438477 
        5104.54562394            0.50000000        28849.39453125        42753.19531250         1138.99438477 
        5107.81910920            0.50000000        28803.39453125        43110.19531250         1171.99438477 
        5111.10248294            0.50000000        28832.39453125        43470.19531250         1169.99438477 
        5114.42772144            0.50000000        28700.39453125        43612.19531250         1185.99438477 
        5117.80565608            0.50000000        28261.39453125        43224.19531250         1184.99438477 
        5121.20446635            0.50000000        27941.39453125        42961.19531250         1169.99438477 
        5124.63492646            0.50000000        27871.39453125        43107.19531250         1189.99438477 
        5128.11858442            0.50000000        28066.39453125        43921.19531250         1218.99438477 
        5131.63957517            0.50000000        27815.39453125        43899.19531250         1190.99438477 
        5135.16045539            0.50000000        27585.39453125        43919.19531250         1208.99438477 
        5138.75114318            0.50000000        27319.39453125        43974.19531250         1173.99438477 
        5142.44427107            0.50000000        27458.39453125        44567.19531250         1178.99438477 
        5146.00827141            0.50000000        26814.39453125        44046.19531250         1164.99438477 
        5149.72355718            0.50000000        26720.39453125        44382.19531250         1149.99438477 
        5153.44467626            0.50000000        26635.39453125        44779.19531250         1134.99438477 
        5157.19874892            0.50000000        26360.39453125        44899.19531250         1144.99438477 
        5161.05650932            0.50000000        26191.39453125        45277.19531250         1174.99438477 
        5164.87159190            0.50000000        25826.39453125        45274.19531250         1178.99438477 
        5168.76362530            0.50000000        25788.39453125        45855.19531250         1210.99438477 
        5172.71660116            0.50000000        25449.39453125        45899.19531250         1235.99438477 
        5176.56136360            0.50000000        25045.39453125        45793.19531250         1265.99438477 
        5180.57110204            0.50000000        20968.39453125        39006.19531250         1126.99438477 
        5184.56565149            0.50000000        25159.39453125        46948.19531250         1314.99438477 
        5188.55590467            0.50000000        24833.39453125        47062.19531250         1330.99438477 
        5192.71240326            0.50000000        24286.39453125        46603.19531250         1317.99438477 
        5196.84305860            0.50000000        23800.39453125        46225.19531250         1302.99438477 
        5200.95876107            0.50000000        23513.39453125        46233.19531250         1300.99438477 
        5205.15344710            0.50000000        23113.39453125        46052.19531250         1283.99438477 
        5208.92884851            0.50000000        22373.39453125        45229.19531250         1253.99438477 
