# 1-D Scan File created by LabVIEW Control Panel  12/6/2011  2:16:46 AM; Scan time 0 hrs 4 min 28 sec. 
#
# Beamline 20 BM
#
# Scan config: 
#                 E0: 4966.00 eV   223 points
#        Scan bounds:  -100.00 -30.00 40.00 243.35 (7.99 (k))
#       Scan step(s):  5.00 0.50 0.07
#  Integration times:  0.50 0.50 0.50    kwgt in EXAFS region: 0.0 
#
# User Comment:
# 50oC
#
#
# Amplifier Sensitivities:
# Preslit: 20 nA/V  I0: 20 nA/V  I: 100 pA/V  IREF: 50 pA/V  
#
# Analog Input Voltages at start/end of scan:
# Preslit: 0.033/0.030  I0: 0.491/0.250  Ignore: 0.014/0.006  I: 0.795/0.563  IREF: 0.222/0.139  
#
# Mono Info:
# 
#
# ID Info:
# 
#
# Slit Info:
# Kappa S1:  Center is at -542 (H), 500 (V)   Size is 8000 wide x 2000 high
# Vacuum Slits:  Center is at 850 (H), -25 (V)   Size is 899 wide x 1000 high
#
# Motor Positions:
# SMV (20bm:m29): -37594.243125 SMH (20bm:m30): 4802.187500 
#
# Detector Names/PVs:
# I0/20bm:scaler1_netA.C  I/20bm:scaler1_netA.E  IREF/20bm:scaler1_netA.F  
#
# Positioner names/Drive PVs/Readback PVs:
# Mono Energy */20bm:monoE.VAL/20bm:EnctoE.VAL  Scaler preset time */20bm:scaler1.TP/  
# Here is a readable list of column headings:
#  1) Mono Energy *        
#  2) Scaler preset time * 
#  3) I0                   
#  4) I                    
#  5) IREF                 
#
# Column Headings:
#Mono Energy *        Scaler preset time * I0                   I                    IREF                 
        4865.40090888            0.50000000        19418.39453125        34750.19531250         4826.99414062 
        4870.45719986            0.50000000        19216.39453125        34631.19531250         4717.99414062 
        4875.46750590            0.50000000        19108.39453125        34725.19531250         4628.99414062 
        4880.54201781            0.50000000        18941.39453125        34758.19531250         4550.99414062 
        4885.58960585            0.50000000        18748.39453125        34706.19531250         4477.99414062 
        4890.57624875            0.50000000        18675.39453125        34904.19531250         4420.99414062 
        4895.66118128            0.50000000        18569.39453125        35023.19531250         4398.99414062 
        4900.77713326            0.50000000        18464.39453125        35258.19531250         4324.99414062 
        4905.80760651            0.50000000        18336.39453125        35226.19531250         4328.99414062 
        4910.81044561            0.50000000        18305.39453125        35596.19531250         4272.99414062 
        4915.82937170            0.50000000        18032.39453125        35513.19531250         4161.99414062 
        4920.85466623            0.50000000        18075.39453125        36029.19531250         4182.99414062 
        4925.89123776            0.50000000        17931.39453125        36138.19531250         4137.99414062 
        4930.89488023            0.50000000        17857.39453125        36338.19531250         4123.99414062 
        4935.96387021            0.50000000        17716.39453125        36477.19531250         4121.99414062 
        4936.47632534            0.50000000        17811.39453125        36892.19531250         4135.99414062 
        4936.94453528            0.50000000        17800.39453125        36813.19531250         4142.99414062 
        4937.44735323            0.50000000        17812.39453125        36883.19531250         4138.99414062 
        4937.92562734            0.50000000        17693.39453125        36766.19531250         4100.99414062 
        4938.43852885            0.50000000        17747.39453125        36849.19531250         4123.99414062 
        4938.94661366            0.50000000        17755.39453125        36800.19531250         4124.99414062 
        4939.44494397            0.50000000        17735.39453125        36981.19531250         4109.99414062 
        4939.99274098            0.50000000        17706.39453125        36757.19531250         4114.99414062 
        4940.47155546            0.50000000        17720.39453125        36939.19531250         4126.99414062 
        4940.98009864            0.50000000        17688.39453125        37045.19531250         4114.99414062 
        4941.45418389            0.50000000        17568.39453125        36762.19531250         4065.99438477 
        4941.94812866            0.50000000        17633.39453125        36941.19531250         4118.99414062 
        4942.43229949            0.50000000        17716.39453125        37131.19531250         4159.99414062 
        4942.97588032            0.50000000        17598.39453125        36985.19531250         4077.99438477 
        4943.46521506            0.50000000        17579.39453125        36999.19531250         4091.99438477 
        4944.02387833            0.50000000        17649.39453125        37117.19531250         4137.99414062 
        4944.46893032            0.50000000        17515.39453125        36910.19531250         4074.99438477 
        4944.99816189            0.50000000        17528.39453125        37005.19531250         4045.99438477 
        4945.46814437            0.50000000        17405.39453125        36831.19531250         4027.99438477 
        4945.96296847            0.50000000        17438.39453125        36929.19531250         4049.99438477 
        4946.43315182            0.50000000        17514.39453125        36995.19531250         4091.99438477 
        4946.99255003            0.50000000        17492.39453125        37120.19531250         4061.99438477 
        4947.48275614            0.50000000        17473.39453125        37120.19531250         4112.99414062 
        4948.05232107            0.50000000        17504.39453125        37211.19531250         4148.99414062 
        4948.47835043            0.50000000        17429.39453125        37217.19531250         4104.99414062 
        4949.01843333            0.50000000        17380.39453125        37101.19531250         4093.99438477 
        4949.48429656            0.50000000        17438.39453125        37287.19531250         4099.99414062 
        4949.99487399            0.50000000        17393.39453125        37223.19531250         4091.99438477 
        4950.44606265            0.50000000        17376.39453125        37255.19531250         4087.99438477 
        4951.01637495            0.50000000        17518.39453125        37526.19531250         4110.99414062 
        4951.48761103            0.50000000        17419.39453125        37418.19531250         4074.99438477 
        4952.08299700            0.50000000        17470.39453125        37473.19531250         4123.99414062 
        4952.48993425            0.50000000        17455.39453125        37446.19531250         4085.99438477 
        4953.03594068            0.50000000        17407.39453125        37364.19531250         4073.99438477 
        4953.48773654            0.50000000        17511.39453125        37724.19531250         4133.99414062 
        4954.00418517            0.50000000        17389.39453125        37562.19531250         4048.99438477 
        4954.45120703            0.50000000        17423.39453125        37651.19531250         4115.99414062 
        4955.02749883            0.50000000        17463.39453125        37743.19531250         4104.99414062 
        4955.49957126            0.50000000        17300.39453125        37490.19531250         4051.99438477 
        4956.08607204            0.50000000        17398.39453125        37771.19531250         4103.99414062 
        4956.48875800            0.50000000        17208.39453125        37392.19531250         4046.99438477 
        4957.04070326            0.50000000        17313.39453125        37651.19531250         4083.99438477 
        4957.49827339            0.50000000        17305.39453125        37614.19531250         4081.99438477 
        4958.02558841            0.50000000        17264.39453125        37670.19531250         4091.99438477 
        4958.45350026            0.50000000        17274.39453125        37648.19531250         4082.99438477 
        4959.02583431            0.50000000        17351.39453125        37949.19531250         4086.99438477 
        4959.49874109            0.50000000        17229.39453125        37709.19531250         4062.99438477 
        4960.08627857            0.50000000        17288.39453125        37871.19531250         4102.99414062 
        4960.49465706            0.50000000        17206.39453125        37726.19531250         4059.99438477 
        4961.04259746            0.50000000        17397.39453125        38118.19531250         4102.99414062 
        4961.49101088            0.50000000        17140.39453125        37680.19531250         4011.99438477 
        4962.02922410            0.50000000        17362.39453125        38190.19531250         4093.99438477 
        4962.44293777            0.50000000        17138.39453125        37774.19531250         4006.99438477 
        4963.03123900            0.50000000        17338.39453125        38095.19531250         4019.99438477 
        4963.49999498            0.50000000        17083.39453125        37748.19531250         3924.99438477 
        4964.09355911            0.50000000        17144.39453125        37853.19531250         3922.99438477 
        4964.48769169            0.50000000        17048.39453125        37832.19531250         3836.99438477 
        4965.03659796            0.50000000        17184.39453125        38058.19531250         3767.99438477 
        4965.48580190            0.50000000        17053.39453125        37881.19531250         3571.99438477 
        4966.02496404            0.50000000        17121.39453125        38019.19531250         3110.99438477 
        4966.43441345            0.50000000        17014.39453125        37808.19531250         2494.99438477 
        4967.02375081            0.50000000        17088.39453125        37810.19531250         2112.99438477 
        4967.48334036            0.50000000        16924.39453125        37557.19531250         2220.99438477 
        4968.08294485            0.50000000        17042.39453125        37642.19531250         2539.99438477 
        4968.47277270            0.50000000        16968.39453125        37504.19531250         2650.99438477 
        4969.02264369            0.50000000        17017.39453125        37329.19531250         2623.99438477 
        4969.47263719            0.50000000        16891.39453125        37050.19531250         2528.99438477 
        4970.00774550            0.50000000        16986.39453125        37010.19531250         2396.99438477 
        4970.42291635            0.50000000        16874.39453125        36680.19531250         2280.99438477 
        4971.01829371            0.50000000        17009.39453125        36721.19531250         2226.99438477 
        4971.47869241            0.50000000        16873.39453125        36719.19531250         2174.99438477 
        4972.07935267            0.50000000        16978.39453125        37031.19531250         2153.99438477 
        4972.46485998            0.50000000        16901.39453125        37059.19531250         2106.99438477 
        4973.01569815            0.50000000        16972.39453125        37186.19531250         2053.99438477 
        4973.46147401            0.50000000        16862.39453125        36894.19531250         1965.99438477 
        4974.00253293            0.50000000        16922.39453125        36652.19531250         1857.99438477 
        4974.41843424            0.50000000        16850.39453125        36184.19531250         1765.99438477 
        4975.01485923            0.50000000        16889.39453125        35434.19531250         1653.99438477 
        4975.46604086            0.50000000        16802.39453125        34632.19531250         1566.99438477 
        4976.06274067            0.50000000        16962.39453125        34173.19531250         1486.99438477 
        4976.45895557            0.50000000        16762.39453125        33270.19531250         1411.99438477 
        4977.01076217            0.50000000        16926.39453125        33200.19531250         1362.99438477 
        4977.46735789            0.50000000        16728.39453125        32490.19335937         1270.99438477 
        4977.99933217            0.50000000        16873.39453125        32366.19335937         1233.99438477 
        4978.41596489            0.50000000        16672.39453125        31749.19335937         1192.99438477 
        4979.00339599            0.50000000        16856.39453125        31884.19335937         1156.99438477 
        4979.47545902            0.50000000        16735.39453125        31489.19335937         1142.99438477 
        4980.06818737            0.50000000        16815.39453125        31328.19335937         1140.99438477 
        4980.46007558            0.50000000        16708.39453125        30887.19335937         1088.99438477 
        4981.02290481            0.50000000        16691.39453125        30378.19335937         1045.99438477 
        4981.47527912            0.50000000        16738.39453125        30039.19335937         1045.99438477 
        4982.00316272            0.50000000        16658.39453125        29273.19335937         1022.99432373 
        4982.42052871            0.50000000        16682.39453125        28639.19335937          992.99432373 
        4982.99893329            0.50000000        16693.39453125        27723.19335937          985.99432373 
        4983.46679395            0.50000000        16535.39453125        26653.19335937          928.99432373 
        4984.04546418            0.50000000        16664.39453125        25758.19335937          937.99432373 
        4984.45817096            0.50000000        16624.39453125        24860.19335937          942.99432373 
        4985.00185004            0.50000000        16592.39453125        23882.19335937          902.99432373 
        4985.46005067            0.50000000        16673.39453125        23388.19335937          866.99432373 
        4985.97878448            0.50000000        16558.39453125        22708.19335937          875.99432373 
        4986.41703024            0.50000000        16620.39453125        22492.19335937          881.99432373 
        4986.99141081            0.50000000        16616.39453125        22195.19335937          885.99432373 
        4987.46513168            0.50000000        16568.39453125        22050.19335937          905.99432373 
        4988.04985905            0.50000000        16657.39453125        22165.19335937          914.99432373 
        4988.46329124            0.50000000        16536.39453125        22188.19335937          904.99432373 
        4989.00288250            0.50000000        16571.39453125        22523.19335937          912.99432373 
        4989.46188765            0.50000000        16434.39453125        22678.19335937          890.99432373 
        4989.96639539            0.50000000        16391.39453125        23043.19335937          914.99432373 
        4990.41550109            0.50000000        16432.39453125        23553.19335937          895.99432373 
        4990.98079340            0.50000000        16419.39453125        24014.19335937          924.99432373 
        4991.45534322            0.50000000        16385.39453125        24505.19335937          911.99432373 
        4992.02089308            0.50000000        16391.39453125        25036.19335937          916.99432373 
        4992.45524966            0.50000000        16312.39355469        25184.19335937          900.99432373 
        4992.98568077            0.50000000        16298.39355469        25566.19335937          903.99432373 
        4993.45559407            0.50000000        16344.39355469        25741.19335937          911.99432373 
        4993.93571286            0.50000000        16254.39355469        25730.19335937          915.99432373 
        4994.42604354            0.50000000        16239.39355469        25780.19335937          910.99432373 
        4994.96198916            0.50000000        16374.39355469        25939.19335937          915.99432373 
        4995.44748237            0.50000000        16324.39355469        25895.19335937          922.99432373 
        4995.99378553            0.50000000        16191.39355469        25588.19335937          895.99432373 
        4996.47443794            0.50000000        16305.39355469        25633.19335937          891.99432373 
        4996.97543589            0.50000000        16247.39355469        25457.19335937          877.99432373 
        4997.45629475            0.50000000        16185.39355469        25209.19335937          861.99432373 
        4997.92206499            0.50000000        16210.39355469        24953.19335937          861.99432373 
        4998.44363774            0.50000000        16139.39355469        24645.19335937          831.99432373 
        4998.95013286            0.50000000        16031.39355469        24273.19335937          834.99432373 
        4999.45167354            0.50000000        16196.39355469        24356.19335937          808.99432373 
        4999.99386642            0.50000000        16210.39355469        24177.19335937          819.99432373 
        5000.48549814            0.50000000        16126.39355469        24058.19335937          799.99432373 
        5000.96709552            0.50000000        16051.39355469        23862.19335937          774.99432373 
        5001.46907854            0.50000000        16222.39355469        24105.19335937          804.99432373 
        5001.92552231            0.50000000        16139.39355469        24097.19335937          781.99432373 
        5002.44800855            0.50000000        16044.39355469        24077.19335937          766.99432373 
        5002.91987043            0.50000000        15981.39355469        24112.19335937          783.99432373 
        5003.45781011            0.50000000        16074.39355469        24507.19335937          798.99432373 
        5003.97049288            0.50000000        15880.39355469        24404.19335937          758.99432373 
        5004.50360162            0.50000000        15958.39355469        24864.19335937          790.99432373 
        5004.94541431            0.50000000        15852.39355469        24956.19335937          769.99432373 
        5005.46859010            0.50000000        15997.39355469        25445.19335937          800.99432373 
        5005.91566990            0.50000000        15856.39355469        25576.19335937          778.99432373 
        5007.59299644            0.50000000        15834.39355469        26470.19335937          804.99432373 
        5009.39367596            0.50000000        15808.39355469        27130.19335937          842.99432373 
        5011.19577056            0.50000000        15594.39355469        27264.19335937          830.99432373 
        5013.02476533            0.50000000        15558.39355469        27342.19335937          824.99432373 
        5014.83481572            0.50000000        15475.39355469        27200.19335937          824.99432373 
        5016.80965250            0.50000000        15418.39355469        27133.19335937          848.99432373 
        5018.75042204            0.50000000        15295.39355469        27082.19335937          844.99432373 
        5020.78999541            0.50000000        15301.39355469        27416.19335937          869.99432373 
        5022.78019484            0.50000000        15240.39355469        27617.19335937          855.99432373 
        5024.86945353            0.50000000        15080.39355469        27571.19335937          844.99432373 
        5026.90933386            0.50000000        15034.39355469        27629.19335937          851.99432373 
        5029.05880037            0.50000000        14844.39355469        27301.19335937          837.99432373 
        5031.19486261            0.50000000        14883.39355469        27308.19335937          816.99432373 
        5033.46145744            0.50000000        14824.39355469        27137.19335937          771.99432373 
        5035.73542923            0.50000000        14681.39355469        26566.19335937          745.99432373 
        5038.01164406            0.50000000        14612.39355469        26205.19335937          715.99432373 
        5040.25916073            0.50000000        14405.39355469        25689.19335937          695.99432373 
        5042.64309213            0.50000000        14415.39355469        25772.19335937          668.99432373 
        5045.10700638            0.50000000        14256.39355469        25745.19335937          696.99432373 
        5047.44420937            0.50000000        14164.39355469        25890.19335937          678.99432373 
        5049.97021416            0.50000000        14110.39355469        26022.19335937          713.99432373 
        5052.42639273            0.50000000        13871.39355469        25718.19335937          709.99432373 
        5054.94226943            0.50000000        13826.39355469        25808.19335937          729.99432373 
        5057.56999460            0.50000000        13728.39355469        25919.19335937          753.99432373 
        5060.16428642            0.50000000        13609.39355469        25916.19335937          739.99432373 
        5062.78751994            0.50000000        13489.39355469        26028.19335937          722.99432373 
        5065.55449286            0.50000000        13445.39355469        26102.19335937          722.99432373 
        5068.26212267            0.50000000        13277.39355469        26013.19335937          735.99432373 
        5071.07220752            0.50000000        12977.39355469        25714.19335937          742.99432373 
        5073.95894866            0.50000000        13073.39355469        26109.19335937          763.99432373 
        5076.78116247            0.50000000        12877.39355469        26103.19335937          737.99432373 
        5079.66974605            0.50000000        12596.39355469        25716.19335937          686.99432373 
        5082.71423121            0.50000000        12623.39355469        26112.19335937          676.99432373 
        5085.72587834            0.50000000        12447.39355469        26049.19335937          658.99432373 
        5088.70455233            0.50000000        12470.39355469        26191.19335937          636.99432373 
        5091.83994316            0.50000000        12347.39355469        26268.19335937          635.99432373 
        5094.96370323            0.50000000        12146.39355469        26083.19335937          628.99432373 
        5098.06520289            0.50000000        12095.39355469        26234.19335937          621.99432373 
        5101.25022945            0.50000000        11957.39355469        26283.19335937          646.99432373 
        5104.51381344            0.50000000        11782.39355469        26270.19335937          675.99432373 
        5107.79256341            0.50000000        11666.39355469        26201.19335937          700.99432373 
        5111.07058345            0.50000000        11669.39355469        26382.19335937          698.99432373 
        5114.40110086            0.50000000        11613.39355469        26467.19335937          699.99432373 
        5117.77899722            0.50000000        11316.39355469        26086.19335937          693.99432373 
        5121.18310842            0.50000000        11140.39355469        25928.19335937          686.99432373 
        5124.60819017            0.50000000        10997.39355469        25626.19335937          688.99432373 
        5128.08645346            0.50000000        11116.39355469        26212.19335937          704.99432373 
        5131.60739622            0.50000000        10812.39355469        25767.19335937          701.99432373 
        5135.13897069            0.50000000        10628.39355469        25707.19335937          688.99432373 
        5138.71886720            0.50000000        10481.39355469        25507.19335937          669.99432373 
        5142.42272008            0.50000000        10468.39355469        25709.19335937          680.99432373 
        5145.98668794            0.50000000        10046.39355469        25094.19335937          618.99432373 
        5149.69653553            0.50000000         9994.39355469        25193.19335937          627.99432373 
        5153.42843777            0.50000000         9867.39355469        25139.19335937          618.99432373 
        5157.17706334            0.50000000         9791.39355469        25331.19335937          598.99432373 
        5161.03478849            0.50000000         9589.39355469        25154.19335937          635.99432373 
        5164.84983618            0.50000000         9318.39355469        24929.19335937          639.99432373 
        5168.74728178            0.50000000         9236.39355469        24963.19335937          640.99432373 
        5172.70023049            0.50000000         9064.39355469        24732.19335937          664.99432373 
        5176.53950083            0.50000000         8795.39355469        24476.19335937          658.99432373 
        5180.56015224            0.50000000         7132.39404297        20124.19335937          559.99432373 
        5184.54371529            0.50000000         8678.39355469        24639.19335937          669.99432373 
        5188.53942501            0.50000000         8428.39355469        24323.19335937          665.99432373 
        5192.70690048            0.50000000         8168.39404297        23864.19335937          662.99432373 
        5196.83203404            0.50000000         7913.39404297        23382.19335937          624.99432373 
        5200.94219583            0.50000000         7699.39404297        23041.19335937          635.99432373 
        5205.14238426            0.50000000         7425.39404297        22463.19335937          618.99432373 
        5208.92884851            0.50000000         7049.39404297        21513.19335937          588.99432373 
