# 1-D Scan File created by LabVIEW Control Panel  12/6/2011  12:56:26 AM; Scan time 0 hrs 4 min 28 sec. 
#
# Beamline 20 BM
#
# Scan config: 
#                 E0: 4966.00 eV   223 points
#        Scan bounds:  -100.00 -30.00 40.00 243.35 (7.99 (k))
#       Scan step(s):  5.00 0.50 0.07
#  Integration times:  0.50 0.50 0.50    kwgt in EXAFS region: 0.0 
#
# User Comment:
# 50oC
#
#
# Amplifier Sensitivities:
# Preslit: 20 nA/V  I0: 20 nA/V  I: 100 pA/V  IREF: 50 pA/V  
#
# Analog Input Voltages at start/end of scan:
# Preslit: 0.033/0.032  I0: 0.581/0.343  Ignore: 0.016/0.010  I: 0.855/0.687  IREF: 0.233/0.142  
#
# Mono Info:
# 
#
# ID Info:
# 
#
# Slit Info:
# Kappa S1:  Center is at -542 (H), 500 (V)   Size is 8000 wide x 2000 high
# Vacuum Slits:  Center is at 850 (H), -25 (V)   Size is 899 wide x 1000 high
#
# Motor Positions:
# SMV (20bm:m29): -37594.243125 SMH (20bm:m30): 4802.187500 
#
# Detector Names/PVs:
# I0/20bm:scaler1_netA.C  I/20bm:scaler1_netA.E  IREF/20bm:scaler1_netA.F  
#
# Positioner names/Drive PVs/Readback PVs:
# Mono Energy */20bm:monoE.VAL/20bm:EnctoE.VAL  Scaler preset time */20bm:scaler1.TP/  
# Here is a readable list of column headings:
#  1) Mono Energy *        
#  2) Scaler preset time * 
#  3) I0                   
#  4) I                    
#  5) IREF                 
#
# Column Headings:
#Mono Energy *        Scaler preset time * I0                   I                    IREF                 
        4865.40568254            0.50000000        23893.39453125        37693.19531250         5348.99414062 
        4870.45719986            0.50000000        23680.39453125        37656.19531250         5310.99414062 
        4875.46750590            0.50000000        23617.39453125        37853.19531250         5224.99414062 
        4880.54201781            0.50000000        23403.39453125        37769.19531250         5083.99414062 
        4885.59442313            0.50000000        23203.39453125        37817.19531250         4994.99414062 
        4890.58107683            0.50000000        23126.39453125        38058.19531250         4977.99414062 
        4895.66602039            0.50000000        23043.39453125        38314.19531250         4899.99414062 
        4900.78683369            0.50000000        22986.39453125        38650.19531250         4860.99414062 
        4905.81732881            0.50000000        22849.39453125        38705.19531250         4801.99414062 
        4910.82506171            0.50000000        22751.39453125        38908.19531250         4777.99414062 
        4915.83913761            0.50000000        22482.39453125        38974.19531250         4664.99414062 
        4920.86445405            0.50000000        22533.39453125        39471.19531250         4666.99414062 
        4925.89614265            0.50000000        22452.39453125        39810.19531250         4635.99414062 
        4930.90962771            0.50000000        22331.39453125        40033.19531250         4625.99414062 
        4935.97865094            0.50000000        22259.39453125        40255.19531250         4601.99414062 
        4936.48618139            0.50000000        22343.39453125        40651.19531250         4643.99414062 
        4936.95932245            0.50000000        22373.39453125        40698.19531250         4650.99414062 
        4937.45228338            0.50000000        22341.39453125        40625.19531250         4654.99414062 
        4937.93548973            0.50000000        22225.39453125        40523.19531250         4607.99414062 
        4938.44346116            0.50000000        22321.39453125        40674.19531250         4650.99414062 
        4938.96141396            0.50000000        22238.39453125        40570.19531250         4599.99414062 
        4939.45481300            0.50000000        22186.39453125        40605.19531250         4601.99414062 
        4940.00261241            0.50000000        22231.39453125        40682.19531250         4656.99414062 
        4940.47155546            0.50000000        22220.39453125        40731.19531250         4609.99414062 
        4940.98503651            0.50000000        22340.39453125        41087.19531250         4626.99414062 
        4941.45912280            0.50000000        22209.39453125        40837.19531250         4596.99414062 
        4941.95800866            0.50000000        22264.39453125        40974.19531250         4583.99414062 
        4942.44712268            0.50000000        22410.39453125        41286.19531250         4701.99414062 
        4942.98576482            0.50000000        22276.39453125        41130.19531250         4606.99414062 
        4943.47015837            0.50000000        22252.39453125        41095.19531250         4638.99414062 
        4944.02882287            0.50000000        22343.39453125        41288.19531250         4632.99414062 
        4944.47882136            0.50000000        22235.39453125        41151.19531250         4627.99414062 
        4945.00310856            0.50000000        22161.39453125        41033.19531250         4630.99414062 
        4945.47309207            0.50000000        22100.39453125        41053.19531250         4569.99414062 
        4945.97286606            0.50000000        22124.39453125        41069.19531250         4583.99414062 
        4946.44305147            0.50000000        22190.39453125        41147.19531250         4623.99414062 
        4946.99750107            0.50000000        22189.39453125        41352.19531250         4637.99414062 
        4947.48275614            0.50000000        22136.39453125        41301.19531250         4660.99414062 
        4948.06222782            0.50000000        22188.39453125        41494.19531250         4658.99414062 
        4948.48330474            0.50000000        22057.39453125        41316.19531250         4608.99414062 
        4949.03329982            0.50000000        22121.39453125        41463.19531250         4629.99414062 
        4949.48925307            0.50000000        22151.39453125        41587.19531250         4616.99414062 
        4949.99983162            0.50000000        22099.39453125        41576.19531250         4605.99414062 
        4950.45597990            0.50000000        22096.39453125        41501.19531250         4592.99414062 
        4951.02629470            0.50000000        22209.39453125        41746.19531250         4639.99414062 
        4951.49257193            0.50000000        22072.39453125        41568.19531250         4609.99414062 
        4952.09292143            0.50000000        22192.39453125        41779.19531250         4650.99414062 
        4952.49489735            0.50000000        22152.39453125        41754.19531250         4626.99414062 
        4953.03594068            0.50000000        22163.39453125        41752.19531250         4636.99414062 
        4953.49766714            0.50000000        22150.39453125        41830.19531250         4638.99414062 
        4954.00915160            0.50000000        22099.39453125        41890.19531250         4582.99414062 
        4954.45617444            0.50000000        22125.39453125        41911.19531250         4607.99414062 
        4955.02749883            0.50000000        22180.39453125        42152.19531250         4643.99414062 
        4955.49957126            0.50000000        22037.39453125        41909.19531250         4597.99414062 
        4956.09104303            0.50000000        22112.39453125        42110.19531250         4590.99414062 
        4956.49870177            0.50000000        21995.39453125        41939.19531250         4575.99414062 
        4957.04567635            0.50000000        22028.39453125        42029.19531250         4600.99414062 
        4957.49827339            0.50000000        22020.39453125        42043.19531250         4597.99414062 
        4958.03553893            0.50000000        22050.39453125        42079.19531250         4580.99414062 
        4958.45847645            0.50000000        22000.39453125        42057.19531250         4588.99414062 
        4959.03081176            0.50000000        22041.39453125        42268.19531250         4597.99414062 
        4959.49874109            0.50000000        21941.39453125        42146.19531250         4541.99414062 
        4960.08627857            0.50000000        21978.39453125        42224.19531250         4548.99414062 
        4960.49963774            0.50000000        21865.39453125        42039.19531250         4547.99414062 
        4961.04757934            0.50000000        22118.39453125        42590.19531250         4603.99414062 
        4961.49599375            0.50000000        21834.39453125        42068.19531250         4516.99414062 
        4962.03420815            0.50000000        22133.39453125        42677.19531250         4598.99414062 
        4962.44792274            0.50000000        21842.39453125        42237.19531250         4535.99414062 
        4963.03123900            0.50000000        22059.39453125        42587.19531250         4525.99414062 
        4963.50498227            0.50000000        21768.39453125        42157.19531250         4431.99414062 
        4964.10353630            0.50000000        21873.39453125        42282.19531250         4415.99414062 
        4964.49268115            0.50000000        21801.39453125        42364.19531250         4372.99414062 
        4965.03659796            0.50000000        21874.39453125        42470.19531250         4253.99414062 
        4965.48580190            0.50000000        21769.39453125        42396.19531250         4046.99438477 
        4966.02995688            0.50000000        21858.39453125        42505.19531250         3493.99438477 
        4966.44440095            0.50000000        21749.39453125        42380.19531250         2785.99438477 
        4967.02874585            0.50000000        21804.39453125        42345.19531250         2419.99438477 
        4967.49333247            0.50000000        21730.39453125        42219.19531250         2553.99438477 
        4968.08794222            0.50000000        21807.39453125        42279.19531250         2905.99438477 
        4968.47777093            0.50000000        21680.39453125        41998.19531250         3002.99438477 
        4969.03264258            0.50000000        21758.39453125        41808.19531250         3006.99438477 
        4969.47763762            0.50000000        21661.39453125        41572.19531250         2852.99438477 
        4970.01774873            0.50000000        21766.39453125        41573.19531250         2748.99438477 
        4970.43292141            0.50000000        21684.39453125        41290.19531250         2611.99438477 
        4971.02329755            0.50000000        21786.39453125        41268.19531250         2543.99438477 
        4971.48369726            0.50000000        21686.39453125        41293.19531250         2454.99438477 
        4972.08435884            0.50000000        21749.39453125        41571.19531250         2450.99438477 
        4972.47487403            0.50000000        21667.39453125        41652.19531250         2413.99438477 
        4973.03072288            0.50000000        21719.39453125        41661.19531250         2323.99438477 
        4973.47650169            0.50000000        21610.39453125        41451.19531250         2212.99438477 
        4974.01756418            0.50000000        21679.39453125        41096.19531250         2116.99438477 
        4974.42845690            0.50000000        21638.39453125        40697.19531250         1975.99438477 
        4975.02488452            0.50000000        21647.39453125        39677.19531250         1850.99438477 
        4975.48609545            0.50000000        21582.39453125        38848.19531250         1756.99438477 
        4976.07778554            0.50000000        21786.39453125        38220.19531250         1704.99438477 
        4976.46898723            0.50000000        21525.39453125        37258.19531250         1590.99438477 
        4977.02581332            0.50000000        21744.39453125        37195.19531250         1552.99438477 
        4977.47739399            0.50000000        21573.39453125        36505.19531250         1497.99438477 
        4978.00937062            0.50000000        21740.39453125        36439.19531250         1457.99438477 
        4978.42600518            0.50000000        21457.39453125        35719.19531250         1386.99438477 
        4979.00841742            0.50000000        21615.39453125        35762.19531250         1325.99438477 
        4979.48550398            0.50000000        21541.39453125        35344.19531250         1303.99438477 
        4980.07321115            0.50000000        21506.39453125        35020.19531250         1264.99438477 
        4980.47514955            0.50000000        21506.39453125        34760.19531250         1230.99438477 
        4981.02290481            0.50000000        21501.39453125        34236.19531250         1224.99438477 
        4981.48030601            0.50000000        21505.39453125        33751.19531250         1214.99438477 
        4982.00819077            0.50000000        21411.39453125        32804.19531250         1167.99438477 
        4982.43058667            0.50000000        21431.39453125        32120.19335937         1134.99438477 
        4983.00899379            0.50000000        21515.39453125        31181.19335937         1128.99438477 
        4983.47685652            0.50000000        21376.39453125        29981.19335937         1103.99438477 
        4984.05049674            0.50000000        21394.39453125        28722.19335937         1078.99438477 
        4984.46823792            0.50000000        21414.39453125        27792.19335937         1089.99438477 
        4985.00688471            0.50000000        21370.39453125        26692.19335937         1042.99438477 
        4985.46508635            0.50000000        21370.39453125        26043.19335937         1049.99438477 
        4985.98885815            0.50000000        21283.39453125        25346.19335937         1038.99438477 
        4986.42710584            0.50000000        21386.39453125        25118.19335937         1040.99438477 
        4986.99644987            0.50000000        21333.39453125        24772.19335937         1035.99438477 
        4987.47017180            0.50000000        21309.39453125        24683.19335937         1064.99438477 
        4988.05490045            0.50000000        21366.39453125        24790.19335937         1056.99438477 
        4988.46833355            0.50000000        21225.39453125        24797.19335937         1026.99438477 
        4989.00792601            0.50000000        21301.39453125        25330.19335937         1037.99438477 
        4989.47197671            0.50000000        21193.39453125        25516.19335937         1046.99438477 
        4989.97144103            0.50000000        21151.39453125        26016.19335937         1044.99438477 
        4990.42054772            0.50000000        21192.39453125        26590.19335937         1061.99438477 
        4990.99593709            0.50000000        21158.39453125        27143.19335937         1048.99438477 
        4991.46544110            0.50000000        21065.39453125        27553.19335937         1041.99438477 
        4992.02594326            0.50000000        21119.39453125        28181.19335937         1046.99438477 
        4992.46535196            0.50000000        21040.39453125        28436.19335937         1051.99438477 
        4992.99578542            0.50000000        21015.39453125        28768.19335937         1055.99438477 
        4993.46570080            0.50000000        21093.39453125        29037.19335937         1080.99438477 
        4993.95087615            0.50000000        20973.39453125        28986.19335937         1052.99438477 
        4994.43109904            0.50000000        20996.39453125        29136.19335937         1073.99438477 
        4994.97210255            0.50000000        21077.39453125        29200.19335937         1068.99438477 
        4995.45254013            0.50000000        21044.39453125        29106.19335937         1070.99438477 
        4996.00896248            0.50000000        20863.39453125        28768.19335937         1020.99432373 
        4996.47949797            0.50000000        21013.39453125        28849.19335937         1032.99438477 
        4996.98555820            0.50000000        21005.39453125        28645.19335937         1029.99438477 
        4997.46641918            0.50000000        20884.39453125        28311.19335937         1036.99438477 
        4997.93725475            0.50000000        20947.39453125        28152.19335937          995.99432373 
        4998.44870213            0.50000000        20859.39453125        27776.19335937          955.99432373 
        4998.96026391            0.50000000        20755.39453125        27376.19335937          964.99432373 
        4999.45674017            0.50000000        20911.39453125        27435.19335937          974.99432373 
        4999.99893425            0.50000000        20909.39453125        27290.19335937          977.99432373 
        5000.49056706            0.50000000        20808.39453125        27116.19335937          949.99432373 
        5000.97216550            0.50000000        20790.39453125        27008.19335937          930.99432373 
        5001.47922075            0.50000000        20958.39453125        27247.19335937          952.99432373 
        5001.93059442            0.50000000        20838.39453125        27266.19335937          913.99432373 
        5002.45815509            0.50000000        20798.39453125        27316.19335937          916.99432373 
        5002.93001906            0.50000000        20664.39453125        27268.19335937          921.99432373 
        5003.46288562            0.50000000        20775.39453125        27737.19335937          929.99432373 
        5003.97049288            0.50000000        20643.39453125        27811.19335937          911.99432373 
        5004.50360162            0.50000000        20689.39453125        28198.19335937          937.99432373 
        5004.95049312            0.50000000        20626.39453125        28444.19335937          902.99432373 
        5005.47367006            0.50000000        20760.39453125        28864.19335937          933.99432373 
        5005.92075085            0.50000000        20536.39453125        28930.19335937          909.99432373 
        5007.59808111            0.50000000        20584.39453125        30133.19335937          934.99432373 
        5009.39876463            0.50000000        20566.39453125        30930.19335937          969.99432373 
        5011.20086323            0.50000000        20344.39453125        31169.19335937          977.99432373 
        5013.01966861            0.50000000        20262.39453125        31250.19335937          990.99432373 
        5014.83991647            0.50000000        20195.39453125        31085.19335937          986.99432373 
        5016.80965250            0.50000000        20110.39453125        30880.19335937          990.99432373 
        5018.74531260            0.50000000        19994.39453125        30986.19335937          999.99432373 
        5020.78999541            0.50000000        19976.39453125        31325.19335937         1027.99438477 
        5022.77507644            0.50000000        19892.39453125        31518.19335937          996.99432373 
        5024.86945353            0.50000000        19751.39453125        31641.19335937          999.99432373 
        5026.90933386            0.50000000        19691.39453125        31682.19335937          990.99432373 
        5029.05366799            0.50000000        19479.39453125        31328.19335937          976.99432373 
        5031.18458834            0.50000000        19594.39453125        31506.19335937          971.99432373 
        5033.45117307            0.50000000        19478.39453125        31130.19335937          915.99432373 
        5035.71998748            0.50000000        19330.39453125        30633.19335937          885.99432373 
        5038.00133939            0.50000000        19273.39453125        30190.19335937          837.99432373 
        5040.24368869            0.50000000        19074.39453125        29761.19335937          822.99432373 
        5042.62760412            0.50000000        19125.39453125        29914.19335937          807.99432373 
        5045.09667002            0.50000000        18946.39453125        29988.19335937          808.99432373 
        5047.43386256            0.50000000        18793.39453125        30032.19335937          813.99432373 
        5049.97021416            0.50000000        18765.39453125        30260.19335937          810.99432373 
        5052.41602363            0.50000000        18566.39453125        30084.19335937          823.99432373 
        5054.93188907            0.50000000        18503.39453125        30247.19335937          842.99432373 
        5057.56479853            0.50000000        18371.39453125        30333.19335937          865.99432373 
        5060.14868081            0.50000000        18303.39453125        30518.19335937          876.99432373 
        5062.77189668            0.50000000        18150.39453125        30640.19335937          874.99432373 
        5065.53885099            0.50000000        18083.39453125        30726.19335937          885.99432373 
        5068.24646257            0.50000000        17931.39453125        30746.19335937          885.99432373 
        5071.05652849            0.50000000        17605.39453125        30508.19335937          890.99432373 
        5073.93801737            0.50000000        17727.39453125        31075.19335937          890.99432373 
        5076.77068411            0.50000000        17494.39453125        30995.19335937          870.99432373 
        5079.65925470            0.50000000        17108.39453125        30520.19335937          825.99432373 
        5082.70372616            0.50000000        17132.39453125        31004.19335937          821.99432373 
        5085.71010044            0.50000000        16947.39453125        31032.19335937          790.99432373 
        5088.69402029            0.50000000        16974.39453125        31285.19335937          776.99432373 
        5091.82412392            0.50000000        16850.39453125        31294.19335937          758.99432373 
        5094.95314296            0.50000000        16576.39453125        31088.19335937          736.99432373 
        5098.05991575            0.50000000        16540.39453125        31277.19335937          769.99432373 
        5101.23434648            0.50000000        16423.39453125        31503.19335937          797.99432373 
        5104.50321003            0.50000000        16252.39355469        31543.19335937          832.99432373 
        5107.78194517            0.50000000        16089.39355469        31541.19335937          836.99432373 
        5111.06526691            0.50000000        16130.39355469        31877.19335937          841.99432373 
        5114.39577678            0.50000000        16029.39355469        31862.19335937          855.99432373 
        5117.77899722            0.50000000        15652.39355469        31374.19335937          857.99432373 
        5121.17776897            0.50000000        15420.39355469        31221.19335937          830.99432373 
        5124.60284295            0.50000000        15222.39355469        31050.19335937          844.99432373 
        5128.08645346            0.50000000        15433.39355469        31676.19335937          851.99432373 
        5131.60739622            0.50000000        15084.39355469        31269.19335937          853.99432373 
        5135.13897069            0.50000000        14930.39355469        31392.19335937          850.99432373 
        5138.71886720            0.50000000        14735.39355469        31299.19335937          833.99432373 
        5142.41733236            0.50000000        14706.39355469        31452.19335937          826.99432373 
        5145.98668794            0.50000000        14290.39355469        31005.19335937          800.99432373 
        5149.70193983            0.50000000        14233.39355469        31276.19335937          796.99432373 
        5153.42843777            0.50000000        14081.39355469        31214.19335937          781.99432373 
        5157.17706334            0.50000000        13862.39355469        31154.19335937          795.99432373 
        5161.03478849            0.50000000        13702.39355469        31264.19335937          792.99432373 
        5164.84983618            0.50000000        13337.39355469        30995.19335937          803.99432373 
        5168.74728178            0.50000000        13284.39355469        31252.19335937          804.99432373 
        5172.70023049            0.50000000        12953.39355469        30879.19335937          827.99432373 
        5176.53950083            0.50000000        12692.39355469        30685.19335937          832.99432373 
        5180.56015224            0.50000000        10397.39355469        25593.19335937          742.99432373 
        5184.54919932            0.50000000        12574.39355469        31101.19335937          871.99432373 
        5188.54491822            0.50000000        12297.39355469        30899.19335937          863.99432373 
        5192.70690048            0.50000000        11993.39355469        30480.19335937          851.99432373 
        5196.83754631            0.50000000        11624.39355469        29879.19335937          835.99432373 
        5200.94771756            0.50000000        11332.39355469        29544.19335937          811.99432373 
        5205.14791567            0.50000000        10994.39355469        28994.19335937          800.99432373 
        5208.92884851            0.50000000        10568.39355469        28197.19335937          777.99432373 
