# 1-D Scan File created by LabVIEW Control Panel  12/6/2011  6:57:59 AM; Scan time 0 hrs 4 min 29 sec. 
#
# Beamline 20 BM
#
# Scan config: 
#                 E0: 4966.00 eV   223 points
#        Scan bounds:  -100.00 -30.00 40.00 243.35 (7.99 (k))
#       Scan step(s):  5.00 0.50 0.07
#  Integration times:  0.50 0.50 0.50    kwgt in EXAFS region: 0.0 
#
# User Comment:
# 50oC
#
#
# Amplifier Sensitivities:
# Preslit: 20 nA/V  I0: 20 nA/V  I: 100 pA/V  IREF: 50 pA/V  
#
# Analog Input Voltages at start/end of scan:
# Preslit: 0.033/0.032  I0: 0.308/0.137  Ignore: 0.009/0.003  I: 0.606/0.271  IREF: 0.196/0.127  
#
# Mono Info:
# 
#
# ID Info:
# 
#
# Slit Info:
# Kappa S1:  Center is at -542 (H), 500 (V)   Size is 8000 wide x 2000 high
# Vacuum Slits:  Center is at 850 (H), -25 (V)   Size is 899 wide x 1000 high
#
# Motor Positions:
# SMV (20bm:m29): -37594.243125 SMH (20bm:m30): 4802.187500 
#
# Detector Names/PVs:
# I0/20bm:scaler1_netA.C  I/20bm:scaler1_netA.E  IREF/20bm:scaler1_netA.F  
#
# Positioner names/Drive PVs/Readback PVs:
# Mono Energy */20bm:monoE.VAL/20bm:EnctoE.VAL  Scaler preset time */20bm:scaler1.TP/  
# Here is a readable list of column headings:
#  1) Mono Energy *        
#  2) Scaler preset time * 
#  3) I0                   
#  4) I                    
#  5) IREF                 
#
# Column Headings:
#Mono Energy *        Scaler preset time * I0                   I                    IREF                 
        4865.38181436            0.50000000        10415.39355469        25170.19335937         3503.99438477 
        4870.45241530            0.50000000        10199.39355469        24723.19335937         3379.99438477 
        4875.46271053            0.50000000        10067.39355469        24675.19335937         3311.99438477 
        4880.54682416            0.50000000         9899.39355469        24443.19335937         3197.99438477 
        4885.59442313            0.50000000         9723.39355469        24212.19335937         3119.99438477 
        4890.58590492            0.50000000         9628.39355469        24164.19335937         3062.99438477 
        4895.66118128            0.50000000         9518.39355469        24062.19335937         3026.99438477 
        4900.77228306            0.50000000         9373.39355469        23969.19335937         2932.99438477 
        4905.79788426            0.50000000         9245.39355469        23811.19335937         2925.99438477 
        4910.80557360            0.50000000         9132.39355469        23833.19335937         2848.99438477 
        4915.81960583            0.50000000         8927.39355469        23504.19335937         2761.99438477 
        4920.84487846            0.50000000         8888.39355469        23576.19335937         2754.99438477 
        4925.88142801            0.50000000         8721.39355469        23397.19335937         2698.99438477 
        4930.88504862            0.50000000         8603.39355469        23329.19335937         2665.99438477 
        4935.96387021            0.50000000         8458.39355469        23133.19335937         2649.99438477 
        4936.47139734            0.50000000         8549.39355469        23537.19335937         2650.99438477 
        4936.93467723            0.50000000         8575.39355469        23593.19335937         2680.99438477 
        4937.43256287            0.50000000         8573.39355469        23611.19335937         2667.99438477 
        4937.91576500            0.50000000         8459.39355469        23389.19335937         2631.99438477 
        4938.42866425            0.50000000         8495.39355469        23422.19335937         2657.99438477 
        4938.93674684            0.50000000         8493.39355469        23397.19335937         2650.99438477 
        4939.43507497            0.50000000         8472.39355469        23476.19335937         2638.99438477 
        4939.98286958            0.50000000         8432.39355469        23265.19335937         2608.99438477 
        4940.46168197            0.50000000         8496.39355469        23541.19335937         2656.99438477 
        4940.97022292            0.50000000         8442.39355469        23429.19335937         2652.99438477 
        4941.43936721            0.50000000         8363.39355469        23236.19335937         2623.99438477 
        4941.93330875            0.50000000         8381.39355469        23364.19335937         2625.99438477 
        4942.42735845            0.50000000         8469.39355469        23598.19335937         2623.99438477 
        4942.96599587            0.50000000         8359.39355469        23325.19335937         2597.99438477 
        4943.45038517            0.50000000         8372.39355469        23327.19335937         2603.99438477 
        4944.00904478            0.50000000         8424.39355469        23524.19335937         2651.99438477 
        4944.46398482            0.50000000         8327.39355469        23281.19335937         2599.99438477 
        4944.99321522            0.50000000         8348.39355469        23369.19335937         2599.99438477 
        4945.45824899            0.50000000         8250.39355469        23139.19335937         2571.99438477 
        4945.95307092            0.50000000         8274.39355469        23231.19335937         2577.99438477 
        4946.42820201            0.50000000         8371.39355469        23392.19335937         2605.99438477 
        4946.97769696            0.50000000         8301.39355469        23311.19335937         2594.99438477 
        4947.46294777            0.50000000         8316.39355469        23383.19335937         2602.99438477 
        4948.04241437            0.50000000         8300.39355469        23420.19335937         2629.99438477 
        4948.46348759            0.50000000         8234.39355469        23249.19335937         2614.99438477 
        4949.00852239            0.50000000         8240.39355469        23342.19335937         2589.99438477 
        4949.46942710            0.50000000         8305.39355469        23540.19335937         2630.99438477 
        4949.98000117            0.50000000         8254.39355469        23384.19335937         2591.99438477 
        4950.43118686            0.50000000         8220.39355469        23312.19335937         2588.99438477 
        4951.00645525            0.50000000         8333.39355469        23592.19335937         2634.99438477 
        4951.47272839            0.50000000         8242.39355469        23441.19335937         2590.99438477 
        4952.06811044            0.50000000         8290.39355469        23572.19335937         2607.99438477 
        4952.47008195            0.50000000         8280.39355469        23543.19335937         2583.99438477 
        4953.02601211            0.50000000         8284.39355469        23596.19335937         2603.99438477 
        4953.47780599            0.50000000         8270.39355469        23578.19335937         2601.99438477 
        4953.98928596            0.50000000         8219.39355469        23531.19335937         2574.99438477 
        4954.43630488            0.50000000         8233.39355469        23510.19335937         2578.99438477 
        4955.00762425            0.50000000         8243.39355469        23575.19335937         2593.99438477 
        4955.47472289            0.50000000         8164.39404297        23470.19335937         2565.99438477 
        4956.06618817            0.50000000         8236.39355469        23614.19335937         2560.99438477 
        4956.47881427            0.50000000         8111.39404297        23255.19335937         2533.99438477 
        4957.03075711            0.50000000         8135.39404297        23388.19335937         2548.99438477 
        4957.48832523            0.50000000         8141.39404297        23380.19335937         2552.99438477 
        4958.02061316            0.50000000         8130.39404297        23383.19335937         2552.99438477 
        4958.44852407            0.50000000         8099.39404297        23293.19335937         2531.99438477 
        4959.02085687            0.50000000         8146.39404297        23522.19335937         2559.99438477 
        4959.48878414            0.50000000         8071.39404297        23311.19335937         2541.99438477 
        4960.07631904            0.50000000         8079.39404297        23356.19335937         2531.99438477 
        4960.48469573            0.50000000         8015.39404297        23196.19335937         2513.99438477 
        4961.03263372            0.50000000         8174.39404297        23656.19335937         2550.99438477 
        4961.47606234            0.50000000         7974.39404297        23143.19335937         2485.99438477 
        4962.01427201            0.50000000         8164.39404297        23699.19335937         2531.99438477 
        4962.43795282            0.50000000         7964.39404297        23160.19335937         2442.99438477 
        4963.02126652            0.50000000         8164.39404297        23767.19335937         2534.99438477 
        4963.49002044            0.50000000         7910.39404297        23086.19335937         2455.99438477 
        4964.08857053            0.50000000         8008.39404297        23268.19335937         2438.99438477 
        4964.48270224            0.50000000         7906.39404297        23097.19335937         2358.99438477 
        4965.03160731            0.50000000         7992.39404297        23285.19335937         2321.99438477 
        4965.48081026            0.50000000         7904.39404297        23119.19335937         2203.99438477 
        4966.01997121            0.50000000         7989.39404297        23314.19335937         1943.99438477 
        4966.42941972            0.50000000         7895.39404297        23162.19335937         1539.99438477 
        4967.01376077            0.50000000         7961.39404297        23256.19335937         1345.99438477 
        4967.47834432            0.50000000         7859.39404297        22997.19335937         1395.99438477 
        4968.07794749            0.50000000         7950.39404297        23130.19335937         1581.99438477 
        4968.46277628            0.50000000         7848.39404297        22755.19335937         1633.99438477 
        4969.02264369            0.50000000         7941.39404297        22802.19335937         1610.99438477 
        4969.46763678            0.50000000         7848.39404297        22626.19335937         1539.99438477 
        4970.00774550            0.50000000         7918.39404297        22517.19335937         1484.99438477 
        4970.42291635            0.50000000         7842.39404297        21949.19335937         1396.99438477 
        4971.01328989            0.50000000         7906.39404297        21598.19335937         1340.99438477 
        4971.47368758            0.50000000         7791.39404297        21401.19335937         1294.99438477 
        4972.07434652            0.50000000         7856.39404297        21845.19335937         1295.99438477 
        4972.46485998            0.50000000         7784.39404297        21966.19335937         1280.99438477 
        4973.01569815            0.50000000         7832.39404297        22394.19335937         1255.99438477 
        4973.47149245            0.50000000         7771.39404297        22318.19335937         1187.99438477 
        4974.00253293            0.50000000         7838.39404297        22383.19335937         1143.99438477 
        4974.41342293            0.50000000         7775.39404297        22234.19335937         1085.99438477 
        4975.00984661            0.50000000         7797.39404297        22273.19335937         1014.99432373 
        4975.46604086            0.50000000         7726.39404297        22136.19335937          980.99432373 
        4976.06274067            0.50000000         7840.39404297        22409.19335937          952.99432373 
        4976.44892396            0.50000000         7684.39404297        21834.19335937          892.99432373 
        4977.00072813            0.50000000         7831.39404297        21910.19335937          862.99432373 
        4977.45732183            0.50000000         7698.39404297        21244.19335937          814.99432373 
        4977.98929377            0.50000000         7798.39404297        21068.19335937          807.99432373 
        4978.40592465            0.50000000         7686.39404297        20496.19335937          767.99432373 
        4978.98833176            0.50000000         7744.39404297        20347.19335937          744.99432373 
        4979.46039167            0.50000000         7672.39404297        19850.19335937          718.99432373 
        4980.05311609            0.50000000         7760.39404297        19568.19335937          688.99432373 
        4980.45002632            0.50000000         7644.39404297        18775.19335937          670.99432373 
        4981.00782722            0.50000000         7628.39404297        18244.19335937          669.99432373 
        4981.45517169            0.50000000         7631.39404297        17926.19335937          645.99432373 
        4981.98807863            0.50000000         7578.39404297        17479.19335937          636.99432373 
        4982.40544186            0.50000000         7644.39404297        17321.19335937          628.99432373 
        4982.98384261            0.50000000         7620.39404297        16922.19335937          616.99432373 
        4983.45673142            0.50000000         7541.39404297        16565.19335937          589.99432373 
        4984.03036657            0.50000000         7582.39404297        16377.19433594          609.99432373 
        4984.45313750            0.50000000         7547.39404297        16114.19433594          600.99432373 
        4984.99178073            0.50000000         7526.39404297        15865.19433594          590.99432373 
        4985.44997933            0.50000000         7527.39404297        15629.19433594          586.99432373 
        4985.96367406            0.50000000         7488.39404297        15215.19433594          573.99432373 
        4986.40695468            0.50000000         7514.39404297        15050.19433594          591.99432373 
        4986.98637175            0.50000000         7460.39404297        14629.19433594          556.99432373 
        4987.45505149            0.50000000         7452.39404297        14379.19433594          574.99432373 
        4988.03977627            0.50000000         7507.39404297        14162.19433594          567.99432373 
        4988.45824893            0.50000000         7409.39404297        13691.19433594          562.99432373 
        4988.99279551            0.50000000         7464.39404297        13521.19433594          556.99432373 
        4989.45684313            0.50000000         7356.39404297        13067.19433594          547.99432373 
        4989.95630414            0.50000000         7361.39404297        12975.19433594          528.99432373 
        4990.41045447            0.50000000         7376.39404297        13029.19433594          537.99432373 
        4990.97574553            0.50000000         7370.39404297        13193.19433594          554.99432373 
        4991.45029430            0.50000000         7298.39404297        13351.19433594          542.99432373 
        4992.00574260            0.50000000         7309.39404297        13775.19433594          544.99432373 
        4992.45019853            0.50000000         7281.39404297        14052.19433594          551.99432373 
        4992.98062847            0.50000000         7269.39404297        14324.19433594          575.99432373 
        4993.44548739            0.50000000         7328.39404297        14667.19433594          562.99432373 
        4993.92560406            0.50000000         7257.39404297        14653.19433594          554.99432373 
        4994.41593257            0.50000000         7302.39404297        14896.19433594          562.99432373 
        4994.94681916            0.50000000         7309.39404297        14957.19433594          552.99432373 
        4995.43230915            0.50000000         7272.39404297        14930.19433594          560.99432373 
        4995.98366762            0.50000000         7174.39404297        14780.19433594          537.99432373 
        4996.46431790            0.50000000         7245.39404297        14925.19433594          537.99432373 
        4996.96025252            0.50000000         7192.39404297        14791.19433594          541.99432373 
        4997.44110819            0.50000000         7121.39404297        14612.19433594          526.99432373 
        4997.90687534            0.50000000         7165.39404297        14657.19433594          530.99432373 
        4998.43350898            0.50000000         7130.39404297        14506.19433594          502.99432373 
        4998.94000186            0.50000000         7052.39404297        14232.19433594          492.99432373 
        4999.44154032            0.50000000         7171.39404297        14345.19433594          500.99432373 
        4999.98373080            0.50000000         7153.39404297        14170.19433594          491.99432373 
        5000.48042923            0.50000000         7134.39404297        14013.19433594          483.99432373 
        5000.95695558            0.50000000         7055.39404297        13716.19433594          473.99432373 
        5001.45893638            0.50000000         7155.39404297        13797.19433594          478.99432373 
        5001.92045021            0.50000000         7098.39404297        13692.19433594          487.99432373 
        5002.44293529            0.50000000         7133.39404297        13695.19433594          487.99432373 
        5002.91479613            0.50000000         6999.39404297        13456.19433594          479.99432373 
        5003.45273462            0.50000000         7079.39404297        13709.19433594          476.99432373 
        5003.96033963            0.50000000         6945.39404297        13542.19433594          485.99432373 
        5004.49852381            0.50000000         7007.39404297        13783.19433594          476.99432373 
        5004.93525674            0.50000000         6956.39404297        13793.19433594          450.99432373 
        5005.46351015            0.50000000         7026.39404297        14027.19433594          488.99432373 
        5005.90550802            0.50000000         6904.39404297        13961.19433594          458.99432373 
        5007.58791178            0.50000000         6941.39404297        14462.19433594          479.99432373 
        5009.39367596            0.50000000         6916.39404297        14814.19433594          509.99432373 
        5011.19577056            0.50000000         6765.39404297        14803.19433594          485.99432373 
        5013.01966861            0.50000000         6726.39404297        15030.19433594          507.99432373 
        5014.83481572            0.50000000         6655.39404297        15094.19433594          511.99432373 
        5016.80965250            0.50000000         6615.39404297        15205.19433594          511.99432373 
        5018.75042204            0.50000000         6523.39404297        15086.19433594          500.99432373 
        5020.79510940            0.50000000         6485.39404297        15129.19433594          503.99432373 
        5022.78019484            0.50000000         6457.39404297        15090.19433594          492.99432373 
        5024.87457660            0.50000000         6364.39404297        15018.19433594          477.99432373 
        5026.91958908            0.50000000         6316.39404297        14996.19433594          497.99432373 
        5029.06393276            0.50000000         6179.39404297        14641.19433594          472.99432373 
        5031.19999976            0.50000000         6181.39404297        14724.19433594          467.99432373 
        5033.47688409            0.50000000         6166.39404297        14678.19433594          426.99432373 
        5035.74057651            0.50000000         6065.39404297        14495.19433594          416.99432373 
        5038.01679641            0.50000000         6012.39404297        14330.19433594          392.99432373 
        5040.27463287            0.50000000         5922.39404297        14034.19433594          382.99432373 
        5042.65858025            0.50000000         5917.39404297        14030.19433594          396.99432373 
        5045.12251101            0.50000000         5836.39404297        13914.19433594          368.99432373 
        5047.45455623            0.50000000         5758.39404297        13901.19433594          373.99432373 
        5049.98575141            0.50000000         5751.39404297        13996.19433594          361.99432373 
        5052.43676187            0.50000000         5609.39404297        13771.19433594          375.99432373 
        5054.95784006            0.50000000         5591.39404297        13836.19433594          374.99432373 
        5057.58558288            0.50000000         5507.39404297        13658.19433594          389.99432373 
        5060.17469022            0.50000000         5466.39404297        13584.19433594          387.99432373 
        5062.79793550            0.50000000         5369.39404297        13457.19433594          383.99432373 
        5065.57013484            0.50000000         5342.39404297        13417.19433594          396.99432373 
        5068.26212267            0.50000000         5265.39404297        13438.19433594          397.99432373 
        5071.07743389            0.50000000         5064.39404297        13074.19433594          362.99432373 
        5073.96418151            0.50000000         5128.39404297        13290.19433594          397.99432373 
        5076.78640166            0.50000000         5010.39404297        13195.19433594          383.99432373 
        5079.67499175            0.50000000         4826.39404297        12868.19433594          354.99432373 
        5082.71948375            0.50000000         4797.39404297        12915.19433594          348.99432373 
        5085.73113767            0.50000000         4684.39404297        12746.19433594          336.99432373 
        5088.70981837            0.50000000         4695.39404297        12814.19433594          304.99432373 
        5091.84521627            0.50000000         4575.39404297        12690.19433594          301.99432373 
        5094.96898338            0.50000000         4442.39404297        12535.19433594          294.99432373 
        5098.07049004            0.50000000         4413.39404297        12575.19433594          308.99432373 
        5101.24493511            0.50000000         4298.39404297        12428.19433594          313.99432373 
        5104.51381344            0.50000000         4206.39404297        12315.19433594          327.99432373 
        5107.79256341            0.50000000         4146.39404297        12271.19433594          327.99432373 
        5111.07058345            0.50000000         4131.39404297        12290.19433594          329.99432373 
        5114.40642495            0.50000000         4101.39404297        12299.19433594          326.99432373 
        5117.77899722            0.50000000         3951.39404297        12055.19433594          330.99432373 
        5121.18310842            0.50000000         3840.39404297        11863.19433594          325.99432373 
        5124.60819017            0.50000000         3746.39404297        11596.19433594          304.99432373 
        5128.08109834            0.50000000         3835.39404297        12002.19433594          330.99432373 
        5131.61812249            0.50000000         3683.39404297        11547.19433594          305.99432373 
        5135.14434185            0.50000000         3625.39404297        11568.19433594          308.99432373 
        5138.71886720            0.50000000         3542.39404297        11386.19433594          312.99432373 
        5142.42272008            0.50000000         3560.39404297        11509.19433594          307.99432373 
        5145.98668794            0.50000000         3361.39404297        11136.19433594          298.99432373 
        5149.70193983            0.50000000         3335.39404297        11119.19433594          299.99432373 
        5153.43385059            0.50000000         3269.39404297        10959.19433594          270.99432373 
        5157.17706334            0.50000000         3205.39404297        10992.19433594          267.99432373 
        5161.04021868            0.50000000         3174.39404297        10972.19433594          276.99432373 
        5164.84983618            0.50000000         3050.39404297        10693.19433594          273.99432373 
        5168.74728178            0.50000000         3019.39404297        10748.19433594          271.99432373 
        5172.70023049            0.50000000         2922.39404297        10457.19433594          261.99432373 
        5176.54496650            0.50000000         2817.39404297        10305.19433594          266.99432373 
        5180.56015224            0.50000000         2262.39404297         8361.19433594          237.99432373 
        5184.54919932            0.50000000         2717.39404297        10062.19433594          285.99432373 
        5188.53942501            0.50000000         2617.39404297         9919.19433594          269.99432373 
        5192.70139770            0.50000000         2502.39404297         9599.19433594          249.99432373 
        5196.83203404            0.50000000         2405.39404297         9261.19433594          224.99432373 
        5200.94771756            0.50000000         2307.39404297         9067.19433594          240.99432373 
        5205.14791567            0.50000000         2191.39404297         8687.19433594          224.99432373 
        5208.92884851            0.50000000         2058.39404297         8196.19433594          202.99432373 
