# 1-D Scan File created by LabVIEW Control Panel  12/6/2011  12:26:19 AM; Scan time 0 hrs 4 min 28 sec. 
#
# Beamline 20 BM
#
# Scan config: 
#                 E0: 4966.00 eV   223 points
#        Scan bounds:  -100.00 -30.00 40.00 243.35 (7.99 (k))
#       Scan step(s):  5.00 0.50 0.07
#  Integration times:  0.50 0.50 0.50    kwgt in EXAFS region: 0.0 
#
# User Comment:
# 50oC
#
#
# Amplifier Sensitivities:
# Preslit: 20 nA/V  I0: 20 nA/V  I: 100 pA/V  IREF: 50 pA/V  
#
# Analog Input Voltages at start/end of scan:
# Preslit: 0.034/0.031  I0: 0.615/0.341  Ignore: 0.018/0.009  I: 0.868/0.738  IREF: 0.235/0.141  
#
# Mono Info:
# 
#
# ID Info:
# 
#
# Slit Info:
# Kappa S1:  Center is at -542 (H), 500 (V)   Size is 8000 wide x 2000 high
# Vacuum Slits:  Center is at 850 (H), -25 (V)   Size is 899 wide x 1000 high
#
# Motor Positions:
# SMV (20bm:m29): -37594.243125 SMH (20bm:m30): 4802.187500 
#
# Detector Names/PVs:
# I0/20bm:scaler1_netA.C  I/20bm:scaler1_netA.E  IREF/20bm:scaler1_netA.F  
#
# Positioner names/Drive PVs/Readback PVs:
# Mono Energy */20bm:monoE.VAL/20bm:EnctoE.VAL  Scaler preset time */20bm:scaler1.TP/  
# Here is a readable list of column headings:
#  1) Mono Energy *        
#  2) Scaler preset time * 
#  3) I0                   
#  4) I                    
#  5) IREF                 
#
# Column Headings:
#Mono Energy *        Scaler preset time * I0                   I                    IREF                 
        4865.40090888            0.50000000        25703.39453125        38468.19531250         5477.99414062 
        4870.45241530            0.50000000        25597.39453125        38621.19531250         5481.99414062 
        4875.45311981            0.50000000        25516.39453125        38917.19531250         5378.99414062 
        4880.54682416            0.50000000        25327.39453125        38886.19531250         5261.99414062 
        4885.59442313            0.50000000        25166.39453125        39010.19531250         5161.99414062 
        4890.59073303            0.50000000        25108.39453125        39215.19531250         5162.99414062 
        4895.67569864            0.50000000        24993.39453125        39467.19531250         5082.99414062 
        4900.79168393            0.50000000        24913.39453125        39720.19531250         4984.99414062 
        4905.81732881            0.50000000        24803.39453125        39841.19531250         4973.99414062 
        4910.82506171            0.50000000        24744.39453125        40168.19531250         4944.99414062 
        4915.83913761            0.50000000        24425.39453125        40188.19531250         4797.99414062 
        4920.85956013            0.50000000        24491.39453125        40677.19531250         4774.99414062 
        4925.89614265            0.50000000        24357.39453125        40956.19531250         4786.99414062 
        4930.90471187            0.50000000        24327.39453125        41393.19531250         4770.99414062 
        4935.97865094            0.50000000        24227.39453125        41678.19531250         4728.99414062 
        4936.48618139            0.50000000        24394.39453125        42119.19531250         4812.99414062 
        4936.95932245            0.50000000        24474.39453125        42224.19531250         4826.99414062 
        4937.45228338            0.50000000        24391.39453125        42080.19531250         4824.99414062 
        4937.93055853            0.50000000        24263.39453125        42017.19531250         4764.99414062 
        4938.44839348            0.50000000        24348.39453125        42162.19531250         4803.99414062 
        4938.96141396            0.50000000        24321.39453125        42143.19531250         4837.99414062 
        4939.45481300            0.50000000        24256.39453125        42152.19531250         4784.99414062 
        4940.00261241            0.50000000        24256.39453125        42059.19531250         4756.99414062 
        4940.47649222            0.50000000        24305.39453125        42200.19531250         4764.99414062 
        4940.98997440            0.50000000        24238.39453125        42299.19531250         4753.99414062 
        4941.45912280            0.50000000        24107.39453125        42069.19531250         4736.99414062 
        4941.95800866            0.50000000        24184.39453125        42268.19531250         4764.99414062 
        4942.44218161            0.50000000        24312.39453125        42498.19531250         4820.99414062 
        4942.98082257            0.50000000        24184.39453125        42346.19531250         4764.99414062 
        4943.47015837            0.50000000        24201.39453125        42414.19531250         4771.99414062 
        4944.02387833            0.50000000        24300.39453125        42571.19531250         4801.99414062 
        4944.47882136            0.50000000        24236.39453125        42562.19531250         4753.99414062 
        4945.00310856            0.50000000        24243.39453125        42632.19531250         4792.99414062 
        4945.46814437            0.50000000        24111.39453125        42520.19531250         4694.99414062 
        4945.96791726            0.50000000        24152.39453125        42590.19531250         4713.99414062 
        4946.43810164            0.50000000        24251.39453125        42729.19531250         4799.99414062 
        4946.99750107            0.50000000        24259.39453125        42969.19531250         4817.99414062 
        4947.48275614            0.50000000        24200.39453125        42824.19531250         4823.99414062 
        4948.06222782            0.50000000        24146.39453125        42837.19531250         4796.99414062 
        4948.48330474            0.50000000        24113.39453125        42805.19531250         4794.99414062 
        4949.02338881            0.50000000        24122.39453125        42892.19531250         4804.99414062 
        4949.48925307            0.50000000        24115.39453125        42950.19531250         4784.99414062 
        4949.99983162            0.50000000        24112.39453125        43008.19531250         4793.99414062 
        4950.45102127            0.50000000        24152.39453125        43002.19531250         4822.99414062 
        4951.02133482            0.50000000        24318.39453125        43391.19531250         4836.99414062 
        4951.49257193            0.50000000        24190.39453125        43294.19531250         4804.99414062 
        4952.08795921            0.50000000        24162.39453125        43134.19531250         4804.99414062 
        4952.48993425            0.50000000        24210.39453125        43314.19531250         4795.99414062 
        4953.04090498            0.50000000        24202.39453125        43408.19531250         4791.99414062 
        4953.49766714            0.50000000        24227.39453125        43435.19531250         4795.99414062 
        4954.00915160            0.50000000        24144.39453125        43414.19531250         4789.99414062 
        4954.45617444            0.50000000        24156.39453125        43392.19531250         4782.99414062 
        4955.02749883            0.50000000        24248.39453125        43652.19531250         4843.99414062 
        4955.49957126            0.50000000        24051.39453125        43417.19531250         4754.99414062 
        4956.08607204            0.50000000        24214.39453125        43775.19531250         4800.99414062 
        4956.49372988            0.50000000        23970.39453125        43414.19531250         4760.99414062 
        4957.04567635            0.50000000        24098.39453125        43559.19531250         4795.99414062 
        4957.49827339            0.50000000        24068.39453125        43567.19531250         4786.99414062 
        4958.02558841            0.50000000        24080.39453125        43752.19531250         4789.99414062 
        4958.45350026            0.50000000        24080.39453125        43714.19531250         4798.99414062 
        4959.02583431            0.50000000        24167.39453125        43977.19531250         4788.99414062 
        4959.49874109            0.50000000        24023.39453125        43653.19531250         4765.99414062 
        4960.08129880            0.50000000        24093.39453125        43952.19531250         4765.99414062 
        4960.49465706            0.50000000        23921.39453125        43695.19531250         4700.99414062 
        4961.03761559            0.50000000        24214.39453125        44245.19531250         4794.99414062 
        4961.48602802            0.50000000        23907.39453125        43739.19531250         4676.99414062 
        4962.01925603            0.50000000        24179.39453125        44278.19531250         4773.99414062 
        4962.44293777            0.50000000        23899.39453125        43827.19531250         4681.99414062 
        4963.02625276            0.50000000        24129.39453125        44287.19531250         4721.99414062 
        4963.49999498            0.50000000        23833.39453125        43827.19531250         4639.99414062 
        4964.09854770            0.50000000        23966.39453125        44087.19531250         4607.99414062 
        4964.48769169            0.50000000        23883.39453125        44060.19531250         4538.99414062 
        4965.03160731            0.50000000        23985.39453125        44189.19531250         4411.99414062 
        4965.48081026            0.50000000        23826.39453125        44036.19531250         4174.99414062 
        4966.02496404            0.50000000        23888.39453125        44130.19531250         3652.99438477 
        4966.43940720            0.50000000        23782.39453125        43913.19531250         2935.99438477 
        4967.02375081            0.50000000        23843.39453125        43937.19531250         2523.99438477 
        4967.48833641            0.50000000        23741.39453125        43778.19531250         2710.99438477 
        4968.08794222            0.50000000        23856.39453125        43858.19531250         3032.99438477 
        4968.47277270            0.50000000        23792.39453125        43698.19531250         3142.99438477 
        4969.03264258            0.50000000        23906.39453125        43696.19531250         3145.99438477 
        4969.47763762            0.50000000        23764.39453125        43265.19531250         2991.99438477 
        4970.01774873            0.50000000        23912.39453125        43293.19531250         2859.99438477 
        4970.42791887            0.50000000        23739.39453125        42882.19531250         2704.99438477 
        4971.02329755            0.50000000        23789.39453125        42825.19531250         2631.99438477 
        4971.47869241            0.50000000        23722.39453125        42883.19531250         2591.99438477 
        4972.07935267            0.50000000        23775.39453125        43204.19531250         2574.99438477 
        4972.46485998            0.50000000        23758.39453125        43265.19531250         2511.99438477 
        4973.02571462            0.50000000        23776.39453125        43325.19531250         2437.99438477 
        4973.47149245            0.50000000        23670.39453125        43059.19531250         2325.99438477 
        4974.00253293            0.50000000        23731.39453125        42732.19531250         2208.99438477 
        4974.42344557            0.50000000        23622.39453125        42076.19531250         2076.99438477 
        4975.01485923            0.50000000        23726.39453125        41292.19531250         1935.99438477 
        4975.47606813            0.50000000        23636.39453125        40358.19531250         1847.99438477 
        4976.06775561            0.50000000        23799.39453125        39609.19531250         1742.99438477 
        4976.45895557            0.50000000        23526.39453125        38538.19531250         1664.99438477 
        4977.01577921            0.50000000        23754.39453125        38511.19531250         1628.99438477 
        4977.47237593            0.50000000        23564.39453125        37775.19531250         1523.99438477 
        4978.00435139            0.50000000        23723.39453125        37746.19531250         1483.99438477 
        4978.41596489            0.50000000        23495.39453125        37121.19531250         1435.99438477 
        4979.00339599            0.50000000        23724.39453125        37188.19531250         1415.99438477 
        4979.47545902            0.50000000        23561.39453125        36630.19531250         1371.99438477 
        4980.06818737            0.50000000        23682.39453125        36551.19531250         1364.99438477 
        4980.47012488            0.50000000        23556.39453125        36054.19531250         1309.99438477 
        4981.02290481            0.50000000        23545.39453125        35581.19531250         1278.99438477 
        4981.47527912            0.50000000        23567.39453125        35043.19531250         1239.99438477 
        4982.00819077            0.50000000        23511.39453125        34236.19531250         1193.99438477 
        4982.42555769            0.50000000        23502.39453125        33416.19531250         1193.99438477 
        4983.00396353            0.50000000        23535.39453125        32290.19335937         1202.99438477 
        4983.47182523            0.50000000        23392.39453125        31033.19335937         1150.99438477 
        4984.05049674            0.50000000        23513.39453125        29860.19335937         1133.99438477 
        4984.46823792            0.50000000        23485.39453125        28773.19335937         1124.99438477 
        4985.00688471            0.50000000        23449.39453125        27710.19335937         1125.99438477 
        4985.46508635            0.50000000        23471.39453125        26995.19335937         1103.99438477 
        4985.98382131            0.50000000        23354.39453125        26302.19335937         1073.99438477 
        4986.42206804            0.50000000        23432.39453125        26004.19335937         1087.99438477 
        4986.99644987            0.50000000        23392.39453125        25683.19335937         1090.99438477 
        4987.47017180            0.50000000        23371.39453125        25553.19335937         1080.99438477 
        4988.05490045            0.50000000        23470.39453125        25695.19335937         1099.99438477 
        4988.46833355            0.50000000        23319.39453125        25776.19335937         1072.99438477 
        4989.00288250            0.50000000        23357.39453125        26267.19335937         1097.99438477 
        4989.47197671            0.50000000        23226.39453125        26512.19335937         1076.99438477 
        4989.97144103            0.50000000        23238.39453125        27083.19335937         1092.99438477 
        4990.42054772            0.50000000        23234.39453125        27661.19335937         1106.99438477 
        4990.99088918            0.50000000        23234.39453125        28316.19335937         1102.99438477 
        4991.46544110            0.50000000        23167.39453125        28751.19335937         1097.99438477 
        4992.02594326            0.50000000        23236.39453125        29389.19335937         1117.99438477 
        4992.46535196            0.50000000        23091.39453125        29562.19335937         1114.99438477 
        4992.99578542            0.50000000        23085.39453125        29895.19335937         1122.99438477 
        4993.46570080            0.50000000        23120.39453125        30119.19335937         1125.99438477 
        4993.94582171            0.50000000        23032.39453125        30153.19335937         1141.99438477 
        4994.42604354            0.50000000        23043.39453125        30303.19335937         1121.99438477 
        4994.96704585            0.50000000        23151.39453125        30420.19335937         1142.99438477 
        4995.45254013            0.50000000        23111.39453125        30320.19335937         1123.99438477 
        4996.00390349            0.50000000        22975.39453125        30024.19335937         1109.99438477 
        4996.47949797            0.50000000        23239.39453125        30245.19335937         1083.99438477 
        4996.98049704            0.50000000        23171.39453125        29959.19335937         1082.99438477 
        4997.46135696            0.50000000        23052.39453125        29572.19335937         1059.99438477 
        4997.92712823            0.50000000        23128.39453125        29432.19335937         1057.99438477 
        4998.44870213            0.50000000        23025.39453125        29047.19335937         1059.99438477 
        4998.95519838            0.50000000        22939.39453125        28685.19335937          995.99432373 
        4999.45674017            0.50000000        23081.39453125        28664.19335937         1003.99432373 
        4999.99386642            0.50000000        23155.39453125        28536.19335937          993.99432373 
        5000.49056706            0.50000000        23037.39453125        28406.19335937          974.99432373 
        5000.97216550            0.50000000        22947.39453125        28255.19335937          970.99432373 
        5001.46907854            0.50000000        23168.39453125        28462.19335937         1017.99432373 
        5001.93059442            0.50000000        23065.39453125        28536.19335937          968.99432373 
        5002.44800855            0.50000000        23015.39453125        28618.19335937          979.99432373 
        5002.92494474            0.50000000        22889.39453125        28630.19335937          959.99432373 
        5003.46288562            0.50000000        22964.39453125        29016.19335937          970.99432373 
        5003.97049288            0.50000000        22733.39453125        28914.19335937          937.99432373 
        5004.50867945            0.50000000        22850.39453125        29417.19335937          965.99432373 
        5004.94541431            0.50000000        22776.39453125        29713.19335937          943.99432373 
        5005.46859010            0.50000000        22918.39453125        30225.19335937          975.99432373 
        5005.91566990            0.50000000        22783.39453125        30365.19335937          973.99432373 
        5007.59299644            0.50000000        22748.39453125        31524.19335937          995.99432373 
        5009.39876463            0.50000000        22757.39453125        32441.19335937         1021.99432373 
        5011.19577056            0.50000000        22557.39453125        32696.19335937         1038.99438477 
        5013.01966861            0.50000000        22498.39453125        32849.19531250         1061.99438477 
        5014.82971498            0.50000000        22341.39453125        32522.19335937         1059.99438477 
        5016.80454738            0.50000000        22349.39453125        32494.19335937         1058.99438477 
        5018.74531260            0.50000000        22225.39453125        32606.19335937         1080.99438477 
        5020.78488144            0.50000000        22197.39453125        32904.19531250         1072.99438477 
        5022.77507644            0.50000000        22245.39453125        33408.19531250         1063.99438477 
        5024.86945353            0.50000000        21983.39453125        33355.19531250         1050.99438477 
        5026.90933386            0.50000000        21914.39453125        33365.19531250         1053.99438477 
        5029.05366799            0.50000000        21716.39453125        33105.19531250         1044.99438477 
        5031.19486261            0.50000000        21830.39453125        33233.19531250         1021.99432373 
        5033.46145744            0.50000000        21801.39453125        32997.19531250          973.99432373 
        5035.74057651            0.50000000        21598.39453125        32309.19335937          925.99432373 
        5038.00649172            0.50000000        21568.39453125        31974.19335937          901.99432373 
        5040.26947548            0.50000000        21312.39453125        31424.19335937          849.99432373 
        5042.64825482            0.50000000        21385.39453125        31680.19335937          863.99432373 
        5045.11734279            0.50000000        21258.39453125        31784.19335937          840.99432373 
        5047.45455623            0.50000000        21113.39453125        31928.19335937          844.99432373 
        5049.99093051            0.50000000        21109.39453125        32148.19335937          879.99432373 
        5052.43676187            0.50000000        20763.39453125        31825.19335937          885.99432373 
        5054.95264984            0.50000000        20745.39453125        32045.19335937          902.99432373 
        5057.57519068            0.50000000        20605.39453125        32130.19335937          910.99432373 
        5060.16948832            0.50000000        20431.39453125        32243.19335937          921.99432373 
        5062.78751994            0.50000000        20347.39453125        32507.19335937          931.99432373 
        5065.55970684            0.50000000        20227.39453125        32504.19335937          918.99432373 
        5068.26212267            0.50000000        20118.39453125        32629.19335937          946.99432373 
        5071.07220752            0.50000000        19766.39453125        32388.19335937          944.99432373 
        5073.96418151            0.50000000        19969.39453125        33043.19531250          968.99432373 
        5076.78640166            0.50000000        19696.39453125        32967.19531250          925.99432373 
        5079.67499175            0.50000000        19276.39453125        32580.19335937          891.99432373 
        5082.71948375            0.50000000        19305.39453125        32960.19531250          857.99432373 
        5085.73113767            0.50000000        19063.39453125        32963.19531250          834.99432373 
        5088.70981837            0.50000000        19207.39453125        33455.19531250          824.99432373 
        5091.85048939            0.50000000        18980.39453125        33350.19531250          788.99432373 
        5094.96898338            0.50000000        18722.39453125        33195.19531250          780.99432373 
        5098.07049004            0.50000000        18644.39453125        33363.19531250          811.99432373 
        5101.25022945            0.50000000        18440.39453125        33447.19531250          850.99432373 
        5104.52441689            0.50000000        18316.39453125        33651.19531250          893.99432373 
        5107.79787254            0.50000000        18156.39453125        33668.19531250          919.99432373 
        5111.07590000            0.50000000        18186.39453125        33969.19531250          925.99432373 
        5114.41174906            0.50000000        18056.39453125        33943.19531250          933.99432373 
        5117.78432897            0.50000000        17700.39453125        33620.19531250          925.99432373 
        5121.18844788            0.50000000        17430.39453125        33347.19531250          895.99432373 
        5124.61353740            0.50000000        17196.39453125        33112.19531250          915.99432373 
        5128.09180859            0.50000000        17375.39453125        33785.19531250          928.99432373 
        5131.61812249            0.50000000        17087.39453125        33489.19531250          935.99432373 
        5135.14434185            0.50000000        16894.39453125        33532.19531250          924.99432373 
        5138.72424650            0.50000000        16735.39453125        33564.19531250          903.99432373 
        5142.42810781            0.50000000        16742.39453125        33841.19531250          891.99432373 
        5145.98668794            0.50000000        16213.39355469        33283.19531250          876.99432373 
        5149.70193983            0.50000000        16155.39355469        33569.19531250          861.99432373 
        5153.42843777            0.50000000        16030.39355469        33683.19531250          850.99432373 
        5157.18248472            0.50000000        15763.39355469        33574.19531250          871.99432373 
        5161.03478849            0.50000000        15640.39355469        33712.19531250          879.99432373 
        5164.84983618            0.50000000        15236.39355469        33453.19531250          876.99432373 
        5168.74728178            0.50000000        15216.39355469        33781.19531250          905.99432373 
        5172.70023049            0.50000000        14902.39355469        33563.19531250          911.99432373 
        5176.54496650            0.50000000        14586.39355469        33315.19531250          906.99432373 
        5180.55467736            0.50000000        11964.39355469        27911.19335937          804.99432373 
        5184.54919932            0.50000000        14468.39355469        33789.19531250          963.99432373 
        5188.53942501            0.50000000        14190.39355469        33677.19531250          954.99432373 
        5192.70139770            0.50000000        13815.39355469        33253.19531250          947.99432373 
        5196.83203404            0.50000000        13390.39355469        32585.19335937          926.99432373 
        5200.94771756            0.50000000        13128.39355469        32312.19335937          905.99432373 
        5205.14791567            0.50000000        12798.39355469        31891.19335937          886.99432373 
        5208.91776827            0.50000000        12220.39355469        30886.19335937          867.99432373 
