# 1-D Scan File created by LabVIEW Control Panel  12/6/2011  12:41:23 AM; Scan time 0 hrs 4 min 28 sec. 
#
# Beamline 20 BM
#
# Scan config: 
#                 E0: 4966.00 eV   223 points
#        Scan bounds:  -100.00 -30.00 40.00 243.35 (7.99 (k))
#       Scan step(s):  5.00 0.50 0.07
#  Integration times:  0.50 0.50 0.50    kwgt in EXAFS region: 0.0 
#
# User Comment:
# 50oC
#
#
# Amplifier Sensitivities:
# Preslit: 20 nA/V  I0: 20 nA/V  I: 100 pA/V  IREF: 50 pA/V  
#
# Analog Input Voltages at start/end of scan:
# Preslit: 0.033/0.033  I0: 0.598/0.323  Ignore: 0.017/0.005  I: 0.861/0.713  IREF: 0.233/0.141  
#
# Mono Info:
# 
#
# ID Info:
# 
#
# Slit Info:
# Kappa S1:  Center is at -542 (H), 500 (V)   Size is 8000 wide x 2000 high
# Vacuum Slits:  Center is at 850 (H), -25 (V)   Size is 899 wide x 1000 high
#
# Motor Positions:
# SMV (20bm:m29): -37594.243125 SMH (20bm:m30): 4802.187500 
#
# Detector Names/PVs:
# I0/20bm:scaler1_netA.C  I/20bm:scaler1_netA.E  IREF/20bm:scaler1_netA.F  
#
# Positioner names/Drive PVs/Readback PVs:
# Mono Energy */20bm:monoE.VAL/20bm:EnctoE.VAL  Scaler preset time */20bm:scaler1.TP/  
# Here is a readable list of column headings:
#  1) Mono Energy *        
#  2) Scaler preset time * 
#  3) I0                   
#  4) I                    
#  5) IREF                 
#
# Column Headings:
#Mono Energy *        Scaler preset time * I0                   I                    IREF                 
        4865.39613524            0.50000000        24744.39453125        37934.19531250         5348.99414062 
        4870.45241530            0.50000000        24557.39453125        37949.19531250         5273.99414062 
        4875.46271053            0.50000000        24544.39453125        38261.19531250         5260.99414062 
        4880.54682416            0.50000000        24361.39453125        38359.19531250         5146.99414062 
        4885.59442313            0.50000000        24191.39453125        38367.19531250         5065.99414062 
        4890.58107683            0.50000000        24168.39453125        38704.19531250         5020.99414062 
        4895.67085951            0.50000000        24037.39453125        38912.19531250         4964.99414062 
        4900.78198347            0.50000000        23996.39453125        39268.19531250         4914.99414062 
        4905.80760651            0.50000000        23829.39453125        39271.19531250         4876.99414062 
        4910.81531763            0.50000000        23771.39453125        39691.19531250         4820.99414062 
        4915.83425465            0.50000000        23457.39453125        39561.19531250         4721.99414062 
        4920.85466623            0.50000000        23510.39453125        40076.19531250         4738.99414062 
        4925.89123776            0.50000000        23417.39453125        40418.19531250         4732.99414062 
        4930.89979604            0.50000000        23336.39453125        40736.19531250         4690.99414062 
        4935.97372402            0.50000000        23273.39453125        41069.19531250         4697.99414062 
        4936.48618139            0.50000000        23343.39453125        41318.19531250         4703.99414062 
        4936.95439338            0.50000000        23398.39453125        41441.19531250         4715.99414062 
        4937.45228338            0.50000000        23405.39453125        41540.19531250         4711.99414062 
        4937.93055853            0.50000000        23231.39453125        41312.19531250         4697.99414062 
        4938.44346116            0.50000000        23322.39453125        41377.19531250         4700.99414062 
        4938.95648052            0.50000000        23283.39453125        41371.19531250         4708.99414062 
        4939.45481300            0.50000000        23230.39453125        41423.19531250         4705.99414062 
        4939.99767669            0.50000000        23256.39453125        41366.19531250         4694.99414062 
        4940.47649222            0.50000000        23313.39453125        41525.19531250         4719.99414062 
        4940.98503651            0.50000000        23299.39453125        41719.19531250         4712.99414062 
        4941.45912280            0.50000000        23140.39453125        41508.19531250         4655.99414062 
        4941.95306866            0.50000000        23199.39453125        41623.19531250         4665.99414062 
        4942.44218161            0.50000000        23339.39453125        41880.19531250         4719.99414062 
        4942.98082257            0.50000000        23189.39453125        41736.19531250         4685.99414062 
        4943.46521506            0.50000000        23184.39453125        41734.19531250         4692.99414062 
        4944.02882287            0.50000000        23239.39453125        41859.19531250         4737.99414062 
        4944.47882136            0.50000000        23086.39453125        41627.19531250         4630.99414062 
        4945.00310856            0.50000000        23121.39453125        41739.19531250         4675.99414062 
        4945.47309207            0.50000000        23012.39453125        41590.19531250         4651.99414062 
        4945.96791726            0.50000000        22985.39453125        41610.19531250         4616.99414062 
        4946.43810164            0.50000000        23150.39453125        41846.19531250         4676.99414062 
        4946.99750107            0.50000000        23119.39453125        41983.19531250         4710.99414062 
        4947.48275614            0.50000000        23121.39453125        42023.19531250         4750.99414062 
        4948.06222782            0.50000000        23116.39453125        42081.19531250         4729.99414062 
        4948.48330474            0.50000000        23052.39453125        42080.19531250         4669.99414062 
        4949.02338881            0.50000000        23016.39453125        42057.19531250         4664.99414062 
        4949.48925307            0.50000000        23091.39453125        42250.19531250         4674.99414062 
        4949.99983162            0.50000000        23028.39453125        42135.19531250         4670.99414062 
        4950.44606265            0.50000000        23071.39453125        42301.19531250         4701.99414062 
        4951.02133482            0.50000000        23147.39453125        42398.19531250         4702.99414062 
        4951.49257193            0.50000000        23076.39453125        42353.19531250         4693.99414062 
        4952.09292143            0.50000000        23132.39453125        42493.19531250         4729.99414062 
        4952.48993425            0.50000000        23105.39453125        42424.19531250         4702.99414062 
        4953.03594068            0.50000000        23093.39453125        42441.19531250         4703.99414062 
        4953.49270183            0.50000000        23131.39453125        42601.19531250         4702.99414062 
        4954.00915160            0.50000000        23041.39453125        42500.19531250         4657.99414062 
        4954.45617444            0.50000000        23062.39453125        42563.19531250         4699.99414062 
        4955.02749883            0.50000000        23125.39453125        42777.19531250         4717.99414062 
        4955.49957126            0.50000000        22949.39453125        42556.19531250         4678.99414062 
        4956.09104303            0.50000000        23108.39453125        42899.19531250         4717.99414062 
        4956.49870177            0.50000000        22917.39453125        42599.19531250         4631.99414062 
        4957.04567635            0.50000000        22979.39453125        42808.19531250         4675.99414062 
        4957.50324748            0.50000000        23037.39453125        42825.19531250         4676.99414062 
        4958.03553893            0.50000000        22961.39453125        42821.19531250         4661.99414062 
        4958.45847645            0.50000000        22934.39453125        42716.19531250         4680.99414062 
        4959.03081176            0.50000000        22953.39453125        42929.19531250         4697.99414062 
        4959.50371958            0.50000000        22890.39453125        42741.19531250         4647.99414062 
        4960.09125835            0.50000000        22967.39453125        43022.19531250         4654.99414062 
        4960.49963774            0.50000000        22847.39453125        42861.19531250         4650.99414062 
        4961.04259746            0.50000000        23077.39453125        43350.19531250         4695.99414062 
        4961.49599375            0.50000000        22776.39453125        42800.19531250         4575.99414062 
        4962.03420815            0.50000000        23106.39453125        43423.19531250         4659.99414062 
        4962.44792274            0.50000000        22792.39453125        42921.19531250         4578.99414062 
        4963.02625276            0.50000000        23087.39453125        43538.19531250         4632.99414062 
        4963.49999498            0.50000000        22735.39453125        42953.19531250         4536.99414062 
        4964.10353630            0.50000000        22876.39453125        43229.19531250         4505.99414062 
        4964.49268115            0.50000000        22700.39453125        43004.19531250         4423.99414062 
        4965.04158863            0.50000000        22838.39453125        43172.19531250         4304.99414062 
        4965.48580190            0.50000000        22697.39453125        43064.19531250         4094.99438477 
        4966.02995688            0.50000000        22814.39453125        43153.19531250         3564.99438477 
        4966.43940720            0.50000000        22687.39453125        43070.19531250         2851.99438477 
        4967.02874585            0.50000000        22823.39453125        43130.19531250         2489.99438477 
        4967.49333247            0.50000000        22663.39453125        42927.19531250         2622.99438477 
        4968.09293960            0.50000000        22744.39453125        42937.19531250         2969.99438477 
        4968.48276917            0.50000000        22708.39453125        42783.19531250         3084.99438477 
        4969.03264258            0.50000000        22828.39453125        42779.19531250         3039.99438477 
        4969.47763762            0.50000000        22752.39453125        42608.19531250         2926.99438477 
        4970.01774873            0.50000000        22863.39453125        42515.19531250         2823.99438477 
        4970.43792395            0.50000000        22746.39453125        42259.19531250         2636.99438477 
        4971.02329755            0.50000000        22860.39453125        42127.19531250         2619.99438477 
        4971.48369726            0.50000000        22705.39453125        42165.19531250         2530.99438477 
        4972.08435884            0.50000000        22774.39453125        42492.19531250         2521.99438477 
        4972.47487403            0.50000000        22723.39453125        42613.19531250         2454.99438477 
        4973.03072288            0.50000000        22793.39453125        42654.19531250         2405.99438477 
        4973.47650169            0.50000000        22691.39453125        42408.19531250         2285.99438477 
        4974.01255376            0.50000000        22765.39453125        42138.19531250         2187.99438477 
        4974.43346825            0.50000000        22645.39453125        41462.19531250         2032.99438477 
        4975.02488452            0.50000000        22744.39453125        40612.19531250         1930.99438477 
        4975.48108179            0.50000000        22634.39453125        39772.19531250         1808.99438477 
        4976.07778554            0.50000000        22828.39453125        39135.19531250         1755.99438477 
        4976.47400307            0.50000000        22542.39453125        38068.19531250         1629.99438477 
        4977.02581332            0.50000000        22754.39453125        37933.19531250         1564.99438477 
        4977.47739399            0.50000000        22489.39453125        37153.19531250         1489.99438477 
        4978.01438986            0.50000000        22788.39453125        37285.19531250         1490.99438477 
        4978.42600518            0.50000000        22471.39453125        36438.19531250         1411.99438477 
        4979.01343887            0.50000000        22624.39453125        36395.19531250         1382.99438477 
        4979.48550398            0.50000000        22562.39453125        36144.19531250         1336.99438477 
        4980.07823494            0.50000000        22673.39453125        36029.19531250         1303.99438477 
        4980.47514955            0.50000000        22514.39453125        35455.19531250         1259.99438477 
        4981.03295660            0.50000000        22554.39453125        35046.19531250         1246.99438477 
        4981.48030601            0.50000000        22519.39453125        34408.19531250         1215.99438477 
        4982.01321883            0.50000000        22485.39453125        33701.19531250         1192.99438477 
        4982.43561566            0.50000000        22499.39453125        32859.19531250         1159.99438477 
        4983.01402407            0.50000000        22546.39453125        31886.19335937         1155.99438477 
        4983.48188783            0.50000000        22371.39453125        30574.19335937         1100.99438477 
        4984.06056189            0.50000000        22467.39453125        29471.19335937         1129.99438477 
        4984.47327141            0.50000000        22443.39453125        28363.19335937         1092.99438477 
        4985.01191939            0.50000000        22433.39453125        27361.19335937         1086.99438477 
        4985.47012205            0.50000000        22455.39453125        26645.19335937         1090.99438477 
        4985.99389500            0.50000000        22319.39453125        25903.19335937         1057.99438477 
        4986.43214366            0.50000000        22463.39453125        25753.19335937         1075.99438477 
        4987.00148895            0.50000000        22367.39453125        25291.19335937         1050.99438477 
        4987.47521192            0.50000000        22334.39453125        25245.19335937         1047.99438477 
        4988.05994187            0.50000000        22452.39453125        25395.19335937         1051.99438477 
        4988.47337588            0.50000000        22323.39453125        25484.19335937         1052.99438477 
        4989.00792601            0.50000000        22340.39453125        25853.19335937         1049.99438477 
        4989.47702126            0.50000000        22200.39453125        26133.19335937         1057.99438477 
        4989.98153235            0.50000000        22243.39453125        26742.19335937         1056.99438477 
        4990.43064102            0.50000000        22214.39453125        27263.19335937         1071.99438477 
        4990.99593709            0.50000000        22241.39453125        27913.19335937         1079.99438477 
        4991.47049005            0.50000000        22162.39453125        28303.19335937         1100.99438477 
        4992.03604366            0.50000000        22184.39453125        28897.19335937         1100.99438477 
        4992.46535196            0.50000000        22089.39453125        29135.19335937         1106.99438477 
        4993.00083776            0.50000000        22089.39453125        29531.19335937         1099.99438477 
        4993.47075418            0.50000000        22151.39453125        29799.19335937         1097.99438477 
        4993.95593060            0.50000000        22038.39453125        29781.19335937         1086.99438477 
        4994.43615456            0.50000000        22049.39453125        29925.19335937         1088.99438477 
        4994.97715927            0.50000000        22188.39453125        30004.19335937         1098.99438477 
        4995.45759791            0.50000000        22119.39453125        29887.19335937         1086.99438477 
        4996.01402149            0.50000000        21989.39453125        29613.19335937         1078.99438477 
        4996.48455802            0.50000000        22123.39453125        29654.19335937         1098.99438477 
        4996.99061936            0.50000000        22096.39453125        29449.19335937         1077.99438477 
        4997.47148141            0.50000000        21905.39453125        29042.19335937         1026.99438477 
        4997.93725475            0.50000000        22010.39453125        28897.19335937         1044.99438477 
        4998.44870213            0.50000000        21908.39453125        28531.19335937         1010.99432373 
        4998.96532945            0.50000000        21799.39453125        28096.19335937          990.99432373 
        4999.45674017            0.50000000        21989.39453125        28187.19335937          988.99432373 
        5000.00400209            0.50000000        22006.39453125        28030.19335937          976.99432373 
        5000.49563599            0.50000000        21880.39453125        27803.19335937          962.99432373 
        5000.97723550            0.50000000        21868.39453125        27772.19335937          946.99432373 
        5001.47922075            0.50000000        22055.39453125        27951.19335937          961.99432373 
        5001.93566654            0.50000000        21914.39453125        27987.19335937          936.99432373 
        5002.45815509            0.50000000        21858.39453125        28023.19335937          945.99432373 
        5002.93001906            0.50000000        21754.39453125        28052.19335937          934.99432373 
        5003.46796113            0.50000000        21884.39453125        28573.19335937          944.99432373 
        5003.97556952            0.50000000        21645.39453125        28443.19335937          933.99432373 
        5004.50867945            0.50000000        21737.39453125        28919.19335937          964.99432373 
        5004.95557193            0.50000000        21657.39453125        29105.19335937          942.99432373 
        5005.47875003            0.50000000        21807.39453125        29619.19335937          960.99432373 
        5005.92075085            0.50000000        21611.39453125        29806.19335937          928.99432373 
        5007.59299644            0.50000000        21632.39453125        30974.19335937          966.99432373 
        5009.40385331            0.50000000        21626.39453125        31757.19335937          997.99432373 
        5011.19577056            0.50000000        21404.39453125        31983.19335937         1003.99432373 
        5013.02476533            0.50000000        21373.39453125        32154.19335937         1017.99432373 
        5014.83481572            0.50000000        21245.39453125        31922.19335937         1009.99432373 
        5016.80965250            0.50000000        21208.39453125        31887.19335937         1029.99438477 
        5018.74020318            0.50000000        21112.39453125        31953.19335937         1060.99438477 
        5020.78488144            0.50000000        21076.39453125        32280.19335937         1053.99438477 
        5022.77507644            0.50000000        21004.39453125        32517.19335937         1027.99438477 
        5024.86433048            0.50000000        20819.39453125        32579.19335937         1037.99438477 
        5026.90933386            0.50000000        20807.39453125        32723.19335937         1017.99432373 
        5029.04853562            0.50000000        20602.39453125        32420.19335937         1003.99432373 
        5031.18972547            0.50000000        20622.39453125        32309.19335937          976.99432373 
        5033.45631525            0.50000000        20587.39453125        32182.19335937          957.99432373 
        5035.72513472            0.50000000        20464.39453125        31631.19335937          882.99432373 
        5037.99618707            0.50000000        20383.39453125        31164.19335937          870.99432373 
        5040.24884603            0.50000000        20137.39453125        30659.19335937          817.99432373 
        5042.62760412            0.50000000        20173.39453125        30790.19335937          825.99432373 
        5045.09667002            0.50000000        19977.39453125        30854.19335937          833.99432373 
        5047.43386256            0.50000000        19897.39453125        31022.19335937          804.99432373 
        5049.97021416            0.50000000        19935.39453125        31303.19335937          849.99432373 
        5052.41602363            0.50000000        19578.39453125        30975.19335937          856.99432373 
        5054.92150876            0.50000000        19505.39453125        31118.19335937          893.99432373 
        5057.55440642            0.50000000        19415.39453125        31221.19335937          885.99432373 
        5060.14868081            0.50000000        19319.39453125        31457.19335937          891.99432373 
        5062.77189668            0.50000000        19190.39453125        31585.19335937          901.99432373 
        5065.53885099            0.50000000        19181.39453125        31796.19335937          932.99432373 
        5068.24124255            0.50000000        18985.39453125        31686.19335937          925.99432373 
        5071.04607586            0.50000000        18597.39453125        31422.19335937          928.99432373 
        5073.93278457            0.50000000        18760.39453125        32032.19335937          941.99432373 
        5076.75496666            0.50000000        18525.39453125        32015.19335937          912.99432373 
        5079.64351776            0.50000000        18159.39453125        31679.19335937          879.99432373 
        5082.69847365            0.50000000        18124.39453125        31976.19335937          841.99432373 
        5085.70484116            0.50000000        17935.39453125        31872.19335937          823.99432373 
        5088.68875429            0.50000000        18004.39453125        32329.19335937          797.99432373 
        5091.81885086            0.50000000        17792.39453125        32241.19335937          767.99432373 
        5094.93730265            0.50000000        17613.39453125        32159.19335937          758.99432373 
        5098.04405440            0.50000000        17492.39453125        32244.19335937          777.99432373 
        5101.21846362            0.50000000        17297.39453125        32334.19335937          812.99432373 
        5104.49790835            0.50000000        17189.39453125        32509.19335937          854.99432373 
        5107.77663607            0.50000000        17016.39453125        32499.19335937          872.99432373 
        5111.07590000            0.50000000        17066.39453125        32784.19531250          871.99432373 
        5114.40110086            0.50000000        16893.39453125        32652.19335937          871.99432373 
        5117.77899722            0.50000000        16695.39453125        32536.19335937          878.99432373 
        5121.18310842            0.50000000        16311.39355469        32151.19335937          879.99432373 
        5124.60819017            0.50000000        16200.39355469        32089.19335937          874.99432373 
        5128.08645346            0.50000000        16361.39355469        32688.19335937          881.99432373 
        5131.61275934            0.50000000        15946.39355469        32172.19335937          865.99432373 
        5135.14434185            0.50000000        15863.39355469        32427.19335937          894.99432373 
        5138.72424650            0.50000000        15663.39355469        32268.19335937          854.99432373 
        5142.42272008            0.50000000        15614.39355469        32528.19335937          829.99432373 
        5145.98668794            0.50000000        15119.39355469        31955.19335937          827.99432373 
        5149.70734415            0.50000000        15088.39355469        32241.19335937          809.99432373 
        5153.43385059            0.50000000        14992.39355469        32316.19335937          808.99432373 
        5157.18248472            0.50000000        14750.39355469        32254.19335937          831.99432373 
        5161.05107909            0.50000000        14597.39355469        32430.19335937          817.99432373 
        5164.85527509            0.50000000        14231.39355469        32148.19335937          826.99432373 
        5168.74728178            0.50000000        14073.39355469        32245.19335937          843.99432373 
        5172.70568737            0.50000000        13878.39355469        32119.19335937          858.99432373 
        5176.54496650            0.50000000        13529.39355469        31846.19335937          866.99432373 
        5180.56015224            0.50000000        11146.39355469        26639.19335937          766.99432373 
        5184.55468336            0.50000000        13457.39355469        32352.19335937          925.99432373 
        5188.54491822            0.50000000        13118.39355469        32063.19335937          874.99432373 
        5192.71240326            0.50000000        12772.39355469        31604.19335937          866.99432373 
        5196.84305860            0.50000000        12467.39355469        31171.19335937          880.99432373 
        5200.95323931            0.50000000        12176.39355469        30867.19335937          856.99432373 
        5205.15344710            0.50000000        11904.39355469        30515.19335937          854.99432373 
        5208.92884851            0.50000000        11341.39355469        29476.19335937          800.99432373 
