# 1-D Scan File created by LabVIEW Control Panel  12/6/2011  7:48:12 AM; Scan time 0 hrs 4 min 28 sec. 
#
# Beamline 20 BM
#
# Scan config: 
#                 E0: 4966.00 eV   223 points
#        Scan bounds:  -100.00 -30.00 40.00 243.35 (7.99 (k))
#       Scan step(s):  5.00 0.50 0.07
#  Integration times:  0.50 0.50 0.50    kwgt in EXAFS region: 0.0 
#
# User Comment:
# 50oC
#
#
# Amplifier Sensitivities:
# Preslit: 20 nA/V  I0: 20 nA/V  I: 100 pA/V  IREF: 50 pA/V  
#
# Analog Input Voltages at start/end of scan:
# Preslit: 0.032/0.031  I0: 0.284/0.138  Ignore: 0.008/0.002  I: 0.571/0.264  IREF: 0.191/0.128  
#
# Mono Info:
# 
#
# ID Info:
# 
#
# Slit Info:
# Kappa S1:  Center is at -542 (H), 500 (V)   Size is 8000 wide x 2000 high
# Vacuum Slits:  Center is at 850 (H), -25 (V)   Size is 899 wide x 1000 high
#
# Motor Positions:
# SMV (20bm:m29): -37594.243125 SMH (20bm:m30): 4802.187500 
#
# Detector Names/PVs:
# I0/20bm:scaler1_netA.C  I/20bm:scaler1_netA.E  IREF/20bm:scaler1_netA.F  
#
# Positioner names/Drive PVs/Readback PVs:
# Mono Energy */20bm:monoE.VAL/20bm:EnctoE.VAL  Scaler preset time */20bm:scaler1.TP/  
# Here is a readable list of column headings:
#  1) Mono Energy *        
#  2) Scaler preset time * 
#  3) I0                   
#  4) I                    
#  5) IREF                 
#
# Column Headings:
#Mono Energy *        Scaler preset time * I0                   I                    IREF                 
        4865.38658797            0.50000000         9345.39355469        23451.19335937         3263.99438477 
        4870.45719986            0.50000000         9137.39355469        23072.19335937         3176.99438477 
        4875.46271053            0.50000000         8976.39355469        22857.19335937         3078.99438477 
        4880.54201781            0.50000000         8842.39355469        22596.19335937         3024.99438477 
        4885.59442313            0.50000000         8636.39355469        22236.19335937         2874.99438477 
        4890.58590492            0.50000000         8553.39355469        22205.19335937         2849.99438477 
        4895.66602039            0.50000000         8441.39355469        22054.19335937         2809.99438477 
        4900.77713326            0.50000000         8294.39355469        21884.19335937         2715.99438477 
        4905.80274538            0.50000000         8182.39404297        21722.19335937         2678.99438477 
        4910.80557360            0.50000000         8086.39404297        21652.19335937         2635.99438477 
        4915.82448876            0.50000000         7854.39404297        21213.19335937         2530.99438477 
        4920.84977234            0.50000000         7816.39404297        21272.19335937         2527.99438477 
        4925.88142801            0.50000000         7641.39404297        21043.19335937         2437.99438477 
        4930.88996442            0.50000000         7555.39404297        21002.19335937         2432.99438477 
        4935.95401645            0.50000000         7452.39404297        20919.19335937         2393.99438477 
        4936.47139734            0.50000000         7495.39404297        21071.19335937         2423.99438477 
        4936.93467723            0.50000000         7520.39404297        21199.19335937         2403.99438477 
        4937.43749298            0.50000000         7501.39404297        21120.19335937         2440.99438477 
        4937.91576500            0.50000000         7402.39404297        20873.19335937         2361.99438477 
        4938.42866425            0.50000000         7463.39404297        21053.19335937         2382.99438477 
        4938.93674684            0.50000000         7439.39404297        21028.19335937         2392.99438477 
        4939.44000946            0.50000000         7398.39404297        20967.19335937         2390.99438477 
        4939.97793390            0.50000000         7375.39404297        20860.19335937         2390.99438477 
        4940.46168197            0.50000000         7412.39404297        20995.19335937         2387.99438477 
        4940.97022292            0.50000000         7398.39404297        21060.19335937         2382.99438477 
        4941.43936721            0.50000000         7306.39404297        20764.19335937         2355.99438477 
        4941.93330875            0.50000000         7319.39404297        20797.19335937         2330.99438477 
        4942.42735845            0.50000000         7393.39404297        21064.19335937         2368.99438477 
        4942.96105366            0.50000000         7331.39404297        20910.19335937         2349.99438477 
        4943.45038517            0.50000000         7308.39404297        20803.19335937         2330.99438477 
        4944.00904478            0.50000000         7329.39404297        20952.19335937         2368.99438477 
        4944.46398482            0.50000000         7257.39404297        20748.19335937         2313.99438477 
        4944.98826857            0.50000000         7269.39404297        20835.19335937         2354.99438477 
        4945.45824899            0.50000000         7202.39404297        20640.19335937         2335.99438477 
        4945.94812217            0.50000000         7208.39404297        20686.19335937         2333.99438477 
        4946.42820201            0.50000000         7269.39404297        20883.19335937         2328.99438477 
        4946.98759899            0.50000000         7220.39404297        20754.19335937         2328.99438477 
        4947.46294777            0.50000000         7240.39404297        20857.19335937         2341.99438477 
        4948.04241437            0.50000000         7241.39404297        20959.19335937         2365.99438477 
        4948.46348759            0.50000000         7209.39404297        20783.19335937         2338.99438477 
        4949.00852239            0.50000000         7228.39404297        20958.19335937         2345.99438477 
        4949.46942710            0.50000000         7266.39404297        21047.19335937         2355.99438477 
        4949.97504359            0.50000000         7219.39404297        20929.19335937         2353.99438477 
        4950.43118686            0.50000000         7180.39404297        20783.19335937         2306.99438477 
        4951.00645525            0.50000000         7279.39404297        21159.19335937         2364.99438477 
        4951.47272839            0.50000000         7205.39404297        20947.19335937         2326.99438477 
        4952.06314828            0.50000000         7246.39404297        21059.19335937         2356.99438477 
        4952.47008195            0.50000000         7246.39404297        21070.19335937         2323.99438477 
        4953.02104785            0.50000000         7234.39404297        21064.19335937         2348.99438477 
        4953.47780599            0.50000000         7245.39404297        21090.19335937         2353.99438477 
        4953.98928596            0.50000000         7189.39404297        21042.19335937         2340.99438477 
        4954.43630488            0.50000000         7190.39404297        20987.19335937         2334.99438477 
        4955.01259288            0.50000000         7196.39404297        21063.19335937         2333.99438477 
        4955.47969254            0.50000000         7106.39404297        20832.19335937         2287.99438477 
        4956.07115912            0.50000000         7203.39404297        21137.19335937         2338.99438477 
        4956.48378613            0.50000000         7075.39404297        20754.19335937         2278.99438477 
        4957.03573018            0.50000000         7102.39404297        20825.19335937         2297.99438477 
        4957.48832523            0.50000000         7073.39404297        20807.19335937         2286.99438477 
        4958.02061316            0.50000000         7061.39404297        20776.19335937         2246.99438477 
        4958.44852407            0.50000000         7047.39404297        20755.19335937         2287.99438477 
        4959.02085687            0.50000000         7096.39404297        20871.19335937         2296.99438477 
        4959.48878414            0.50000000         7010.39404297        20717.19335937         2254.99438477 
        4960.07133929            0.50000000         7047.39404297        20824.19335937         2279.99438477 
        4960.48469573            0.50000000         6982.39404297        20623.19335937         2236.99438477 
        4961.02765187            0.50000000         7130.39404297        21114.19335937         2297.99438477 
        4961.48602802            0.50000000         6954.39404297        20592.19335937         2228.99438477 
        4962.01925603            0.50000000         7132.39404297        21149.19335937         2309.99438477 
        4962.43795282            0.50000000         6914.39404297        20545.19335937         2212.99438477 
        4963.02625276            0.50000000         7100.39404297        21123.19335937         2265.99438477 
        4963.49500771            0.50000000         6890.39404297        20495.19335937         2193.99438477 
        4964.09355911            0.50000000         6976.39404297        20780.19335937         2198.99438477 
        4964.47771280            0.50000000         6914.39404297        20595.19335937         2127.99438477 
        4965.03160731            0.50000000         6988.39404297        20850.19335937         2084.99438477 
        4965.48081026            0.50000000         6879.39404297        20516.19335937         1978.99438477 
        4966.02496404            0.50000000         6950.39404297        20728.19335937         1728.99438477 
        4966.43441345            0.50000000         6896.39404297        20592.19335937         1404.99438477 
        4967.02375081            0.50000000         6918.39404297        20648.19335937         1200.99438477 
        4967.48334036            0.50000000         6863.39404297        20482.19335937         1267.99438477 
        4968.08294485            0.50000000         6916.39404297        20549.19335937         1442.99438477 
        4968.47277270            0.50000000         6853.39404297        20206.19335937         1467.99438477 
        4969.02264369            0.50000000         6901.39404297        20249.19335937         1480.99438477 
        4969.47263719            0.50000000         6812.39404297        19977.19335937         1404.99438477 
        4970.01274711            0.50000000         6889.39404297        20017.19335937         1346.99438477 
        4970.42291635            0.50000000         6825.39404297        19402.19335937         1266.99438477 
        4971.01328989            0.50000000         6852.39404297        19114.19335937         1210.99438477 
        4971.47869241            0.50000000         6802.39404297        18993.19335937         1181.99438477 
        4972.07935267            0.50000000         6861.39404297        19411.19335937         1185.99438477 
        4972.46485998            0.50000000         6751.39404297        19393.19335937         1162.99438477 
        4973.02571462            0.50000000         6812.39404297        19879.19335937         1147.99438477 
        4973.46648323            0.50000000         6742.39404297        19683.19335937         1075.99438477 
        4974.00253293            0.50000000         6806.39404297        19847.19335937         1041.99438477 
        4974.41843424            0.50000000         6756.39404297        19650.19335937         1002.99432373 
        4975.01485923            0.50000000         6778.39404297        19759.19335937          945.99432373 
        4975.47105449            0.50000000         6721.39404297        19596.19335937          873.99432373 
        4976.06274067            0.50000000         6826.39404297        19888.19335937          864.99432373 
        4976.45393976            0.50000000         6656.39404297        19278.19335937          819.99432373 
        4977.00574514            0.50000000         6819.39404297        19495.19335937          810.99432373 
        4977.46233985            0.50000000         6694.39404297        18832.19335937          761.99432373 
        4977.99431297            0.50000000         6785.39404297        18725.19335937          746.99432373 
        4978.40592465            0.50000000         6653.39404297        18131.19335937          709.99432373 
        4978.99837457            0.50000000         6726.39404297        18015.19335937          714.99432373 
        4979.46541411            0.50000000         6689.39404297        17692.19335937          672.99432373 
        4980.06316360            0.50000000         6730.39404297        17307.19335937          660.99432373 
        4980.45505094            0.50000000         6656.39404297        16700.19335937          644.99432373 
        4981.01787894            0.50000000         6619.39404297        16147.19433594          613.99432373 
        4981.46522538            0.50000000         6641.39404297        15945.19433594          614.99432373 
        4981.99310665            0.50000000         6588.39404297        15466.19433594          578.99432373 
        4982.41047080            0.50000000         6616.39404297        15311.19433594          584.99432373 
        4982.98887282            0.50000000         6614.39404297        14979.19433594          565.99432373 
        4983.46176268            0.50000000         6551.39404297        14642.19433594          546.99432373 
        4984.03539909            0.50000000         6610.39404297        14580.19433594          548.99432373 
        4984.45817096            0.50000000         6557.39404297        14214.19433594          543.99432373 
        4984.99681538            0.50000000         6551.39404297        14015.19433594          550.99432373 
        4985.45501500            0.50000000         6539.39404297        13806.19433594          531.99432373 
        4985.97374767            0.50000000         6493.39404297        13460.19433594          524.99432373 
        4986.41703024            0.50000000         6543.39404297        13334.19433594          532.99432373 
        4986.98637175            0.50000000         6520.39404297        13073.19433594          522.99432373 
        4987.46009158            0.50000000         6485.39404297        12791.19433594          512.99432373 
        4988.04481765            0.50000000         6517.39404297        12530.19433594          531.99432373 
        4988.46329124            0.50000000         6422.39404297        12130.19433594          500.99432373 
        4988.99279551            0.50000000         6492.39404297        11999.19433594          519.99432373 
        4989.46188765            0.50000000         6406.39404297        11607.19433594          482.99432373 
        4989.96134976            0.50000000         6382.39404297        11501.19433594          474.99432373 
        4990.41550109            0.50000000         6424.39404297        11582.19433594          495.99432373 
        4990.98079340            0.50000000         6422.39404297        11741.19433594          494.99432373 
        4991.45534322            0.50000000         6352.39404297        11871.19433594          487.99432373 
        4992.01079275            0.50000000         6377.39404297        12249.19433594          493.99432373 
        4992.45019853            0.50000000         6339.39404297        12432.19433594          498.99432373 
        4992.98568077            0.50000000         6301.39404297        12633.19433594          497.99432373 
        4993.45054073            0.50000000         6398.39404297        13023.19433594          495.99432373 
        4993.93571286            0.50000000         6293.39404297        12980.19433594          507.99432373 
        4994.42098805            0.50000000         6349.39404297        13180.19433594          494.99432373 
        4994.95187582            0.50000000         6363.39404297        13286.19433594          507.99432373 
        4995.44242462            0.50000000         6309.39404297        13191.19433594          482.99432373 
        4995.99884450            0.50000000         6229.39404297        13041.19433594          496.99432373 
        4996.46937791            0.50000000         6311.39404297        13228.19433594          496.99432373 
        4996.97037476            0.50000000         6277.39404297        13169.19433594          492.99432373 
        4997.45123255            0.50000000         6232.39404297        13015.19433594          489.99432373 
        4997.91193854            0.50000000         6253.39404297        13042.19433594          490.99432373 
        4998.43857335            0.50000000         6206.39404297        12853.19433594          460.99432373 
        4998.95013286            0.50000000         6122.39404297        12577.19433594          465.99432373 
        4999.44660692            0.50000000         6260.39404297        12728.19433594          469.99432373 
        4999.98879861            0.50000000         6242.39404297        12599.19433594          457.99432373 
        5000.48549814            0.50000000         6252.39404297        12534.19433594          471.99432373 
        5000.96202554            0.50000000         6187.39404297        12264.19433594          458.99432373 
        5001.46907854            0.50000000         6279.39404297        12356.19433594          460.99432373 
        5001.92552231            0.50000000         6216.39404297        12191.19433594          440.99432373 
        5002.45308181            0.50000000         6247.39404297        12226.19433594          442.99432373 
        5002.92494474            0.50000000         6149.39404297        12054.19433594          432.99432373 
        5003.45781011            0.50000000         6206.39404297        12244.19433594          443.99432373 
        5003.97049288            0.50000000         6068.39404297        12061.19433594          429.99432373 
        5004.50360162            0.50000000         6157.39404297        12350.19433594          441.99432373 
        5004.94541431            0.50000000         6089.39404297        12276.19433594          418.99432373 
        5005.46859010            0.50000000         6156.39404297        12522.19433594          448.99432373 
        5005.91566990            0.50000000         6055.39404297        12427.19433594          425.99432373 
        5007.59299644            0.50000000         6048.39404297        12815.19433594          433.99432373 
        5009.39876463            0.50000000         6030.39404297        13168.19433594          435.99432373 
        5011.20086323            0.50000000         5880.39404297        13096.19433594          440.99432373 
        5013.02476533            0.50000000         5827.39404297        13258.19433594          441.99432373 
        5014.83991647            0.50000000         5777.39404297        13313.19433594          434.99432373 
        5016.81475764            0.50000000         5749.39404297        13410.19433594          444.99432373 
        5018.75042204            0.50000000         5673.39404297        13339.19433594          439.99432373 
        5020.78999541            0.50000000         5638.39404297        13357.19433594          445.99432373 
        5022.77507644            0.50000000         5615.39404297        13378.19433594          448.99432373 
        5024.87457660            0.50000000         5518.39404297        13258.19433594          430.99432373 
        5026.91958908            0.50000000         5445.39404297        13137.19433594          433.99432373 
        5029.06393276            0.50000000         5352.39404297        12952.19433594          417.99432373 
        5031.20513692            0.50000000         5402.39404297        13069.19433594          416.99432373 
        5033.47688409            0.50000000         5364.39404297        13005.19433594          373.99432373 
        5035.75087109            0.50000000         5263.39404297        12796.19433594          365.99432373 
        5038.01679641            0.50000000         5233.39404297        12688.19433594          367.99432373 
        5040.27979028            0.50000000         5125.39404297        12380.19433594          340.99432373 
        5042.65858025            0.50000000         5142.39404297        12413.19433594          329.99432373 
        5045.13284748            0.50000000         5087.39404297        12391.19433594          353.99432373 
        5047.45972967            0.50000000         5009.39404297        12320.19433594          338.99432373 
        5049.99610963            0.50000000         4966.39404297        12310.19433594          341.99432373 
        5052.44194646            0.50000000         4848.39404297        12158.19433594          349.99432373 
        5054.96303029            0.50000000         4830.39404297        12143.19433594          354.99432373 
        5057.58558288            0.50000000         4755.39404297        12021.19433594          352.99432373 
        5060.17469022            0.50000000         4681.39404297        11881.19433594          339.99432373 
        5062.80314330            0.50000000         4619.39404297        11803.19433594          350.99432373 
        5065.57534886            0.50000000         4588.39404297        11796.19433594          331.99432373 
        5068.27256280            0.50000000         4519.39404297        11766.19433594          349.99432373 
        5071.07220752            0.50000000         4345.39404297        11414.19433594          333.99432373 
        5073.96418151            0.50000000         4398.39404297        11638.19433594          348.99432373 
        5076.78640166            0.50000000         4251.39404297        11451.19433594          318.99432373 
        5079.67499175            0.50000000         4122.39404297        11195.19433594          299.99432373 
        5082.71948375            0.50000000         4107.39404297        11307.19433594          284.99432373 
        5085.72587834            0.50000000         4002.39404297        11134.19433594          276.99432373 
        5088.71508442            0.50000000         4015.39404297        11232.19433594          273.99432373 
        5091.84521627            0.50000000         3912.39404297        11122.19433594          261.99432373 
        5094.96898338            0.50000000         3804.39404297        10952.19433594          262.99432373 
        5098.07049004            0.50000000         3781.39404297        10993.19433594          255.99432373 
        5101.24493511            0.50000000         3694.39404297        10933.19433594          285.99432373 
        5104.51381344            0.50000000         3626.39404297        10835.19433594          278.99432373 
        5107.79256341            0.50000000         3559.39404297        10776.19433594          289.99432373 
        5111.07058345            0.50000000         3556.39404297        10810.19433594          290.99432373 
        5114.39577678            0.50000000         3505.39404297        10740.19433594          286.99432373 
        5117.77899722            0.50000000         3426.39404297        10714.19433594          283.99432373 
        5121.18310842            0.50000000         3280.39404297        10387.19433594          287.99432373 
        5124.60819017            0.50000000         3229.39404297        10214.19433594          268.99432373 
        5128.08109834            0.50000000         3258.39404297        10420.19433594          282.99432373 
        5131.61275934            0.50000000         3188.39404297        10246.19433594          277.99432373 
        5135.13897069            0.50000000         3110.39404297        10175.19433594          274.99432373 
        5138.71886720            0.50000000         3012.39404297         9921.19433594          271.99432373 
        5142.42272008            0.50000000         2972.39404297         9873.19433594          254.99432373 
        5145.98668794            0.50000000         2839.39404297         9595.19433594          253.99432373 
        5149.70193983            0.50000000         2784.39404297         9510.19433594          243.99432373 
        5153.42843777            0.50000000         2753.39404297         9464.19433594          244.99432373 
        5157.18248472            0.50000000         2683.39404297         9366.19433594          228.99432373 
        5161.03478849            0.50000000         2606.39404297         9262.19433594          249.99432373 
        5164.85527509            0.50000000         2523.39404297         9096.19433594          247.99432373 
        5168.74728178            0.50000000         2484.39404297         9087.19433594          233.99432373 
        5172.70023049            0.50000000         2410.39404297         8875.19433594          241.99432373 
        5176.55043219            0.50000000         2345.39404297         8770.19433594          236.99432373 
        5180.56015224            0.50000000         1892.39404297         7195.19433594          204.99432373 
        5184.54919932            0.50000000         2286.39404297         8733.19433594          239.99432373 
        5188.54491822            0.50000000         2222.39404297         8643.19433594          225.99432373 
        5192.70690048            0.50000000         2137.39404297         8383.19433594          232.99432373 
        5196.83754631            0.50000000         2023.39404297         8006.19433594          244.99432373 
        5200.94771756            0.50000000         1945.39404297         7825.19433594          226.99432373 
        5205.15344710            0.50000000         1845.39404297         7479.19433594          210.99432373 
        5208.92884851            0.50000000         1726.39404297         7028.19433594          199.99432373 
