# 1-D Scan File created by LabVIEW Control Panel  12/6/2011  4:57:28 AM; Scan time 0 hrs 4 min 29 sec. 
#
# Beamline 20 BM
#
# Scan config: 
#                 E0: 4966.00 eV   223 points
#        Scan bounds:  -100.00 -30.00 40.00 243.35 (7.99 (k))
#       Scan step(s):  5.00 0.50 0.07
#  Integration times:  0.50 0.50 0.50    kwgt in EXAFS region: 0.0 
#
# User Comment:
# 50oC
#
#
# Amplifier Sensitivities:
# Preslit: 20 nA/V  I0: 20 nA/V  I: 100 pA/V  IREF: 50 pA/V  
#
# Analog Input Voltages at start/end of scan:
# Preslit: 0.034/0.031  I0: 0.368/0.194  Ignore: 0.011/0.004  I: 0.687/0.385  IREF: 0.204/0.132  
#
# Mono Info:
# 
#
# ID Info:
# 
#
# Slit Info:
# Kappa S1:  Center is at -542 (H), 500 (V)   Size is 8000 wide x 2000 high
# Vacuum Slits:  Center is at 850 (H), -25 (V)   Size is 899 wide x 1000 high
#
# Motor Positions:
# SMV (20bm:m29): -37594.243125 SMH (20bm:m30): 4802.187500 
#
# Detector Names/PVs:
# I0/20bm:scaler1_netA.C  I/20bm:scaler1_netA.E  IREF/20bm:scaler1_netA.F  
#
# Positioner names/Drive PVs/Readback PVs:
# Mono Energy */20bm:monoE.VAL/20bm:EnctoE.VAL  Scaler preset time */20bm:scaler1.TP/  
# Here is a readable list of column headings:
#  1) Mono Energy *        
#  2) Scaler preset time * 
#  3) I0                   
#  4) I                    
#  5) IREF                 
#
# Column Headings:
#Mono Energy *        Scaler preset time * I0                   I                    IREF                 
        4865.38181436            0.50000000        13370.39355469        29400.19335937         4072.99438477 
        4870.45241530            0.50000000        13116.39355469        28932.19335937         3952.99438477 
        4875.45791516            0.50000000        13015.39355469        29025.19335937         3890.99438477 
        4880.53721146            0.50000000        12839.39355469        28927.19335937         3825.99438477 
        4885.57997133            0.50000000        12640.39355469        28677.19335937         3677.99438477 
        4890.57142068            0.50000000        12535.39355469        28671.19335937         3651.99438477 
        4895.65634219            0.50000000        12407.39355469        28672.19335937         3594.99438477 
        4900.77228306            0.50000000        12312.39355469        28803.19335937         3533.99438477 
        4905.79788426            0.50000000        12140.39355469        28595.19335937         3468.99438477 
        4910.80557360            0.50000000        12071.39355469        28657.19335937         3430.99438477 
        4915.81960583            0.50000000        11807.39355469        28440.19335937         3324.99438477 
        4920.84977234            0.50000000        11808.39355469        28780.19335937         3365.99438477 
        4925.87652315            0.50000000        11672.39355469        28749.19335937         3322.99438477 
        4930.88504862            0.50000000        11516.39355469        28620.19335937         3280.99438477 
        4935.95894332            0.50000000        11418.39355469        28708.19335937         3253.99438477 
        4936.47632534            0.50000000        11505.39355469        29150.19335937         3306.99438477 
        4936.94453528            0.50000000        11537.39355469        29170.19335937         3309.99438477 
        4937.43749298            0.50000000        11497.39355469        29218.19335937         3283.99438477 
        4937.91576500            0.50000000        11356.39355469        28842.19335937         3226.99438477 
        4938.42866425            0.50000000        11425.39355469        28908.19335937         3267.99438477 
        4938.94661366            0.50000000        11444.39355469        28918.19335937         3244.99438477 
        4939.44000946            0.50000000        11399.39355469        29032.19335937         3252.99438477 
        4939.98780527            0.50000000        11388.39355469        28912.19335937         3206.99438477 
        4940.47155546            0.50000000        11408.39355469        29056.19335937         3222.99438477 
        4940.97516077            0.50000000        11361.39355469        29068.19335937         3217.99438477 
        4941.44430609            0.50000000        11289.39355469        28892.19335937         3231.99438477 
        4941.93824871            0.50000000        11304.39355469        28969.19335937         3230.99438477 
        4942.42735845            0.50000000        11394.39355469        29124.19335937         3225.99438477 
        4942.97093809            0.50000000        11310.39355469        29014.19335937         3230.99438477 
        4943.45532845            0.50000000        11270.39355469        28939.19335937         3209.99438477 
        4944.01893380            0.50000000        11287.39355469        28980.19335937         3200.99438477 
        4944.46893032            0.50000000        11269.39355469        29016.19335937         3226.99438477 
        4944.99816189            0.50000000        11246.39355469        28898.19335937         3191.99438477 
        4945.46319667            0.50000000        11146.39355469        28836.19335937         3163.99438477 
        4945.96296847            0.50000000        11208.39355469        28937.19335937         3141.99438477 
        4946.43315182            0.50000000        11262.39355469        28953.19335937         3183.99438477 
        4946.98759899            0.50000000        11224.39355469        29029.19335937         3195.99438477 
        4947.47285194            0.50000000        11229.39355469        29041.19335937         3199.99438477 
        4948.04736771            0.50000000        11199.39355469        29069.19335937         3194.99438477 
        4948.47835043            0.50000000        11155.39355469        29035.19335937         3188.99438477 
        4949.01347785            0.50000000        11126.39355469        28958.19335937         3167.99438477 
        4949.47934006            0.50000000        11175.39355469        29168.19335937         3172.99438477 
        4949.98495877            0.50000000        11092.39355469        28947.19335937         3177.99438477 
        4950.44110404            0.50000000        11145.39355469        29083.19335937         3221.99438477 
        4951.01141509            0.50000000        11179.39355469        29184.19335937         3211.99438477 
        4951.48265014            0.50000000        11124.39355469        29088.19335937         3171.99438477 
        4952.07307262            0.50000000        11177.39355469        29172.19335937         3176.99438477 
        4952.48000808            0.50000000        11178.39355469        29243.19335937         3209.99438477 
        4953.03097639            0.50000000        11182.39355469        29288.19335937         3195.99438477 
        4953.48277126            0.50000000        11178.39355469        29358.19335937         3190.99438477 
        4953.99425236            0.50000000        11077.39355469        29204.19335937         3166.99438477 
        4954.44127225            0.50000000        11100.39355469        29200.19335937         3164.99438477 
        4955.01756152            0.50000000        11173.39355469        29459.19335937         3182.99438477 
        4955.47969254            0.50000000        11051.39355469        29230.19335937         3166.99438477 
        4956.08110105            0.50000000        11161.39355469        29530.19335937         3207.99438477 
        4956.48875800            0.50000000        10968.39355469        29095.19335937         3107.99438477 
        4957.04070326            0.50000000        11022.39355469        29199.19335937         3141.99438477 
        4957.48832523            0.50000000        11053.39355469        29277.19335937         3134.99438477 
        4958.02558841            0.50000000        10994.39355469        29158.19335937         3112.99438477 
        4958.45350026            0.50000000        10968.39355469        29042.19335937         3100.99438477 
        4959.02085687            0.50000000        11044.39355469        29380.19335937         3170.99438477 
        4959.49376261            0.50000000        10969.39355469        29187.19335937         3125.99438477 
        4960.08129880            0.50000000        10996.39355469        29347.19335937         3140.99438477 
        4960.48967639            0.50000000        10879.39355469        29000.19335937         3114.99438477 
        4961.02765187            0.50000000        11088.39355469        29585.19335937         3169.99438477 
        4961.49101088            0.50000000        10846.39355469        28996.19335937         3057.99438477 
        4962.02424006            0.50000000        11067.39355469        29569.19335937         3151.99438477 
        4962.44293777            0.50000000        10828.39355469        29011.19335937         3036.99438477 
        4963.01628030            0.50000000        11052.39355469        29593.19335937         3086.99438477 
        4963.49002044            0.50000000        10834.39355469        29063.19335937         3051.99438477 
        4964.09355911            0.50000000        10936.39355469        29364.19335937         3027.99438477 
        4964.48270224            0.50000000        10857.39355469        29294.19335937         2976.99438477 
        4965.03160731            0.50000000        10916.39355469        29334.19335937         2890.99438477 
        4965.48081026            0.50000000        10811.39355469        29190.19335937         2746.99438477 
        4966.01997121            0.50000000        10907.39355469        29338.19335937         2414.99438477 
        4966.43441345            0.50000000        10817.39355469        29271.19335937         1890.99438477 
        4967.02375081            0.50000000        10878.39355469        29307.19335937         1619.99438477 
        4967.48334036            0.50000000        10786.39355469        29140.19335937         1746.99438477 
        4968.08294485            0.50000000        10919.39355469        29298.19335937         1974.99438477 
        4968.46777448            0.50000000        10794.39355469        28983.19335937         2026.99438477 
        4969.02264369            0.50000000        10908.39355469        29062.19335937         2041.99438477 
        4969.47263719            0.50000000        10812.39355469        28952.19335937         1937.99438477 
        4970.00774550            0.50000000        10873.39355469        28822.19335937         1858.99438477 
        4970.42291635            0.50000000        10793.39355469        28292.19335937         1745.99438477 
        4971.01328989            0.50000000        10840.39355469        27728.19335937         1660.99438477 
        4971.47869241            0.50000000        10738.39355469        27655.19335937         1625.99438477 
        4972.07935267            0.50000000        10808.39355469        27990.19335937         1637.99438477 
        4972.46485998            0.50000000        10741.39355469        28268.19335937         1598.99438477 
        4973.02070638            0.50000000        10791.39355469        28606.19335937         1585.99438477 
        4973.47149245            0.50000000        10722.39355469        28617.19335937         1490.99438477 
        4974.00754334            0.50000000        10779.39355469        28504.19335937         1449.99438477 
        4974.41843424            0.50000000        10726.39355469        28389.19335937         1372.99438477 
        4975.01485923            0.50000000        10748.39355469        28271.19335937         1274.99438477 
        4975.46604086            0.50000000        10625.39355469        27986.19335937         1238.99438477 
        4976.05772573            0.50000000        10794.39355469        28143.19335937         1195.99438477 
        4976.45393976            0.50000000        10632.39355469        27427.19335937         1138.99438477 
        4977.01076217            0.50000000        10785.39355469        27272.19335937         1091.99438477 
        4977.46233985            0.50000000        10623.39355469        26395.19335937         1040.99438477 
        4977.99431297            0.50000000        10749.39355469        26237.19335937         1005.99432373 
        4978.41094477            0.50000000        10560.39355469        25395.19335937          939.99432373 
        4979.00339599            0.50000000        10625.39355469        25199.19335937          913.99432373 
        4979.46541411            0.50000000        10608.39355469        24711.19335937          873.99432373 
        4980.06316360            0.50000000        10596.39355469        24044.19335937          854.99432373 
        4980.46007558            0.50000000        10571.39355469        23406.19335937          822.99432373 
        4981.01787894            0.50000000        10528.39355469        22726.19335937          780.99432373 
        4981.47025225            0.50000000        10538.39355469        22438.19335937          793.99432373 
        4981.99310665            0.50000000        10465.39355469        21921.19335937          760.99432373 
        4982.41549975            0.50000000        10526.39355469        21751.19335937          745.99432373 
        4982.99390305            0.50000000        10547.39355469        21540.19335937          739.99432373 
        4983.46679395            0.50000000        10443.39355469        21154.19335937          708.99432373 
        4984.04043163            0.50000000        10462.39355469        20929.19335937          725.99432373 
        4984.45817096            0.50000000        10459.39355469        20616.19335937          717.99432373 
        4985.00185004            0.50000000        10476.39355469        20276.19335937          697.99432373 
        4985.46005067            0.50000000        10438.39355469        19810.19335937          715.99432373 
        4985.97878448            0.50000000        10409.39355469        19208.19335937          711.99432373 
        4986.41703024            0.50000000        10487.39355469        18824.19335937          702.99432373 
        4986.99141081            0.50000000        10420.39355469        18103.19335937          708.99432373 
        4987.46513168            0.50000000        10368.39355469        17678.19335937          683.99432373 
        4988.04985905            0.50000000        10414.39355469        17290.19335937          679.99432373 
        4988.46329124            0.50000000        10321.39355469        16953.19335937          689.99432373 
        4988.99783900            0.50000000        10386.39355469        16864.19335937          671.99432373 
        4989.46693217            0.50000000        10251.39355469        16531.19335937          666.99432373 
        4989.96639539            0.50000000        10266.39355469        16634.19335937          681.99432373 
        4990.41550109            0.50000000        10282.39355469        16828.19335937          685.99432373 
        4990.98584129            0.50000000        10222.39355469        17128.19335937          674.99432373 
        4991.45534322            0.50000000        10172.39355469        17464.19335937          678.99432373 
        4992.01584291            0.50000000        10212.39355469        18153.19335937          687.99432373 
        4992.45524966            0.50000000        10201.39355469        18567.19335937          700.99432373 
        4992.98568077            0.50000000        10125.39355469        18843.19335937          673.99432373 
        4993.45054073            0.50000000        10178.39355469        19162.19335937          697.99432373 
        4993.94076728            0.50000000        10097.39355469        19196.19335937          685.99432373 
        4994.42098805            0.50000000        10105.39355469        19297.19335937          688.99432373 
        4994.95693249            0.50000000        10157.39355469        19436.19335937          683.99432373 
        4995.44242462            0.50000000        10112.39355469        19350.19335937          684.99432373 
        4995.99884450            0.50000000         9999.39355469        19145.19335937          666.99432373 
        4996.46937791            0.50000000        10123.39355469        19310.19335937          673.99432373 
        4996.97037476            0.50000000        10051.39355469        19127.19335937          653.99432373 
        4997.45123255            0.50000000         9926.39355469        18834.19335937          640.99432373 
        4997.91193854            0.50000000        10015.39355469        18794.19335937          642.99432373 
        4998.43857335            0.50000000         9940.39355469        18535.19335937          611.99432373 
        4998.95013286            0.50000000         9879.39355469        18215.19335937          610.99432373 
        4999.44660692            0.50000000        10016.39355469        18203.19335937          615.99432373 
        4999.98879861            0.50000000         9995.39355469        17975.19335937          607.99432373 
        5000.48549814            0.50000000         9915.39355469        17715.19335937          603.99432373 
        5000.96202554            0.50000000         9887.39355469        17509.19335937          571.99432373 
        5001.46400746            0.50000000        10028.39355469        17622.19335937          602.99432373 
        5001.91537812            0.50000000         9941.39355469        17539.19335937          576.99432373 
        5002.44800855            0.50000000         9856.39355469        17433.19335937          584.99432373 
        5002.91987043            0.50000000         9807.39355469        17442.19335937          595.99432373 
        5003.45781011            0.50000000         9897.39355469        17776.19335937          592.99432373 
        5003.96541625            0.50000000         9766.39355469        17725.19335937          574.99432373 
        5004.50360162            0.50000000         9835.39355469        18027.19335937          595.99432373 
        5004.94033552            0.50000000         9736.39355469        17991.19335937          573.99432373 
        5005.46351015            0.50000000         9841.39355469        18380.19335937          598.99432373 
        5005.91058895            0.50000000         9703.39355469        18362.19335937          586.99432373 
        5007.59299644            0.50000000         9704.39355469        19007.19335937          604.99432373 
        5009.39876463            0.50000000         9651.39355469        19406.19335937          606.99432373 
        5011.20086323            0.50000000         9498.39355469        19509.19335937          614.99432373 
        5013.02476533            0.50000000         9438.39355469        19720.19335937          629.99432373 
        5014.83481572            0.50000000         9356.39355469        19864.19335937          634.99432373 
        5016.80965250            0.50000000         9304.39355469        20026.19335937          629.99432373 
        5018.75042204            0.50000000         9218.39355469        19999.19335937          619.99432373 
        5020.78999541            0.50000000         9181.39355469        19983.19335937          654.99432373 
        5022.78019484            0.50000000         9161.39355469        20033.19335937          621.99432373 
        5024.87457660            0.50000000         9002.39355469        19801.19335937          621.99432373 
        5026.91446147            0.50000000         8973.39355469        19836.19335937          620.99432373 
        5029.05880037            0.50000000         8810.39355469        19462.19335937          602.99432373 
        5031.19486261            0.50000000         8834.39355469        19537.19335937          591.99432373 
        5033.46145744            0.50000000         8797.39355469        19451.19335937          568.99432373 
        5035.73028197            0.50000000         8693.39355469        19240.19335937          568.99432373 
        5038.01164406            0.50000000         8631.39355469        18996.19335937          513.99432373 
        5040.25916073            0.50000000         8498.39355469        18578.19335937          491.99432373 
        5042.64825482            0.50000000         8501.39355469        18475.19335937          487.99432373 
        5045.11217458            0.50000000         8387.39355469        18434.19335937          490.99432373 
        5047.44938279            0.50000000         8296.39355469        18520.19335937          476.99432373 
        5049.98057231            0.50000000         8289.39355469        18679.19335937          496.99432373 
        5052.42639273            0.50000000         8065.39404297        18419.19335937          500.99432373 
        5054.94226943            0.50000000         8036.39404297        18456.19335937          509.99432373 
        5057.56999460            0.50000000         7925.39404297        18281.19335937          512.99432373 
        5060.15908454            0.50000000         7858.39404297        18152.19335937          511.99432373 
        5062.78231218            0.50000000         7735.39404297        18039.19335937          513.99432373 
        5065.55449286            0.50000000         7697.39404297        18053.19335937          515.99432373 
        5068.24646257            0.50000000         7611.39404297        18071.19335937          515.99432373 
        5071.05652849            0.50000000         7339.39404297        17679.19335937          518.99432373 
        5073.94848299            0.50000000         7377.39404297        17834.19335937          520.99432373 
        5076.77068411            0.50000000         7246.39404297        17823.19335937          493.99432373 
        5079.65400904            0.50000000         7020.39404297        17456.19335937          480.99432373 
        5082.70372616            0.50000000         6986.39404297        17605.19335937          434.99432373 
        5085.71535973            0.50000000         6886.39404297        17441.19335937          449.99432373 
        5088.69402029            0.50000000         6889.39404297        17479.19335937          421.99432373 
        5091.82412392            0.50000000         6751.39404297        17476.19335937          426.99432373 
        5094.94786284            0.50000000         6633.39404297        17414.19335937          417.99432373 
        5098.04934150            0.50000000         6592.39404297        17522.19335937          429.99432373 
        5101.22375790            0.50000000         6458.39404297        17447.19335937          437.99432373 
        5104.49260667            0.50000000         6372.39404297        17344.19335937          446.99432373 
        5107.77663607            0.50000000         6324.39404297        17291.19335937          464.99432373 
        5111.05995038            0.50000000         6308.39404297        17477.19335937          466.99432373 
        5114.39045271            0.50000000         6230.39404297        17336.19335937          460.99432373 
        5117.76833377            0.50000000         6124.39404297        17270.19335937          457.99432373 
        5121.17242953            0.50000000         5974.39404297        17104.19335937          447.99432373 
        5124.60284295            0.50000000         5833.39404297        16704.19335937          428.99432373 
        5128.08109834            0.50000000         5918.39404297        17180.19335937          453.99432373 
        5131.60739622            0.50000000         5756.39404297        16725.19335937          447.99432373 
        5135.13359955            0.50000000         5643.39404297        16688.19335937          434.99432373 
        5138.71348792            0.50000000         5495.39404297        16391.19335937          431.99432373 
        5142.41733236            0.50000000         5490.39404297        16497.19335937          426.99432373 
        5145.98668794            0.50000000         5229.39404297        15954.19433594          392.99432373 
        5149.69653553            0.50000000         5172.39404297        15990.19433594          393.99432373 
        5153.42302496            0.50000000         5094.39404297        15810.19433594          374.99432373 
        5157.17164198            0.50000000         5000.39404297        15837.19433594          402.99432373 
        5161.02935832            0.50000000         4893.39404297        15722.19433594          394.99432373 
        5164.85527509            0.50000000         4706.39404297        15326.19433594          385.99432373 
        5168.74728178            0.50000000         4662.39404297        15426.19433594          404.99432373 
        5172.69477363            0.50000000         4519.39404297        15032.19433594          388.99432373 
        5176.53950083            0.50000000         4363.39404297        14759.19433594          392.99432373 
        5180.55467736            0.50000000         3509.39404297        12060.19433594          339.99432373 
        5184.54371529            0.50000000         4262.39404297        14670.19433594          414.99432373 
        5188.53393181            0.50000000         4113.39404297        14443.19433594          402.99432373 
        5192.70139770            0.50000000         3963.39404297        14044.19433594          399.99432373 
        5196.82652178            0.50000000         3805.39404297        13607.19433594          380.99432373 
        5200.93667411            0.50000000         3670.39404297        13303.19433594          390.99432373 
        5205.14238426            0.50000000         3475.39404297        12680.19433594          346.99432373 
        5208.92330839            0.50000000         3283.39404297        12022.19433594          346.99432373 
