# 1-D Scan File created by LabVIEW Control Panel  12/5/2011  11:00:59 PM; Scan time 0 hrs 4 min 28 sec. 
#
# Beamline 20 BM
#
# Scan config: 
#                 E0: 4966.00 eV   223 points
#        Scan bounds:  -100.00 -30.00 40.00 243.35 (7.99 (k))
#       Scan step(s):  5.00 0.50 0.07
#  Integration times:  0.50 0.50 0.50    kwgt in EXAFS region: 0.0 
#
# User Comment:
# 50oC
#
#
# Amplifier Sensitivities:
# Preslit: 20 nA/V  I0: 20 nA/V  I: 100 pA/V  IREF: 50 pA/V  
#
# Analog Input Voltages at start/end of scan:
# Preslit: 0.035/0.031  I0: 0.750/0.539  Ignore: 0.021/0.015  I: 0.933/0.945  IREF: 0.246/0.148  
#
# Mono Info:
# 
#
# ID Info:
# 
#
# Slit Info:
# Kappa S1:  Center is at -542 (H), 500 (V)   Size is 8000 wide x 2000 high
# Vacuum Slits:  Center is at 850 (H), -25 (V)   Size is 899 wide x 1000 high
#
# Motor Positions:
# SMV (20bm:m29): -37594.243125 SMH (20bm:m30): 4802.187500 
#
# Detector Names/PVs:
# I0/20bm:scaler1_netA.C  I/20bm:scaler1_netA.E  IREF/20bm:scaler1_netA.F  
#
# Positioner names/Drive PVs/Readback PVs:
# Mono Energy */20bm:monoE.VAL/20bm:EnctoE.VAL  Scaler preset time */20bm:scaler1.TP/  
# Here is a readable list of column headings:
#  1) Mono Energy *        
#  2) Scaler preset time * 
#  3) I0                   
#  4) I                    
#  5) IREF                 
#
# Column Headings:
#Mono Energy *        Scaler preset time * I0                   I                    IREF                 
        4865.41522989            0.50000000        32519.39453125        41667.19531250         6047.99414062 
        4870.47155359            0.50000000        32413.39453125        41875.19531250         6023.99414062 
        4875.48189209            0.50000000        32358.39453125        42124.19531250         5918.99414062 
        4880.56124329            0.50000000        32231.39453125        42335.19531250         5851.99414062 
        4885.60887503            0.50000000        32038.39453125        42469.19531250         5745.99414062 
        4890.59556114            0.50000000        31991.39453125        42853.19531250         5732.99414062 
        4895.68537692            0.50000000        31923.39453125        43212.19531250         5656.99414062 
        4900.80138442            0.50000000        31886.39453125        43498.19531250         5593.99414062 
        4905.82705115            0.50000000        31778.39453125        43837.19531250         5553.99414062 
        4910.83480583            0.50000000        31750.39453125        44271.19531250         5558.99414062 
        4915.85378656            0.50000000        31392.39453125        44223.19531250         5362.99414062 
        4920.87913585            0.50000000        31570.39453125        44903.19531250         5402.99414062 
        4925.91576232            0.50000000        31518.39453125        45424.19531250         5428.99414062 
        4930.92437529            0.50000000        31461.39453125        45831.19531250         5367.99414062 
        4935.98850481            0.50000000        31368.39453125        46183.19531250         5352.99414062 
        4936.49603748            0.50000000        31486.39453125        46500.19531250         5381.99414062 
        4936.96918061            0.50000000        31517.39453125        46632.19531250         5399.99414062 
        4937.47200406            0.50000000        31529.39453125        46689.19531250         5402.99414062 
        4937.95028340            0.50000000        31402.39453125        46544.19531250         5313.99414062 
        4938.45825816            0.50000000        31445.39453125        46628.19531250         5405.99414062 
        4938.97621436            0.50000000        31474.39453125        46686.19531250         5441.99414062 
        4939.46961664            0.50000000        31462.39453125        46800.19531250         5370.99414062 
        4940.01741965            0.50000000        31370.39453125        46696.19531250         5386.99414062 
        4940.49130257            0.50000000        31466.39453125        46852.19531250         5360.99414062 
        4940.99985020            0.50000000        31444.39453125        46978.19531250         5340.99414062 
        4941.47393960            0.50000000        31253.39453125        46752.19531250         5323.99414062 
        4941.97282874            0.50000000        31358.39453125        46930.19531250         5344.99414062 
        4942.44712268            0.50000000        31465.39453125        47155.19531250         5414.99414062 
        4943.00059166            0.50000000        31343.39453125        47043.19531250         5329.99414062 
        4943.48498839            0.50000000        31314.39453125        47000.19531250         5349.99414062 
        4944.04365656            0.50000000        31432.39453125        47200.19531250         5355.99414062 
        4944.49365801            0.50000000        31233.39453125        46964.19531250         5324.99414062 
        4945.01794865            0.50000000        31253.39453125        47085.19531250         5360.99414062 
        4945.49288300            0.50000000        31194.39453125        47040.19531250         5287.99414062 
        4945.99266136            0.50000000        31254.39453125        47194.19531250         5344.99414062 
        4946.45790102            0.50000000        31319.39453125        47318.19531250         5315.99414062 
        4947.01730536            0.50000000        31256.39453125        47347.19531250         5345.99414062 
        4947.50256469            0.50000000        31238.39453125        47433.19531250         5414.99414062 
        4948.08204144            0.50000000        31257.39453125        47485.19531250         5357.99414062 
        4948.50312205            0.50000000        31193.39453125        47460.19531250         5375.99414062 
        4949.03825534            0.50000000        31166.39453125        47481.19531250         5346.99414062 
        4949.50412266            0.50000000        31207.39453125        47627.19531250         5369.99414062 
        4950.01966224            0.50000000        31206.39453125        47690.19531250         5340.99414062 
        4950.46589719            0.50000000        31137.39453125        47582.19531250         5342.99414062 
        4951.03621449            0.50000000        31359.39453125        47942.19531250         5395.99414062 
        4951.51241565            0.50000000        31135.39453125        47811.19531250         5324.99414062 
        4952.10284590            0.50000000        31339.39453125        48042.19531250         5416.99414062 
        4952.50978672            0.50000000        31356.39453125        48130.19531250         5399.99414062 
        4953.05579794            0.50000000        31267.39453125        48082.19531250         5367.99414062 
        4953.51752845            0.50000000        31315.39453125        48179.19531250         5372.99414062 
        4954.02901740            0.50000000        31227.39453125        48188.19531250         5377.99414062 
        4954.47107672            0.50000000        31251.39453125        48203.19531250         5353.99414062 
        4955.03743618            0.50000000        31372.39453125        48509.19531250         5443.99414062 
        4955.51448041            0.50000000        31203.39453125        48317.19531250         5342.99414062 
        4956.10595608            0.50000000        31347.39453125        48595.19531250         5402.99414062 
        4956.51361750            0.50000000        31143.39453125        48326.19531250         5355.99414062 
        4957.06059569            0.50000000        31241.39453125        48467.19531250         5382.99414062 
        4957.51319571            0.50000000        31254.39453125        48533.19531250         5381.99414062 
        4958.05046479            0.50000000        31217.39453125        48609.19531250         5364.99414062 
        4958.47340510            0.50000000        31197.39453125        48602.19531250         5347.99414062 
        4959.04574418            0.50000000        31245.39453125        48674.19531250         5381.99414062 
        4959.52363366            0.50000000        31161.39453125        48672.19531250         5331.99414062 
        4960.10619776            0.50000000        31287.39453125        48981.19531250         5348.99414062 
        4960.51956057            0.50000000        31155.39453125        48781.19531250         5334.99414062 
        4961.05256124            0.50000000        31375.39453125        49127.19531250         5343.99414062 
        4961.51592534            0.50000000        30999.39453125        48671.19531250         5301.99414062 
        4962.04916038            0.50000000        31287.39453125        49132.19531250         5346.99414062 
        4962.46786270            0.50000000        31027.39453125        48777.19531250         5249.99414062 
        4963.04619780            0.50000000        31360.39453125        49281.19531250         5331.99414062 
        4963.51994420            0.50000000        30957.39453125        48839.19531250         5220.99414062 
        4964.11351354            0.50000000        31197.39453125        49201.19531250         5199.99414062 
        4964.50764959            0.50000000        31004.39453125        48974.19531250         5090.99414062 
        4965.05157000            0.50000000        31126.39453125        49206.19531250         4988.99414062 
        4965.50576858            0.50000000        30988.39453125        49076.19531250         4734.99414062 
        4966.04493547            0.50000000        31120.39453125        49244.19531250         4130.99414062 
        4966.45438849            0.50000000        30995.39453125        49156.19531250         3319.99438477 
        4967.03873596            0.50000000        31067.39453125        49131.19531250         2898.99438477 
        4967.51331682            0.50000000        30919.39453125        48886.19531250         3037.99438477 
        4968.10793180            0.50000000        31091.39453125        49117.19531250         3470.99438477 
        4968.49776395            0.50000000        30970.39453125        48763.19531250         3559.99438477 
        4969.04264151            0.50000000        30989.39453125        48509.19531250         3547.99438477 
        4969.49263898            0.50000000        30955.39453125        48380.19531250         3377.99438477 
        4970.03275365            0.50000000        31050.39453125        48260.19531250         3250.99438477 
        4970.44792907            0.50000000        30964.39453125        47982.19531250         3081.99438477 
        4971.03330524            0.50000000        31035.39453125        47944.19531250         2996.99438477 
        4971.50371675            0.50000000        30899.39453125        47983.19531250         2924.99438477 
        4972.09937742            0.50000000        30983.39453125        48316.19531250         2934.99438477 
        4972.48488812            0.50000000        30958.39453125        48429.19531250         2877.99438477 
        4973.03573114            0.50000000        31011.39453125        48396.19531250         2769.99438477 
        4973.48652020            0.50000000        30908.39453125        48178.19531250         2652.99438477 
        4974.02758507            0.50000000        31006.39453125        47881.19531250         2498.99438477 
        4974.43847960            0.50000000        30891.39453125        47105.19531250         2376.99438477 
        4975.03490985            0.50000000        30971.39453125        46139.19531250         2221.99438477 
        4975.49110913            0.50000000        30869.39453125        45040.19531250         2100.99438477 
        4976.08781551            0.50000000        31087.39453125        44212.19531250         2030.99438477 
        4976.47901892            0.50000000        30812.39453125        43212.19531250         1939.99438477 
        4977.03083039            0.50000000        31067.39453125        43084.19531250         1869.99438477 
        4977.48743013            0.50000000        30748.39453125        42153.19531250         1771.99438477 
        4978.02442837            0.50000000        31013.39453125        42147.19531250         1751.99438477 
        4978.43604550            0.50000000        30941.39453125        41752.19531250         1656.99438477 
        4979.01846032            0.50000000        31193.39453125        41867.19531250         1671.99438477 
        4979.49554898            0.50000000        30970.39453125        41270.19531250         1611.99438477 
        4980.08828256            0.50000000        31166.39453125        41235.19531250         1590.99438477 
        4980.48519892            0.50000000        30883.39453125        40571.19531250         1527.99438477 
        4981.03798251            0.50000000        30906.39453125        40004.19531250         1494.99438477 
        4981.49538673            0.50000000        31038.39453125        39515.19531250         1477.99438477 
        4982.02327499            0.50000000        30889.39453125        38543.19531250         1439.99438477 
        4982.44064467            0.50000000        30980.39453125        37708.19531250         1417.99438477 
        4983.01905435            0.50000000        31057.39453125        36437.19531250         1386.99438477 
        4983.49195047            0.50000000        30867.39453125        35027.19531250         1362.99438477 
        4984.06559448            0.50000000        30958.39453125        33560.19531250         1339.99438477 
        4984.48333843            0.50000000        30925.39453125        32390.19335937         1332.99438477 
        4985.02198879            0.50000000        30891.39453125        31119.19335937         1273.99438477 
        4985.48522920            0.50000000        30908.39453125        30326.19335937         1311.99438477 
        4986.00396874            0.50000000        30768.39453125        29528.19335937         1276.99438477 
        4986.44221934            0.50000000        30940.39453125        29313.19335937         1269.99438477 
        4987.01156714            0.50000000        30841.39453125        28891.19335937         1259.99438477 
        4987.48529220            0.50000000        30840.39453125        28842.19335937         1244.99438477 
        4988.07002473            0.50000000        30945.39453125        29037.19335937         1288.99438477 
        4988.48346058            0.50000000        30729.39453125        29070.19335937         1252.99438477 
        4989.01801307            0.50000000        30858.39453125        29709.19335937         1269.99438477 
        4989.48711039            0.50000000        30729.39453125        30151.19335937         1258.99438477 
        4989.99162371            0.50000000        30717.39453125        30772.19335937         1262.99438477 
        4990.43568769            0.50000000        30741.39453125        31461.19335937         1290.99438477 
        4991.00603293            0.50000000        30719.39453125        32160.19335937         1308.99438477 
        4991.48563699            0.50000000        30629.39453125        32633.19335937         1289.99438477 
        4992.04109388            0.50000000        30664.39453125        33279.19531250         1307.99438477 
        4992.47545431            0.50000000        30602.39453125        33618.19531250         1301.99438477 
        4993.01094247            0.50000000        30529.39453125        33903.19531250         1304.99438477 
        4993.48086097            0.50000000        30601.39453125        34260.19531250         1313.99438477 
        4993.95593060            0.50000000        30529.39453125        34225.19531250         1306.99438477 
        4994.44121008            0.50000000        30536.39453125        34414.19531250         1289.99438477 
        4994.98221599            0.50000000        30649.39453125        34529.19531250         1303.99438477 
        4995.46771349            0.50000000        30647.39453125        34424.19531250         1305.99438477 
        4996.02919857            0.50000000        30438.39453125        34060.19531250         1280.99438477 
        4996.49467815            0.50000000        30585.39453125        34029.19531250         1305.99438477 
        4997.00074173            0.50000000        30615.39453125        33891.19531250         1280.99438477 
        4997.48160591            0.50000000        30434.39453125        33441.19531250         1236.99438477 
        4997.94231803            0.50000000        30536.39453125        33314.19531250         1253.99438477 
        4998.46389539            0.50000000        30390.39453125        32790.19531250         1233.99438477 
        4998.97546057            0.50000000        30334.39453125        32500.19335937         1207.99438477 
        4999.47194012            0.50000000        30539.39453125        32451.19335937         1206.99438477 
        5000.01920568            0.50000000        30623.39453125        32365.19335937         1180.99438477 
        5000.50577388            0.50000000        30435.39453125        32134.19335937         1161.99438477 
        5000.98737553            0.50000000        30346.39453125        31973.19335937         1154.99438477 
        5001.48936300            0.50000000        30571.39453125        32261.19335937         1161.99438477 
        5001.94581081            0.50000000        30491.39453125        32348.19335937         1157.99438477 
        5002.46322838            0.50000000        30451.39453125        32474.19335937         1135.99438477 
        5002.94524210            0.50000000        30250.39453125        32491.19335937         1135.99438477 
        5003.47303666            0.50000000        30429.39453125        32986.19531250         1130.99438477 
        5003.99079951            0.50000000        30218.39453125        33020.19531250         1129.99438477 
        5004.51883513            0.50000000        30239.39453125        33427.19531250         1118.99438477 
        5004.96572959            0.50000000        30191.39453125        33750.19531250         1112.99438477 
        5005.48891001            0.50000000        30393.39453125        34434.19531250         1167.99438477 
        5005.93599378            0.50000000        30193.39453125        34563.19531250         1133.99438477 
        5007.60825050            0.50000000        30225.39453125        35999.19531250         1143.99438477 
        5009.40894200            0.50000000        30203.39453125        36982.19531250         1223.99438477 
        5011.21104860            0.50000000        30001.39453125        37277.19531250         1230.99438477 
        5013.04005555            0.50000000        29923.39453125        37465.19531250         1233.99438477 
        5014.85521879            0.50000000        29759.39453125        37174.19531250         1221.99438477 
        5016.82496795            0.50000000        29817.39453125        37195.19531250         1214.99438477 
        5018.76064096            0.50000000        29648.39453125        37243.19531250         1233.99438477 
        5020.80533741            0.50000000        29698.39453125        37803.19531250         1255.99438477 
        5022.79043168            0.50000000        29653.39453125        38233.19531250         1225.99438477 
        5024.88482276            0.50000000        29443.39453125        38298.19531250         1244.99438477 
        5026.92471671            0.50000000        29424.39453125        38447.19531250         1224.99438477 
        5029.06906517            0.50000000        29272.39453125        38176.19531250         1200.99438477 
        5031.21027410            0.50000000        29339.39453125        38308.19531250         1182.99438477 
        5033.47688409            0.50000000        29371.39453125        38077.19531250         1152.99438477 
        5035.75087109            0.50000000        29154.39453125        37331.19531250         1084.99438477 
        5038.02194877            0.50000000        29171.39453125        37017.19531250         1076.99438477 
        5040.27463287            0.50000000        28843.39453125        36408.19531250         1026.99438477 
        5042.65858025            0.50000000        28954.39453125        36740.19531250         1029.99438477 
        5045.12767924            0.50000000        28806.39453125        36934.19531250         1035.99438477 
        5047.46490313            0.50000000        28733.39453125        37193.19531250         1004.99432373 
        5049.99093051            0.50000000        28690.39453125        37394.19531250         1038.99438477 
        5052.44194646            0.50000000        28418.39453125        37200.19531250         1073.99438477 
        5054.96303029            0.50000000        28390.39453125        37490.19531250         1094.99438477 
        5057.59077899            0.50000000        28254.39453125        37627.19531250         1105.99438477 
        5060.18509407            0.50000000        28133.39453125        37949.19531250         1118.99438477 
        5062.80835111            0.50000000        28011.39453125        38153.19531250         1137.99438477 
        5065.58056289            0.50000000        27967.39453125        38471.19531250         1144.99438477 
        5068.28822308            0.50000000        27857.39453125        38623.19531250         1165.99438477 
        5071.09311307            0.50000000        27430.39453125        38273.19531250         1142.99438477 
        5073.98511304            0.50000000        27704.39453125        39206.19531250         1172.99438477 
        5076.80211933            0.50000000        27425.39453125        39173.19531250         1163.99438477 
        5079.69072890            0.50000000        26999.39453125        38869.19531250         1101.99438477 
        5082.73524146            0.50000000        27045.39453125        39448.19531250         1061.99438477 
        5085.74691572            0.50000000        26846.39453125        39525.19531250         1017.99432373 
        5088.73614873            0.50000000        26880.39453125        39969.19531250         1002.99432373 
        5091.86630881            0.50000000        26731.39453125        40060.19531250          986.99432373 
        5094.99010411            0.50000000        26503.39453125        40071.19531250          974.99432373 
        5098.09692598            0.50000000        26431.39453125        40252.19531250          992.99432373 
        5101.26611252            0.50000000        26210.39453125        40410.19531250         1032.99438477 
        5104.54562394            0.50000000        26014.39453125        40655.19531250         1076.99438477 
        5107.81910920            0.50000000        25866.39453125        40783.19531250         1120.99438477 
        5111.09184973            0.50000000        25876.39453125        41121.19531250         1102.99438477 
        5114.42239730            0.50000000        25768.39453125        41202.19531250         1108.99438477 
        5117.79499250            0.50000000        25443.39453125        40909.19531250         1113.99438477 
        5121.19912685            0.50000000        25314.39453125        41040.19531250         1112.99438477 
        5124.62957918            0.50000000        25081.39453125        40869.19531250         1116.99438477 
        5128.10787405            0.50000000        25305.39453125        41668.19531250         1137.99438477 
        5131.62348564            0.50000000        25031.39453125        41612.19531250         1142.99438477 
        5135.14434185            0.50000000        24821.39453125        41720.19531250         1136.99438477 
        5138.72962582            0.50000000        24594.39453125        41742.19531250         1124.99438477 
        5142.42810781            0.50000000        24772.39453125        42367.19531250         1116.99438477 
        5145.99208379            0.50000000        23952.39453125        41449.19531250         1072.99438477 
        5149.70734415            0.50000000        23982.39453125        42003.19531250         1051.99438477 
        5153.43385059            0.50000000        23893.39453125        42382.19531250         1063.99438477 
        5157.18248472            0.50000000        23487.39453125        42228.19531250         1073.99438477 
        5161.03478849            0.50000000        23412.39453125        42660.19531250         1078.99438477 
        5164.84983618            0.50000000        23056.39453125        42571.19531250         1108.99438477 
        5168.74183397            0.50000000        22964.39453125        43009.19531250         1132.99438477 
        5172.69477363            0.50000000        22639.39453125        43030.19531250         1163.99438477 
        5176.53950083            0.50000000        22242.39453125        42845.19531250         1151.99438477 
        5180.55467736            0.50000000        18571.39453125        36474.19531250         1035.99438477 
        5184.54919932            0.50000000        22345.39453125        44024.19531250         1223.99438477 
        5188.53942501            0.50000000        21958.39453125        43820.19531250         1243.99438477 
        5192.70139770            0.50000000        21506.39453125        43528.19531250         1214.99438477 
        5196.83203404            0.50000000        21101.39453125        43255.19531250         1205.99438477 
        5200.94771756            0.50000000        20781.39453125        43039.19531250         1182.99438477 
        5205.14791567            0.50000000        20342.39453125        42722.19531250         1204.99438477 
        5208.91776827            0.50000000        19647.39453125        41898.19531250         1156.99438477 
