# 1-D Scan File created by LabVIEW Control Panel  12/6/2011  1:36:36 AM; Scan time 0 hrs 4 min 28 sec. 
#
# Beamline 20 BM
#
# Scan config: 
#                 E0: 4966.00 eV   223 points
#        Scan bounds:  -100.00 -30.00 40.00 243.35 (7.99 (k))
#       Scan step(s):  5.00 0.50 0.07
#  Integration times:  0.50 0.50 0.50    kwgt in EXAFS region: 0.0 
#
# User Comment:
# 50oC
#
#
# Amplifier Sensitivities:
# Preslit: 20 nA/V  I0: 20 nA/V  I: 100 pA/V  IREF: 50 pA/V  
#
# Analog Input Voltages at start/end of scan:
# Preslit: 0.034/0.031  I0: 0.528/0.311  Ignore: 0.015/0.009  I: 0.823/0.617  IREF: 0.226/0.140  
#
# Mono Info:
# 
#
# ID Info:
# 
#
# Slit Info:
# Kappa S1:  Center is at -542 (H), 500 (V)   Size is 8000 wide x 2000 high
# Vacuum Slits:  Center is at 850 (H), -25 (V)   Size is 899 wide x 1000 high
#
# Motor Positions:
# SMV (20bm:m29): -37594.243125 SMH (20bm:m30): 4802.187500 
#
# Detector Names/PVs:
# I0/20bm:scaler1_netA.C  I/20bm:scaler1_netA.E  IREF/20bm:scaler1_netA.F  
#
# Positioner names/Drive PVs/Readback PVs:
# Mono Energy */20bm:monoE.VAL/20bm:EnctoE.VAL  Scaler preset time */20bm:scaler1.TP/  
# Here is a readable list of column headings:
#  1) Mono Energy *        
#  2) Scaler preset time * 
#  3) I0                   
#  4) I                    
#  5) IREF                 
#
# Column Headings:
#Mono Energy *        Scaler preset time * I0                   I                    IREF                 
        4865.39613524            0.50000000        21390.39453125        36052.19531250         5058.99414062 
        4870.45241530            0.50000000        21200.39453125        36021.19531250         5013.99414062 
        4875.46271053            0.50000000        21128.39453125        36230.19531250         4929.99414062 
        4880.54201781            0.50000000        20952.39453125        36275.19531250         4863.99414062 
        4885.58960585            0.50000000        20757.39453125        36212.19531250         4765.99414062 
        4890.57142068            0.50000000        20667.39453125        36407.19531250         4745.99414062 
        4895.66118128            0.50000000        20565.39453125        36522.19531250         4634.99414062 
        4900.77713326            0.50000000        20488.39453125        36821.19531250         4628.99414062 
        4905.80760651            0.50000000        20360.39453125        36868.19531250         4536.99414062 
        4910.81531763            0.50000000        20288.39453125        37159.19531250         4521.99414062 
        4915.82937170            0.50000000        19979.39453125        37027.19531250         4405.99414062 
        4920.85466623            0.50000000        20065.39453125        37549.19531250         4417.99414062 
        4925.89123776            0.50000000        19891.39453125        37670.19531250         4372.99414062 
        4930.89979604            0.50000000        19819.39453125        37916.19531250         4365.99414062 
        4935.96879711            0.50000000        19727.39453125        38125.19531250         4349.99414062 
        4936.48125336            0.50000000        19820.39453125        38541.19531250         4380.99414062 
        4936.95439338            0.50000000        19830.39453125        38574.19531250         4349.99414062 
        4937.44735323            0.50000000        19859.39453125        38689.19531250         4364.99414062 
        4937.92562734            0.50000000        19739.39453125        38467.19531250         4338.99414062 
        4938.43852885            0.50000000        19848.39453125        38696.19531250         4395.99414062 
        4938.95648052            0.50000000        19788.39453125        38579.19531250         4362.99414062 
        4939.44987848            0.50000000        19747.39453125        38635.19531250         4359.99414062 
        4939.99274098            0.50000000        19780.39453125        38591.19531250         4352.99414062 
        4940.47155546            0.50000000        19805.39453125        38785.19531250         4373.99414062 
        4940.98009864            0.50000000        19827.39453125        39014.19531250         4400.99414062 
        4941.45418389            0.50000000        19685.39453125        38682.19531250         4342.99414062 
        4941.95306866            0.50000000        19745.39453125        38954.19531250         4330.99414062 
        4942.43724054            0.50000000        19834.39453125        39060.19531250         4380.99414062 
        4942.97588032            0.50000000        19678.39453125        38795.19531250         4340.99414062 
        4943.46521506            0.50000000        19697.39453125        38843.19531250         4351.99414062 
        4944.02882287            0.50000000        19749.39453125        39006.19531250         4381.99414062 
        4944.47387584            0.50000000        19645.39453125        38791.19531250         4325.99414062 
        4945.00310856            0.50000000        19624.39453125        38885.19531250         4302.99414062 
        4945.46814437            0.50000000        19558.39453125        38776.19531250         4275.99414062 
        4945.96791726            0.50000000        19602.39453125        38918.19531250         4262.99414062 
        4946.43810164            0.50000000        19662.39453125        38899.19531250         4290.99414062 
        4946.99750107            0.50000000        19644.39453125        39156.19531250         4334.99414062 
        4947.48275614            0.50000000        19618.39453125        39114.19531250         4377.99414062 
        4948.06222782            0.50000000        19655.39453125        39279.19531250         4374.99414062 
        4948.48330474            0.50000000        19547.39453125        39097.19531250         4335.99414062 
        4949.01843333            0.50000000        19565.39453125        39175.19531250         4329.99414062 
        4949.48429656            0.50000000        19593.39453125        39297.19531250         4353.99414062 
        4949.99983162            0.50000000        19570.39453125        39284.19531250         4350.99414062 
        4950.44606265            0.50000000        19532.39453125        39174.19531250         4325.99414062 
        4951.02133482            0.50000000        19724.39453125        39616.19531250         4376.99414062 
        4951.49257193            0.50000000        19549.39453125        39360.19531250         4300.99414062 
        4952.08795921            0.50000000        19620.39453125        39455.19531250         4403.99414062 
        4952.48993425            0.50000000        19633.39453125        39481.19531250         4348.99414062 
        4953.03594068            0.50000000        19605.39453125        39515.19531250         4364.99414062 
        4953.49766714            0.50000000        19627.39453125        39582.19531250         4332.99414062 
        4954.00915160            0.50000000        19518.39453125        39536.19531250         4333.99414062 
        4954.45120703            0.50000000        19575.39453125        39580.19531250         4372.99414062 
        4955.02749883            0.50000000        19635.39453125        39864.19531250         4353.99414062 
        4955.49957126            0.50000000        19471.39453125        39599.19531250         4311.99414062 
        4956.09104303            0.50000000        19582.39453125        39841.19531250         4345.99414062 
        4956.49372988            0.50000000        19438.39453125        39600.19531250         4304.99414062 
        4957.04567635            0.50000000        19461.39453125        39614.19531250         4304.99414062 
        4957.50324748            0.50000000        19455.39453125        39579.19531250         4322.99414062 
        4958.03553893            0.50000000        19485.39453125        39762.19531250         4349.99414062 
        4958.45350026            0.50000000        19450.39453125        39757.19531250         4306.99414062 
        4959.02583431            0.50000000        19493.39453125        39874.19531250         4347.99414062 
        4959.49874109            0.50000000        19383.39453125        39724.19531250         4281.99414062 
        4960.08627857            0.50000000        19462.39453125        39971.19531250         4312.99414062 
        4960.49963774            0.50000000        19393.39453125        39833.19531250         4246.99414062 
        4961.03761559            0.50000000        19587.39453125        40240.19531250         4359.99414062 
        4961.49101088            0.50000000        19349.39453125        39828.19531250         4255.99414062 
        4962.01925603            0.50000000        19588.39453125        40323.19531250         4326.99414062 
        4962.44792274            0.50000000        19315.39453125        39814.19531250         4229.99414062 
        4963.03123900            0.50000000        19525.39453125        40271.19531250         4279.99414062 
        4963.49999498            0.50000000        19236.39453125        39779.19531250         4157.99414062 
        4964.09355911            0.50000000        19351.39453125        39948.19531250         4169.99414062 
        4964.48769169            0.50000000        19199.39453125        39859.19531250         4097.99414062 
        4965.03659796            0.50000000        19358.39453125        40062.19531250         3987.99438477 
        4965.48580190            0.50000000        19208.39453125        39930.19531250         3752.99438477 
        4966.02496404            0.50000000        19366.39453125        40203.19531250         3337.99438477 
        4966.43940720            0.50000000        19234.39453125        40054.19531250         2638.99438477 
        4967.02375081            0.50000000        19329.39453125        40058.19531250         2278.99438477 
        4967.48334036            0.50000000        19175.39453125        39806.19531250         2412.99438477 
        4968.08794222            0.50000000        19278.39453125        39841.19531250         2735.99438477 
        4968.47777093            0.50000000        19197.39453125        39653.19531250         2822.99438477 
        4969.02764313            0.50000000        19249.39453125        39524.19531250         2807.99438477 
        4969.47763762            0.50000000        19162.39453125        39302.19531250         2695.99438477 
        4970.01274711            0.50000000        19181.39453125        39055.19531250         2561.99438477 
        4970.42791887            0.50000000        19153.39453125        38952.19531250         2417.99438477 
        4971.01829371            0.50000000        19216.39453125        38776.19531250         2349.99438477 
        4971.48369726            0.50000000        19127.39453125        38931.19531250         2308.99438477 
        4972.07935267            0.50000000        19179.39453125        39100.19531250         2326.99438477 
        4972.46986700            0.50000000        19042.39453125        39069.19531250         2268.99438477 
        4973.02571462            0.50000000        19143.39453125        39196.19531250         2189.99438477 
        4973.46648323            0.50000000        19052.39453125        38996.19531250         2076.99438477 
        4974.00754334            0.50000000        19042.39453125        38559.19531250         1956.99438477 
        4974.42344557            0.50000000        18989.39453125        38058.19531250         1852.99438477 
        4975.01485923            0.50000000        19034.39453125        37252.19531250         1744.99438477 
        4975.47606813            0.50000000        18986.39453125        36534.19531250         1650.99438477 
        4976.07277057            0.50000000        19153.39453125        36013.19531250         1575.99438477 
        4976.46397139            0.50000000        18931.39453125        35064.19531250         1490.99438477 
        4977.01577921            0.50000000        19123.39453125        34945.19531250         1445.99438477 
        4977.47237593            0.50000000        18902.39453125        34200.19531250         1366.99438477 
        4978.00435139            0.50000000        19095.39453125        34178.19531250         1349.99438477 
        4978.42098503            0.50000000        18882.39453125        33557.19531250         1282.99438477 
        4979.00841742            0.50000000        18970.39453125        33517.19531250         1229.99438477 
        4979.48048149            0.50000000        18943.39453125        33220.19531250         1220.99438477 
        4980.07321115            0.50000000        18988.39453125        33040.19531250         1169.99438477 
        4980.46510022            0.50000000        18877.39453125        32579.19335937         1123.99438477 
        4981.02793070            0.50000000        18878.39453125        32157.19335937         1136.99438477 
        4981.48030601            0.50000000        18873.39453125        31628.19335937         1090.99438477 
        4982.00819077            0.50000000        18830.39453125        30829.19335937         1081.99438477 
        4982.42052871            0.50000000        18816.39453125        30158.19335937         1056.99438477 
        4983.00396353            0.50000000        18855.39453125        29171.19335937         1023.99432373 
        4983.47182523            0.50000000        18726.39453125        28073.19335937          989.99432373 
        4984.04546418            0.50000000        18820.39453125        27052.19335937          997.99432373 
        4984.46320443            0.50000000        18792.39453125        26067.19335937          974.99432373 
        4985.00185004            0.50000000        18779.39453125        25126.19335937          974.99432373 
        4985.46508635            0.50000000        18749.39453125        24473.19335937          955.99432373 
        4985.97878448            0.50000000        18640.39453125        23732.19335937          939.99432373 
        4986.42710584            0.50000000        18732.39453125        23530.19335937          951.99432373 
        4986.99644987            0.50000000        18671.39453125        23169.19335937          962.99432373 
        4987.46513168            0.50000000        18622.39453125        23074.19335937          947.99432373 
        4988.04481765            0.50000000        18707.39453125        23183.19335937          946.99432373 
        4988.46329124            0.50000000        18567.39453125        23201.19335937          952.99432373 
        4989.00288250            0.50000000        18629.39453125        23571.19335937          952.99432373 
        4989.46693217            0.50000000        18594.39453125        23955.19335937          949.99432373 
        4989.96639539            0.50000000        18562.39453125        24383.19335937          971.99432373 
        4990.42054772            0.50000000        18581.39453125        24890.19335937          956.99432373 
        4990.98584129            0.50000000        18572.39453125        25413.19335937          983.99432373 
        4991.46039215            0.50000000        18505.39453125        25819.19335937          966.99432373 
        4992.02089308            0.50000000        18514.39453125        26366.19335937          983.99432373 
        4992.46030081            0.50000000        18434.39453125        26619.19335937          986.99432373 
        4992.99578542            0.50000000        18458.39453125        26980.19335937          973.99432373 
        4993.45559407            0.50000000        18511.39453125        27247.19335937          981.99432373 
        4993.94076728            0.50000000        18385.39453125        27163.19335937          970.99432373 
        4994.42604354            0.50000000        18459.39453125        27357.19335937          979.99432373 
        4994.96704585            0.50000000        18472.39453125        27401.19335937          981.99432373 
        4995.45254013            0.50000000        18385.39453125        27247.19335937          976.99432373 
        4996.00390349            0.50000000        18270.39453125        26945.19335937          939.99432373 
        4996.47443794            0.50000000        18465.39453125        27097.19335937          973.99432373 
        4996.97543589            0.50000000        18344.39453125        26807.19335937          949.99432373 
        4997.45629475            0.50000000        18220.39453125        26435.19335937          930.99432373 
        4997.92206499            0.50000000        18334.39453125        26388.19335937          925.99432373 
        4998.44363774            0.50000000        18221.39453125        25976.19335937          914.99432373 
        4998.95519838            0.50000000        18131.39453125        25625.19335937          879.99432373 
        4999.45167354            0.50000000        18291.39453125        25659.19335937          893.99432373 
        4999.99386642            0.50000000        18325.39453125        25491.19335937          872.99432373 
        5000.48549814            0.50000000        18223.39453125        25406.19335937          865.99432373 
        5000.96709552            0.50000000        18114.39453125        25162.19335937          843.99432373 
        5001.46400746            0.50000000        18304.39453125        25386.19335937          856.99432373 
        5001.92552231            0.50000000        18209.39453125        25449.19335937          848.99432373 
        5002.44800855            0.50000000        18214.39453125        25537.19335937          836.99432373 
        5002.91987043            0.50000000        18066.39453125        25536.19335937          829.99432373 
        5003.45781011            0.50000000        18160.39453125        25892.19335937          852.99432373 
        5003.96541625            0.50000000        17964.39453125        25772.19335937          823.99432373 
        5004.49852381            0.50000000        18037.39453125        26271.19335937          836.99432373 
        5004.94033552            0.50000000        17968.39453125        26402.19335937          830.99432373 
        5005.46859010            0.50000000        18109.39453125        26958.19335937          862.99432373 
        5005.91058895            0.50000000        17921.39453125        26959.19335937          842.99432373 
        5007.59299644            0.50000000        17903.39453125        27978.19335937          842.99432373 
        5009.39876463            0.50000000        17901.39453125        28779.19335937          880.99432373 
        5011.20086323            0.50000000        17706.39453125        28951.19335937          904.99432373 
        5013.01966861            0.50000000        17645.39453125        29030.19335937          919.99432373 
        5014.82971498            0.50000000        17571.39453125        28950.19335937          901.99432373 
        5016.80965250            0.50000000        17507.39453125        28791.19335937          910.99432373 
        5018.74531260            0.50000000        17394.39453125        28799.19335937          927.99432373 
        5020.78488144            0.50000000        17315.39453125        29095.19335937          937.99432373 
        5022.77507644            0.50000000        17340.39453125        29441.19335937          922.99432373 
        5024.86945353            0.50000000        17096.39453125        29278.19335937          914.99432373 
        5026.90420627            0.50000000        17095.39453125        29477.19335937          903.99432373 
        5029.04853562            0.50000000        16922.39453125        29133.19335937          903.99432373 
        5031.18458834            0.50000000        16923.39453125        29144.19335937          895.99432373 
        5033.45117307            0.50000000        16856.39453125        28866.19335937          855.99432373 
        5035.72513472            0.50000000        16726.39453125        28350.19335937          795.99432373 
        5038.00133939            0.50000000        16682.39453125        28011.19335937          780.99432373 
        5040.24884603            0.50000000        16469.39453125        27507.19335937          750.99432373 
        5042.62760412            0.50000000        16441.39453125        27491.19335937          726.99432373 
        5045.09667002            0.50000000        16357.39355469        27669.19335937          745.99432373 
        5047.42868918            0.50000000        16214.39355469        27758.19335937          752.99432373 
        5049.96503510            0.50000000        16186.39355469        27916.19335937          764.99432373 
        5052.41602363            0.50000000        15912.39355469        27652.19335937          761.99432373 
        5054.93707924            0.50000000        15865.39355469        27790.19335937          785.99432373 
        5057.56479853            0.50000000        15710.39355469        27748.19335937          788.99432373 
        5060.15908454            0.50000000        15663.39355469        27989.19335937          790.99432373 
        5062.78751994            0.50000000        15584.39355469        28186.19335937          798.99432373 
        5065.55449286            0.50000000        15480.39355469        28138.19335937          809.99432373 
        5068.26212267            0.50000000        15353.39355469        28179.19335937          813.99432373 
        5071.07220752            0.50000000        15016.39355469        27910.19335937          812.99432373 
        5073.95894866            0.50000000        15134.39355469        28375.19335937          823.99432373 
        5076.78116247            0.50000000        14959.39355469        28386.19335937          792.99432373 
        5079.66450037            0.50000000        14628.39355469        28007.19335937          776.99432373 
        5082.71423121            0.50000000        14585.39355469        28273.19335937          739.99432373 
        5085.72587834            0.50000000        14395.39355469        28190.19335937          720.99432373 
        5088.70981837            0.50000000        14418.39355469        28415.19335937          691.99432373 
        5091.83467007            0.50000000        14254.39355469        28418.19335937          668.99432373 
        5094.96370323            0.50000000        14026.39355469        28212.19335937          654.99432373 
        5098.06520289            0.50000000        13969.39355469        28329.19335937          673.99432373 
        5101.24493511            0.50000000        13835.39355469        28432.19335937          680.99432373 
        5104.52441689            0.50000000        13679.39355469        28576.19335937          739.99432373 
        5107.79256341            0.50000000        13564.39355469        28575.19335937          752.99432373 
        5111.07058345            0.50000000        13558.39355469        28709.19335937          768.99432373 
        5114.39577678            0.50000000        13452.39355469        28695.19335937          770.99432373 
        5117.78432897            0.50000000        13216.39355469        28446.19335937          749.99432373 
        5121.18310842            0.50000000        12947.39355469        28121.19335937          743.99432373 
        5124.60819017            0.50000000        12858.39355469        28105.19335937          770.99432373 
        5128.09180859            0.50000000        12972.39355469        28591.19335937          782.99432373 
        5131.61275934            0.50000000        12715.39355469        28327.19335937          779.99432373 
        5135.14434185            0.50000000        12554.39355469        28341.19335937          764.99432373 
        5138.72424650            0.50000000        12328.39355469        28077.19335937          751.99432373 
        5142.42272008            0.50000000        12374.39355469        28426.19335937          755.99432373 
        5145.99208379            0.50000000        11869.39355469        27714.19335937          718.99432373 
        5149.70193983            0.50000000        11805.39355469        27861.19335937          718.99432373 
        5153.43385059            0.50000000        11709.39355469        27830.19335937          707.99432373 
        5157.17706334            0.50000000        11422.39355469        27628.19335937          704.99432373 
        5161.04564888            0.50000000        11329.39355469        27720.19335937          700.99432373 
        5164.85527509            0.50000000        11046.39355469        27515.19335937          704.99432373 
        5168.74728178            0.50000000        10944.39355469        27646.19335937          733.99432373 
        5172.70568737            0.50000000        10695.39355469        27333.19335937          725.99432373 
        5176.55043219            0.50000000        10471.39355469        27237.19335937          739.99432373 
        5180.56015224            0.50000000         8517.39355469        22441.19335937          634.99432373 
        5184.54919932            0.50000000        10283.39355469        27231.19335937          773.99432373 
        5188.54491822            0.50000000        10030.39355469        27074.19335937          777.99432373 
        5192.71240326            0.50000000         9827.39355469        26874.19335937          763.99432373 
        5196.83754631            0.50000000         9500.39355469        26265.19335937          747.99432373 
        5200.95323931            0.50000000         9284.39355469        25966.19335937          732.99432373 
        5205.15344710            0.50000000         8972.39355469        25341.19335937          708.99432373 
        5208.92884851            0.50000000         8556.39355469        24410.19335937          674.99432373 
