# 1-D Scan File created by LabVIEW Control Panel  12/6/2011  4:37:23 AM; Scan time 0 hrs 4 min 29 sec. 
#
# Beamline 20 BM
#
# Scan config: 
#                 E0: 4966.00 eV   223 points
#        Scan bounds:  -100.00 -30.00 40.00 243.35 (7.99 (k))
#       Scan step(s):  5.00 0.50 0.07
#  Integration times:  0.50 0.50 0.50    kwgt in EXAFS region: 0.0 
#
# User Comment:
# 50oC
#
#
# Amplifier Sensitivities:
# Preslit: 20 nA/V  I0: 20 nA/V  I: 100 pA/V  IREF: 50 pA/V  
#
# Analog Input Voltages at start/end of scan:
# Preslit: 0.032/0.031  I0: 0.375/0.202  Ignore: 0.008/0.006  I: 0.705/0.370  IREF: 0.204/0.133  
#
# Mono Info:
# 
#
# ID Info:
# 
#
# Slit Info:
# Kappa S1:  Center is at -542 (H), 500 (V)   Size is 8000 wide x 2000 high
# Vacuum Slits:  Center is at 850 (H), -25 (V)   Size is 899 wide x 1000 high
#
# Motor Positions:
# SMV (20bm:m29): -37594.243125 SMH (20bm:m30): 4802.187500 
#
# Detector Names/PVs:
# I0/20bm:scaler1_netA.C  I/20bm:scaler1_netA.E  IREF/20bm:scaler1_netA.F  
#
# Positioner names/Drive PVs/Readback PVs:
# Mono Energy */20bm:monoE.VAL/20bm:EnctoE.VAL  Scaler preset time */20bm:scaler1.TP/  
# Here is a readable list of column headings:
#  1) Mono Energy *        
#  2) Scaler preset time * 
#  3) I0                   
#  4) I                    
#  5) IREF                 
#
# Column Headings:
#Mono Energy *        Scaler preset time * I0                   I                    IREF                 
        4865.37704075            0.50000000        13961.39355469        30230.19335937         4063.99438477 
        4870.44763076            0.50000000        13735.39355469        29847.19335937         4000.99438477 
        4875.45311981            0.50000000        13626.39355469        29925.19335937         3949.99438477 
        4880.53240513            0.50000000        13440.39355469        29790.19335937         3837.99438477 
        4885.57997133            0.50000000        13255.39355469        29686.19335937         3758.99438477 
        4890.56659262            0.50000000        13176.39355469        29821.19335937         3710.99438477 
        4895.65150310            0.50000000        13067.39355469        29795.19335937         3646.99438477 
        4900.76743286            0.50000000        12941.39355469        29908.19335937         3584.99438477 
        4905.80274538            0.50000000        12771.39355469        29710.19335937         3548.99438477 
        4910.80557360            0.50000000        12676.39355469        29789.19335937         3507.99438477 
        4915.82448876            0.50000000        12417.39355469        29570.19335937         3394.99438477 
        4920.84487846            0.50000000        12402.39355469        29825.19335937         3432.99438477 
        4925.88142801            0.50000000        12255.39355469        29813.19335937         3393.99438477 
        4930.88996442            0.50000000        12145.39355469        29816.19335937         3325.99438477 
        4935.96387021            0.50000000        12021.39355469        29865.19335937         3322.99438477 
        4936.47632534            0.50000000        12140.39355469        30339.19335937         3364.99438477 
        4936.94453528            0.50000000        12156.39355469        30460.19335937         3379.99438477 
        4937.44735323            0.50000000        12107.39355469        30245.19335937         3348.99438477 
        4937.92069616            0.50000000        11967.39355469        30012.19335937         3288.99438477 
        4938.43359654            0.50000000        12086.39355469        30247.19335937         3351.99438477 
        4938.94168024            0.50000000        12051.39355469        30157.19335937         3348.99438477 
        4939.44000946            0.50000000        11988.39355469        30185.19335937         3333.99438477 
        4939.98780527            0.50000000        11965.39355469        29992.19335937         3320.99438477 
        4940.47155546            0.50000000        12020.39355469        30260.19335937         3335.99438477 
        4940.97516077            0.50000000        12000.39355469        30356.19335937         3343.99438477 
        4941.44430609            0.50000000        11873.39355469        29977.19335937         3291.99438477 
        4941.94318868            0.50000000        11919.39355469        30150.19335937         3306.99438477 
        4942.42735845            0.50000000        11990.39355469        30347.19335937         3352.99438477 
        4942.97093809            0.50000000        11896.39355469        30208.19335937         3325.99438477 
        4943.46027175            0.50000000        11898.39355469        30164.19335937         3308.99438477 
        4944.02387833            0.50000000        11924.39355469        30288.19335937         3334.99438477 
        4944.46893032            0.50000000        11836.39355469        30120.19335937         3290.99438477 
        4944.99816189            0.50000000        11829.39355469        30104.19335937         3275.99438477 
        4945.46319667            0.50000000        11733.39355469        29967.19335937         3262.99438477 
        4945.96296847            0.50000000        11743.39355469        30003.19335937         3285.99438477 
        4946.43315182            0.50000000        11832.39355469        30057.19335937         3286.99438477 
        4946.98759899            0.50000000        11803.39355469        30196.19335937         3271.99438477 
        4947.47285194            0.50000000        11784.39355469        30124.19335937         3266.99438477 
        4948.04736771            0.50000000        11776.39355469        30235.19335937         3325.99438477 
        4948.47339614            0.50000000        11676.39355469        30040.19335937         3285.99438477 
        4949.01347785            0.50000000        11680.39355469        30067.19335937         3269.99438477 
        4949.47438357            0.50000000        11742.39355469        30276.19335937         3292.99438477 
        4949.98495877            0.50000000        11677.39355469        30152.19335937         3277.99438477 
        4950.44110404            0.50000000        11715.39355469        30221.19335937         3273.99438477 
        4951.01637495            0.50000000        11749.39355469        30381.19335937         3308.99438477 
        4951.47768926            0.50000000        11672.39355469        30184.19335937         3288.99438477 
        4952.07307262            0.50000000        11753.39355469        30300.19335937         3294.99438477 
        4952.47504501            0.50000000        11720.39355469        30307.19335937         3266.99438477 
        4953.02601211            0.50000000        11722.39355469        30408.19335937         3279.99438477 
        4953.48277126            0.50000000        11730.39355469        30517.19335937         3299.99438477 
        4953.99425236            0.50000000        11638.39355469        30288.19335937         3246.99438477 
        4954.43630488            0.50000000        11649.39355469        30346.19335937         3250.99438477 
        4955.01756152            0.50000000        11677.39355469        30491.19335937         3294.99438477 
        4955.48466220            0.50000000        11555.39355469        30188.19335937         3252.99438477 
        4956.07613008            0.50000000        11681.39355469        30564.19335937         3266.99438477 
        4956.48378613            0.50000000        11504.39355469        30144.19335937         3237.99438477 
        4957.03573018            0.50000000        11558.39355469        30316.19335937         3250.99438477 
        4957.48832523            0.50000000        11562.39355469        30244.19335937         3248.99438477 
        4958.02558841            0.50000000        11548.39355469        30373.19335937         3235.99438477 
        4958.45350026            0.50000000        11550.39355469        30306.19335937         3220.99438477 
        4959.02583431            0.50000000        11569.39355469        30459.19335937         3255.99438477 
        4959.49376261            0.50000000        11498.39355469        30241.19335937         3213.99438477 
        4960.08129880            0.50000000        11547.39355469        30475.19335937         3208.99438477 
        4960.48967639            0.50000000        11439.39355469        30227.19335937         3195.99438477 
        4961.03263372            0.50000000        11620.39355469        30657.19335937         3253.99438477 
        4961.48602802            0.50000000        11390.39355469        30151.19335937         3167.99438477 
        4962.01925603            0.50000000        11601.39355469        30660.19335937         3220.99438477 
        4962.43795282            0.50000000        11411.39355469        30278.19335937         3163.99438477 
        4963.01628030            0.50000000        11602.39355469        30732.19335937         3246.99438477 
        4963.49002044            0.50000000        11356.39355469        30181.19335937         3130.99438477 
        4964.09355911            0.50000000        11435.39355469        30364.19335937         3105.99438477 
        4964.48270224            0.50000000        11342.39355469        30265.19335937         3045.99438477 
        4965.03160731            0.50000000        11421.39355469        30377.19335937         3009.99438477 
        4965.47581862            0.50000000        11313.39355469        30237.19335937         2817.99438477 
        4966.01497839            0.50000000        11399.39355469        30363.19335937         2482.99438477 
        4966.42941972            0.50000000        11308.39355469        30261.19335937         1959.99438477 
        4967.01875579            0.50000000        11349.39355469        30241.19335937         1670.99438477 
        4967.47834432            0.50000000        11263.39355469        30111.19335937         1767.99438477 
        4968.08294485            0.50000000        11334.39355469        30145.19335937         2036.99438477 
        4968.46777448            0.50000000        11254.39355469        29874.19335937         2086.99438477 
        4969.01764427            0.50000000        11290.39355469        29731.19335937         2058.99438477 
        4969.46763678            0.50000000        11245.39355469        29757.19335937         2005.99438477 
        4970.00774550            0.50000000        11332.39355469        29722.19335937         1916.99438477 
        4970.42291635            0.50000000        11249.39355469        29282.19335937         1787.99438477 
        4971.01328989            0.50000000        11325.39355469        28968.19335937         1720.99438477 
        4971.47368758            0.50000000        11233.39355469        28973.19335937         1700.99438477 
        4972.07434652            0.50000000        11302.39355469        29253.19335937         1695.99438477 
        4972.45985297            0.50000000        11260.39355469        29468.19335937         1667.99438477 
        4973.01569815            0.50000000        11275.39355469        29561.19335937         1601.99438477 
        4973.46648323            0.50000000        11203.39355469        29529.19335937         1542.99438477 
        4974.00253293            0.50000000        11245.39355469        29418.19335937         1448.99438477 
        4974.41843424            0.50000000        11172.39355469        29092.19335937         1374.99438477 
        4975.01485923            0.50000000        11218.39355469        28799.19335937         1287.99438477 
        4975.46604086            0.50000000        11156.39355469        28446.19335937         1222.99438477 
        4976.06274067            0.50000000        11271.39355469        28228.19335937         1189.99438477 
        4976.45895557            0.50000000        11104.39355469        27556.19335937         1101.99438477 
        4977.01076217            0.50000000        11224.39355469        27417.19335937         1058.99438477 
        4977.46233985            0.50000000        11097.39355469        26679.19335937         1026.99438477 
        4977.99431297            0.50000000        11217.39355469        26535.19335937          995.99432373 
        4978.40592465            0.50000000        11077.39355469        25945.19335937          950.99432373 
        4978.99837457            0.50000000        11122.39355469        25720.19335937          905.99432373 
        4979.46541411            0.50000000        11074.39355469        25297.19335937          883.99432373 
        4980.05813984            0.50000000        11134.39355469        24944.19335937          858.99432373 
        4980.45505094            0.50000000        11012.39355469        24276.19335937          834.99432373 
        4981.01787894            0.50000000        11031.39355469        23737.19335937          804.99432373 
        4981.46522538            0.50000000        11043.39355469        23450.19335937          797.99432373 
        4981.99310665            0.50000000        11000.39355469        22926.19335937          786.99432373 
        4982.41549975            0.50000000        11017.39355469        22633.19335937          765.99432373 
        4982.99893329            0.50000000        11055.39355469        22175.19335937          752.99432373 
        4983.46679395            0.50000000        10926.39355469        21551.19335937          742.99432373 
        4984.04043163            0.50000000        10972.39355469        21181.19335937          762.99432373 
        4984.45817096            0.50000000        10972.39355469        20687.19335937          719.99432373 
        4985.00185004            0.50000000        10929.39355469        20107.19335937          721.99432373 
        4985.46005067            0.50000000        10931.39355469        19659.19335937          698.99432373 
        4985.97374767            0.50000000        10885.39355469        19093.19335937          698.99432373 
        4986.42206804            0.50000000        10951.39355469        18780.19335937          688.99432373 
        4986.99141081            0.50000000        10895.39355469        18222.19335937          682.99432373 
        4987.46009158            0.50000000        10867.39355469        17914.19335937          665.99432373 
        4988.04481765            0.50000000        10931.39355469        17766.19335937          679.99432373 
        4988.45824893            0.50000000        10786.39355469        17419.19335937          668.99432373 
        4988.99783900            0.50000000        10855.39355469        17506.19335937          678.99432373 
        4989.46693217            0.50000000        10734.39355469        17356.19335937          666.99432373 
        4989.96639539            0.50000000        10709.39355469        17453.19335937          671.99432373 
        4990.41550109            0.50000000        10748.39355469        17799.19335937          683.99432373 
        4990.98584129            0.50000000        10700.39355469        18081.19335937          674.99432373 
        4991.45534322            0.50000000        10673.39355469        18480.19335937          668.99432373 
        4992.01584291            0.50000000        10697.39355469        19039.19335937          694.99432373 
        4992.45019853            0.50000000        10649.39355469        19360.19335937          683.99432373 
        4992.98568077            0.50000000        10625.39355469        19719.19335937          681.99432373 
        4993.45054073            0.50000000        10728.39355469        20045.19335937          684.99432373 
        4993.93571286            0.50000000        10588.39355469        19918.19335937          711.99432373 
        4994.42098805            0.50000000        10629.39355469        20130.19335937          680.99432373 
        4994.95693249            0.50000000        10668.39355469        20187.19335937          668.99432373 
        4995.44242462            0.50000000        10621.39355469        20136.19335937          685.99432373 
        4995.99884450            0.50000000        10502.39355469        19903.19335937          656.99432373 
        4996.46937791            0.50000000        10601.39355469        19955.19335937          670.99432373 
        4996.97037476            0.50000000        10576.39355469        19860.19335937          669.99432373 
        4997.45123255            0.50000000        10493.39355469        19606.19335937          657.99432373 
        4997.91700176            0.50000000        10533.39355469        19497.19335937          646.99432373 
        4998.43857335            0.50000000        10486.39355469        19202.19335937          627.99432373 
        4998.95013286            0.50000000        10417.39355469        18904.19335937          612.99432373 
        4999.45167354            0.50000000        10536.39355469        18995.19335937          628.99432373 
        4999.98879861            0.50000000        10502.39355469        18715.19335937          630.99432373 
        5000.48549814            0.50000000        10459.39355469        18527.19335937          611.99432373 
        5000.96709552            0.50000000        10400.39355469        18264.19335937          612.99432373 
        5001.47414964            0.50000000        10520.39355469        18408.19335937          612.99432373 
        5001.92045021            0.50000000        10465.39355469        18416.19335937          598.99432373 
        5002.45308181            0.50000000        10387.39355469        18295.19335937          596.99432373 
        5002.92494474            0.50000000        10359.39355469        18355.19335937          588.99432373 
        5003.45273462            0.50000000        10415.39355469        18650.19335937          584.99432373 
        5003.96541625            0.50000000        10234.39355469        18503.19335937          568.99432373 
        5004.49852381            0.50000000        10293.39355469        18840.19335937          589.99432373 
        5004.94033552            0.50000000        10230.39355469        18881.19335937          566.99432373 
        5005.46859010            0.50000000        10337.39355469        19222.19335937          585.99432373 
        5005.90550802            0.50000000        10213.39355469        19269.19335937          577.99432373 
        5007.58791178            0.50000000        10207.39355469        19956.19335937          596.99432373 
        5009.39876463            0.50000000        10167.39355469        20397.19335937          626.99432373 
        5011.19577056            0.50000000        10018.39355469        20560.19335937          668.99432373 
        5013.01966861            0.50000000         9953.39355469        20677.19335937          630.99432373 
        5014.83481572            0.50000000         9842.39355469        20632.19335937          612.99432373 
        5016.80965250            0.50000000         9820.39355469        20824.19335937          654.99432373 
        5018.75553150            0.50000000         9743.39355469        20801.19335937          639.99432373 
        5020.78999541            0.50000000         9691.39355469        20807.19335937          659.99432373 
        5022.78019484            0.50000000         9639.39355469        20799.19335937          641.99432373 
        5024.87457660            0.50000000         9502.39355469        20742.19335937          643.99432373 
        5026.91446147            0.50000000         9451.39355469        20686.19335937          639.99432373 
        5029.05880037            0.50000000         9292.39355469        20303.19335937          623.99432373 
        5031.19999976            0.50000000         9293.39355469        20313.19335937          599.99432373 
        5033.46659965            0.50000000         9278.39355469        20242.19335937          556.99432373 
        5035.73542923            0.50000000         9173.39355469        19932.19335937          560.99432373 
        5038.01164406            0.50000000         9109.39355469        19675.19335937          528.99432373 
        5040.26431810            0.50000000         8994.39355469        19318.19335937          519.99432373 
        5042.65341753            0.50000000         8970.39355469        19220.19335937          504.99432373 
        5045.11734279            0.50000000         8864.39355469        19236.19335937          470.99432373 
        5047.45455623            0.50000000         8731.39355469        19153.19335937          478.99432373 
        5049.98575141            0.50000000         8736.39355469        19364.19335937          503.99432373 
        5052.43676187            0.50000000         8518.39355469        19074.19335937          512.99432373 
        5054.95784006            0.50000000         8503.39355469        19193.19335937          511.99432373 
        5057.58558288            0.50000000         8419.39355469        19072.19335937          534.99432373 
        5060.16948832            0.50000000         8299.39355469        18893.19335937          527.99432373 
        5062.79272772            0.50000000         8181.39404297        18816.19335937          513.99432373 
        5065.55970684            0.50000000         8156.39404297        18898.19335937          527.99432373 
        5068.26212267            0.50000000         8027.39404297        18764.19335937          524.99432373 
        5071.06698117            0.50000000         7785.39404297        18454.19335937          506.99432373 
        5073.95371582            0.50000000         7910.39404297        18865.19335937          538.99432373 
        5076.78116247            0.50000000         7745.39404297        18775.19335937          519.99432373 
        5079.66450037            0.50000000         7511.39404297        18418.19335937          480.99432373 
        5082.70897868            0.50000000         7513.39404297        18640.19335937          456.99432373 
        5085.72061903            0.50000000         7385.39404297        18486.19335937          447.99432373 
        5088.70455233            0.50000000         7393.39404297        18598.19335937          424.99432373 
        5091.82939699            0.50000000         7251.39404297        18503.19335937          435.99432373 
        5094.94786284            0.50000000         7133.39404297        18411.19335937          420.99432373 
        5098.05462862            0.50000000         7066.39404297        18494.19335937          428.99432373 
        5101.22905218            0.50000000         6943.39404297        18461.19335937          449.99432373 
        5104.49790835            0.50000000         6844.39404297        18412.19335937          467.99432373 
        5107.78194517            0.50000000         6738.39404297        18305.19335937          461.99432373 
        5111.05995038            0.50000000         6754.39404297        18455.19335937          458.99432373 
        5114.39045271            0.50000000         6717.39404297        18401.19335937          465.99432373 
        5117.77366549            0.50000000         6555.39404297        18284.19335937          471.99432373 
        5121.17776897            0.50000000         6355.39404297        17950.19335937          459.99432373 
        5124.59749574            0.50000000         6239.39404297        17725.19335937          461.99432373 
        5128.08109834            0.50000000         6372.39404297        18146.19335937          473.99432373 
        5131.61275934            0.50000000         6195.39404297        17831.19335937          445.99432373 
        5135.13897069            0.50000000         6016.39404297        17579.19335937          445.99432373 
        5138.71886720            0.50000000         5931.39404297        17472.19335937          448.99432373 
        5142.42272008            0.50000000         5924.39404297        17592.19335937          456.99432373 
        5145.98668794            0.50000000         5612.39404297        16959.19335937          436.99432373 
        5149.70193983            0.50000000         5551.39404297        16934.19335937          402.99432373 
        5153.42843777            0.50000000         5495.39404297        16873.19335937          399.99432373 
        5157.17706334            0.50000000         5357.39404297        16825.19335937          421.99432373 
        5161.03478849            0.50000000         5283.39404297        16719.19335937          431.99432373 
        5164.84983618            0.50000000         5099.39404297        16486.19335937          429.99432373 
        5168.74728178            0.50000000         5062.39404297        16559.19335937          427.99432373 
        5172.69477363            0.50000000         4900.39404297        16153.19433594          424.99432373 
        5176.53950083            0.50000000         4721.39404297        15853.19433594          430.99432373 
        5180.54920250            0.50000000         3804.39404297        12928.19433594          378.99432373 
        5184.53823127            0.50000000         4614.39404297        15772.19433594          446.99432373 
        5188.53393181            0.50000000         4457.39404297        15562.19433594          429.99432373 
        5192.70139770            0.50000000         4309.39404297        15124.19433594          420.99432373 
        5196.82652178            0.50000000         4136.39404297        14683.19433594          402.99432373 
        5200.93115240            0.50000000         3971.39404297        14318.19433594          391.99432373 
        5205.14238426            0.50000000         3778.39404297        13700.19433594          377.99432373 
        5208.91776827            0.50000000         3559.39404297        13008.19433594          345.99432373 
