# 1-D Scan File created by LabVIEW Control Panel  12/6/2011  6:52:58 AM; Scan time 0 hrs 4 min 28 sec. 
#
# Beamline 20 BM
#
# Scan config: 
#                 E0: 4966.00 eV   223 points
#        Scan bounds:  -100.00 -30.00 40.00 243.35 (7.99 (k))
#       Scan step(s):  5.00 0.50 0.07
#  Integration times:  0.50 0.50 0.50    kwgt in EXAFS region: 0.0 
#
# User Comment:
# 50oC
#
#
# Amplifier Sensitivities:
# Preslit: 20 nA/V  I0: 20 nA/V  I: 100 pA/V  IREF: 50 pA/V  
#
# Analog Input Voltages at start/end of scan:
# Preslit: 0.033/0.032  I0: 0.310/0.146  Ignore: 0.008/0.004  I: 0.607/0.278  IREF: 0.195/0.131  
#
# Mono Info:
# 
#
# ID Info:
# 
#
# Slit Info:
# Kappa S1:  Center is at -542 (H), 500 (V)   Size is 8000 wide x 2000 high
# Vacuum Slits:  Center is at 850 (H), -25 (V)   Size is 899 wide x 1000 high
#
# Motor Positions:
# SMV (20bm:m29): -37594.243125 SMH (20bm:m30): 4802.187500 
#
# Detector Names/PVs:
# I0/20bm:scaler1_netA.C  I/20bm:scaler1_netA.E  IREF/20bm:scaler1_netA.F  
#
# Positioner names/Drive PVs/Readback PVs:
# Mono Energy */20bm:monoE.VAL/20bm:EnctoE.VAL  Scaler preset time */20bm:scaler1.TP/  
# Here is a readable list of column headings:
#  1) Mono Energy *        
#  2) Scaler preset time * 
#  3) I0                   
#  4) I                    
#  5) IREF                 
#
# Column Headings:
#Mono Energy *        Scaler preset time * I0                   I                    IREF                 
        4865.37704075            0.50000000        10510.39355469        25265.19335937         3466.99438477 
        4870.45241530            0.50000000        10300.39355469        24821.19335937         3401.99438477 
        4875.46271053            0.50000000        10217.39355469        24867.19335937         3335.99438477 
        4880.54201781            0.50000000        10048.39355469        24688.19335937         3235.99438477 
        4885.59442313            0.50000000         9860.39355469        24415.19335937         3154.99438477 
        4890.58107683            0.50000000         9779.39355469        24471.19335937         3084.99438477 
        4895.66118128            0.50000000         9668.39355469        24292.19335937         3024.99438477 
        4900.77228306            0.50000000         9536.39355469        24258.19335937         2985.99438477 
        4905.80274538            0.50000000         9389.39355469        24018.19335937         2888.99438477 
        4910.80557360            0.50000000         9269.39355469        24001.19335937         2858.99438477 
        4915.81960583            0.50000000         9067.39355469        23724.19335937         2779.99438477 
        4920.84487846            0.50000000         9016.39355469        23843.19335937         2808.99438477 
        4925.87652315            0.50000000         8907.39355469        23739.19335937         2749.99438477 
        4930.88013284            0.50000000         8788.39355469        23720.19335937         2719.99438477 
        4935.95401645            0.50000000         8638.39355469        23558.19335937         2634.99438477 
        4936.47139734            0.50000000         8736.39355469        23922.19335937         2706.99438477 
        4936.93467723            0.50000000         8735.39355469        23873.19335937         2710.99438477 
        4937.43749298            0.50000000         8722.39355469        23914.19335937         2685.99438477 
        4937.91576500            0.50000000         8623.39355469        23727.19335937         2651.99438477 
        4938.42866425            0.50000000         8717.39355469        23938.19335937         2690.99438477 
        4938.93674684            0.50000000         8671.39355469        23804.19335937         2691.99438477 
        4939.43014049            0.50000000         8647.39355469        23790.19335937         2664.99438477 
        4939.97793390            0.50000000         8631.39355469        23687.19335937         2668.99438477 
        4940.46168197            0.50000000         8635.39355469        23826.19335937         2675.99438477 
        4940.97022292            0.50000000         8612.39355469        23788.19335937         2645.99438477 
        4941.43936721            0.50000000         8536.39355469        23618.19335937         2640.99438477 
        4941.93330875            0.50000000         8520.39355469        23613.19335937         2627.99438477 
        4942.42241741            0.50000000         8678.39355469        23983.19335937         2672.99438477 
        4942.96599587            0.50000000         8534.39355469        23707.19335937         2653.99438477 
        4943.45038517            0.50000000         8556.39355469        23774.19335937         2641.99438477 
        4944.00904478            0.50000000         8614.39355469        23936.19335937         2644.99438477 
        4944.46398482            0.50000000         8501.39355469        23659.19335937         2659.99438477 
        4944.99321522            0.50000000         8530.39355469        23748.19335937         2613.99438477 
        4945.45330132            0.50000000         8430.39355469        23515.19335937         2588.99438477 
        4945.94812217            0.50000000         8428.39355469        23516.19335937         2597.99438477 
        4946.42820201            0.50000000         8518.39355469        23695.19335937         2639.99438477 
        4946.97769696            0.50000000         8455.39355469        23614.19335937         2602.99438477 
        4947.45799571            0.50000000         8444.39355469        23599.19335937         2619.99438477 
        4948.04241437            0.50000000         8439.39355469        23675.19335937         2618.99438477 
        4948.46348759            0.50000000         8413.39355469        23659.19335937         2638.99438477 
        4949.00356693            0.50000000         8376.39355469        23538.19335937         2616.99438477 
        4949.46447063            0.50000000         8384.39355469        23654.19335937         2629.99438477 
        4949.97008602            0.50000000         8349.39355469        23555.19335937         2599.99438477 
        4950.43118686            0.50000000         8359.39355469        23558.19335937         2609.99438477 
        4951.00149541            0.50000000         8479.39355469        23932.19335937         2628.99438477 
        4951.47272839            0.50000000         8353.39355469        23625.19335937         2590.99438477 
        4952.05818612            0.50000000         8435.39355469        23864.19335937         2641.99438477 
        4952.47008195            0.50000000         8421.39355469        23832.19335937         2609.99438477 
        4953.02104785            0.50000000         8393.39355469        23797.19335937         2596.99438477 
        4953.47780599            0.50000000         8395.39355469        23823.19335937         2650.99438477 
        4953.98431958            0.50000000         8343.39355469        23780.19335937         2596.99438477 
        4954.43630488            0.50000000         8349.39355469        23749.19335937         2578.99438477 
        4955.01259288            0.50000000         8386.39355469        23890.19335937         2648.99438477 
        4955.47969254            0.50000000         8265.39355469        23592.19335937         2572.99438477 
        4956.07115912            0.50000000         8375.39355469        23889.19335937         2635.99438477 
        4956.47384243            0.50000000         8226.39355469        23532.19335937         2555.99438477 
        4957.03075711            0.50000000         8263.39355469        23628.19335937         2563.99438477 
        4957.48335116            0.50000000         8266.39355469        23633.19335937         2585.99438477 
        4958.01563793            0.50000000         8246.39355469        23639.19335937         2558.99438477 
        4958.44354790            0.50000000         8226.39355469        23557.19335937         2568.99438477 
        4959.01090202            0.50000000         8252.39355469        23759.19335937         2564.99438477 
        4959.48380568            0.50000000         8169.39404297        23490.19335937         2517.99438477 
        4960.07133929            0.50000000         8232.39355469        23719.19335937         2568.99438477 
        4960.48469573            0.50000000         8151.39404297        23503.19335937         2523.99438477 
        4961.02267003            0.50000000         8294.39355469        23938.19335937         2558.99438477 
        4961.48104517            0.50000000         8115.39404297        23423.19335937         2474.99438477 
        4962.01925603            0.50000000         8298.39355469        23974.19335937         2524.99438477 
        4962.43795282            0.50000000         8112.39404297        23480.19335937         2480.99438477 
        4963.01628030            0.50000000         8271.39355469        23911.19335937         2549.99438477 
        4963.48503319            0.50000000         8052.39404297        23383.19335937         2456.99438477 
        4964.09355911            0.50000000         8172.39404297        23704.19335937         2468.99438477 
        4964.47272338            0.50000000         8040.39404297        23427.19335937         2397.99438477 
        4965.02661666            0.50000000         8155.39404297        23689.19335937         2354.99438477 
        4965.47581862            0.50000000         8042.39404297        23431.19335937         2213.99438477 
        4966.01497839            0.50000000         8102.39404297        23604.19335937         1973.99438477 
        4966.43441345            0.50000000         8028.39404297        23441.19335937         1551.99438477 
        4967.01376077            0.50000000         8093.39404297        23507.19335937         1339.99438477 
        4967.47334829            0.50000000         7989.39404297        23278.19335937         1419.99438477 
        4968.07794749            0.50000000         8076.39404297        23393.19335937         1597.99438477 
        4968.46277628            0.50000000         7982.39404297        23093.19335937         1641.99438477 
        4969.01764427            0.50000000         8044.39404297        22993.19335937         1634.99438477 
        4969.46263637            0.50000000         7960.39404297        22890.19335937         1572.99438477 
        4970.00274391            0.50000000         8020.39404297        22779.19335937         1495.99438477 
        4970.41791384            0.50000000         7985.39404297        22260.19335937         1399.99438477 
        4971.00828608            0.50000000         8007.39404297        21801.19335937         1343.99438477 
        4971.47368758            0.50000000         7905.39404297        21631.19335937         1305.99438477 
        4972.07434652            0.50000000         7973.39404297        22004.19335937         1314.99438477 
        4972.45985297            0.50000000         7887.39404297        22161.19335937         1288.99438477 
        4973.01569815            0.50000000         7934.39404297        22600.19335937         1257.99438477 
        4973.47149245            0.50000000         7861.39404297        22453.19335937         1203.99438477 
        4974.00253293            0.50000000         7902.39404297        22485.19335937         1144.99438477 
        4974.41843424            0.50000000         7851.39404297        22340.19335937         1077.99438477 
        4975.01485923            0.50000000         7865.39404297        22358.19335937         1037.99438477 
        4975.47105449            0.50000000         7816.39404297        22364.19335937          977.99432373 
        4976.06274067            0.50000000         7913.39404297        22539.19335937          964.99432373 
        4976.45393976            0.50000000         7772.39404297        22043.19335937          888.99432373 
        4977.01076217            0.50000000         7889.39404297        21956.19335937          885.99432373 
        4977.45732183            0.50000000         7779.39404297        21374.19335937          810.99432373 
        4977.99431297            0.50000000         7876.39404297        21203.19335937          811.99432373 
        4978.40592465            0.50000000         7735.39404297        20538.19335937          759.99432373 
        4978.99335316            0.50000000         7785.39404297        20357.19335937          740.99432373 
        4979.46541411            0.50000000         7764.39404297        20017.19335937          734.99432373 
        4980.05813984            0.50000000         7828.39404297        19709.19335937          721.99432373 
        4980.45505094            0.50000000         7722.39404297        18955.19335937          677.99432373 
        4981.01285307            0.50000000         7721.39404297        18360.19335937          653.99432373 
        4981.46522538            0.50000000         7724.39404297        18072.19335937          633.99432373 
        4981.98807863            0.50000000         7683.39404297        17697.19335937          629.99432373 
        4982.41047080            0.50000000         7706.39404297        17422.19335937          617.99432373 
        4982.98887282            0.50000000         7708.39404297        17073.19335937          610.99432373 
        4983.46176268            0.50000000         7616.39404297        16662.19335937          587.99432373 
        4984.03539909            0.50000000         7693.39404297        16606.19335937          625.99432373 
        4984.45313750            0.50000000         7645.39404297        16278.19433594          590.99432373 
        4984.99178073            0.50000000         7636.39404297        16053.19433594          577.99432373 
        4985.45501500            0.50000000         7616.39404297        15762.19433594          586.99432373 
        4985.96871086            0.50000000         7573.39404297        15328.19433594          565.99432373 
        4986.41703024            0.50000000         7641.39404297        15288.19433594          576.99432373 
        4986.99141081            0.50000000         7582.39404297        14790.19433594          590.99432373 
        4987.46009158            0.50000000         7549.39404297        14520.19433594          589.99432373 
        4988.04481765            0.50000000         7597.39404297        14248.19433594          563.99432373 
        4988.46329124            0.50000000         7471.39404297        13786.19433594          561.99432373 
        4988.99279551            0.50000000         7584.39404297        13711.19433594          564.99432373 
        4989.46188765            0.50000000         7469.39404297        13254.19433594          557.99432373 
        4989.95630414            0.50000000         7454.39404297        13103.19433594          554.99432373 
        4990.41045447            0.50000000         7479.39404297        13198.19433594          559.99432373 
        4990.98584129            0.50000000         7467.39404297        13360.19433594          551.99432373 
        4991.45534322            0.50000000         7426.39404297        13579.19433594          561.99432373 
        4992.01079275            0.50000000         7426.39404297        13949.19433594          551.99432373 
        4992.45019853            0.50000000         7453.39404297        14348.19433594          546.99432373 
        4992.98568077            0.50000000         7381.39404297        14561.19433594          555.99432373 
        4993.45054073            0.50000000         7451.39404297        14902.19433594          580.99432373 
        4993.93065845            0.50000000         7350.39404297        14829.19433594          570.99432373 
        4994.42098805            0.50000000         7421.39404297        15101.19433594          584.99432373 
        4994.95187582            0.50000000         7408.39404297        15166.19433594          556.99432373 
        4995.44242462            0.50000000         7374.39404297        15135.19433594          571.99432373 
        4995.99884450            0.50000000         7338.39404297        15090.19433594          546.99432373 
        4996.47443794            0.50000000         7376.39404297        15193.19433594          552.99432373 
        4996.97037476            0.50000000         7341.39404297        15052.19433594          547.99432373 
        4997.44617036            0.50000000         7271.39404297        14884.19433594          546.99432373 
        4997.91193854            0.50000000         7303.39404297        14899.19433594          546.99432373 
        4998.43857335            0.50000000         7251.39404297        14725.19433594          510.99432373 
        4998.94506736            0.50000000         7144.39404297        14384.19433594          497.99432373 
        4999.44660692            0.50000000         7287.39404297        14562.19433594          500.99432373 
        4999.98373080            0.50000000         7277.39404297        14340.19433594          493.99432373 
        5000.48549814            0.50000000         7204.39404297        14117.19433594          506.99432373 
        5000.96202554            0.50000000         7176.39404297        13898.19433594          499.99432373 
        5001.46400746            0.50000000         7271.39404297        14000.19433594          483.99432373 
        5001.92552231            0.50000000         7235.39404297        13876.19433594          485.99432373 
        5002.44800855            0.50000000         7208.39404297        13789.19433594          485.99432373 
        5002.91987043            0.50000000         7106.39404297        13670.19433594          464.99432373 
        5003.45273462            0.50000000         7212.39404297        13952.19433594          472.99432373 
        5003.96541625            0.50000000         7062.39404297        13776.19433594          474.99432373 
        5004.49852381            0.50000000         7137.39404297        13999.19433594          475.99432373 
        5004.94033552            0.50000000         7053.39404297        13929.19433594          453.99432373 
        5005.46859010            0.50000000         7148.39404297        14199.19433594          483.99432373 
        5005.91058895            0.50000000         7060.39404297        14234.19433594          480.99432373 
        5007.59299644            0.50000000         7031.39404297        14614.19433594          501.99432373 
        5009.39876463            0.50000000         6999.39404297        14918.19433594          506.99432373 
        5011.19577056            0.50000000         6867.39404297        14983.19433594          507.99432373 
        5013.01966861            0.50000000         6828.39404297        15208.19433594          513.99432373 
        5014.83481572            0.50000000         6729.39404297        15242.19433594          501.99432373 
        5016.80965250            0.50000000         6700.39404297        15344.19433594          513.99432373 
        5018.75553150            0.50000000         6637.39404297        15332.19433594          500.99432373 
        5020.79510940            0.50000000         6618.39404297        15386.19433594          499.99432373 
        5022.78531325            0.50000000         6587.39404297        15393.19433594          512.99432373 
        5024.87969967            0.50000000         6477.39404297        15258.19433594          503.99432373 
        5026.91958908            0.50000000         6411.39404297        15136.19433594          483.99432373 
        5029.06393276            0.50000000         6327.39404297        14995.19433594          488.99432373 
        5031.21027410            0.50000000         6329.39404297        14979.19433594          475.99432373 
        5033.47688409            0.50000000         6275.39404297        14903.19433594          459.99432373 
        5035.74572380            0.50000000         6176.39404297        14702.19433594          413.99432373 
        5038.02194877            0.50000000         6134.39404297        14554.19433594          411.99432373 
        5040.27979028            0.50000000         6029.39404297        14255.19433594          380.99432373 
        5042.66374297            0.50000000         6032.39404297        14269.19433594          378.99432373 
        5045.12767924            0.50000000         5941.39404297        14136.19433594          398.99432373 
        5047.45972967            0.50000000         5870.39404297        14134.19433594          376.99432373 
        5049.99610963            0.50000000         5865.39404297        14210.19433594          389.99432373 
        5052.43676187            0.50000000         5703.39404297        13983.19433594          382.99432373 
        5054.95784006            0.50000000         5714.39404297        14138.19433594          404.99432373 
        5057.58558288            0.50000000         5610.39404297        13898.19433594          406.99432373 
        5060.17469022            0.50000000         5554.39404297        13756.19433594          395.99432373 
        5062.79793550            0.50000000         5485.39404297        13724.19433594          414.99432373 
        5065.57013484            0.50000000         5438.39404297        13672.19433594          408.99432373 
        5068.26734273            0.50000000         5397.39404297        13714.19433594          415.99432373 
        5071.07743389            0.50000000         5175.39404297        13351.19433594          409.99432373 
        5073.96418151            0.50000000         5228.39404297        13492.19433594          417.99432373 
        5076.79164087            0.50000000         5116.39404297        13419.19433594          384.99432373 
        5079.67499175            0.50000000         4934.39404297        13093.19433594          370.99432373 
        5082.72473631            0.50000000         4913.39404297        13215.19433594          355.99432373 
        5085.73113767            0.50000000         4816.39404297        13088.19433594          350.99432373 
        5088.71508442            0.50000000         4783.39404297        13019.19433594          334.99432373 
        5091.85048939            0.50000000         4676.39404297        12892.19433594          327.99432373 
        5094.96370323            0.50000000         4545.39404297        12778.19433594          317.99432373 
        5098.06520289            0.50000000         4529.39404297        12863.19433594          334.99432373 
        5101.24493511            0.50000000         4416.39404297        12702.19433594          328.99432373 
        5104.51381344            0.50000000         4340.39404297        12650.19433594          336.99432373 
        5107.78725428            0.50000000         4241.39404297        12499.19433594          349.99432373 
        5111.07058345            0.50000000         4223.39404297        12526.19433594          346.99432373 
        5114.40110086            0.50000000         4149.39404297        12406.19433594          352.99432373 
        5117.77899722            0.50000000         4062.39404297        12311.19433594          334.99432373 
        5121.18310842            0.50000000         3935.39404297        12161.19433594          345.99432373 
        5124.60284295            0.50000000         3880.39404297        11951.19433594          336.99432373 
        5128.08645346            0.50000000         3907.39404297        12216.19433594          349.99432373 
        5131.61275934            0.50000000         3784.39404297        11864.19433594          339.99432373 
        5135.13897069            0.50000000         3816.39404297        11952.19433594          325.99432373 
        5138.71348792            0.50000000         3683.39404297        11828.19433594          320.99432373 
        5142.42272008            0.50000000         3658.39404297        11836.19433594          309.99432373 
        5145.98129210            0.50000000         3503.39404297        11540.19433594          308.99432373 
        5149.70193983            0.50000000         3452.39404297        11481.19433594          304.99432373 
        5153.42843777            0.50000000         3401.39404297        11394.19433594          297.99432373 
        5157.17706334            0.50000000         3333.39404297        11415.19433594          303.99432373 
        5161.03478849            0.50000000         3270.39404297        11331.19433594          332.99432373 
        5164.84439729            0.50000000         3127.39404297        10942.19433594          324.99432373 
        5168.74728178            0.50000000         3100.39404297        11046.19433594          325.99432373 
        5172.69477363            0.50000000         3002.39404297        10725.19433594          313.99432373 
        5176.53950083            0.50000000         2886.39404297        10493.19433594          308.99432373 
        5180.54920250            0.50000000         2319.39404297         8550.19433594          260.99432373 
        5184.54371529            0.50000000         2774.39404297        10267.19433594          293.99432373 
        5188.53393181            0.50000000         2682.39404297        10127.19433594          304.99432373 
        5192.70139770            0.50000000         2568.39404297         9809.19433594          296.99432373 
        5196.82652178            0.50000000         2467.39404297         9504.19433594          286.99432373 
        5200.94219583            0.50000000         2374.39404297         9252.19433594          274.99432373 
        5205.14791567            0.50000000         2258.39404297         8889.19433594          259.99432373 
        5208.92884851            0.50000000         2102.39404297         8315.19433594          250.99432373 
