# 1-D Scan File created by LabVIEW Control Panel  12/5/2011  10:15:47 PM; Scan time 0 hrs 4 min 28 sec. 
#
# Beamline 20 BM
#
# Scan config: 
#                 E0: 4966.00 eV   223 points
#        Scan bounds:  -100.00 -30.00 40.00 243.35 (7.99 (k))
#       Scan step(s):  5.00 0.50 0.07
#  Integration times:  0.50 0.50 0.50    kwgt in EXAFS region: 0.0 
#
# User Comment:
# 50oC
#
#
# Amplifier Sensitivities:
# Preslit: 20 nA/V  I0: 20 nA/V  I: 100 pA/V  IREF: 50 pA/V  
#
# Analog Input Voltages at start/end of scan:
# Preslit: 0.034/0.033  I0: 0.836/0.678  Ignore: 0.024/0.019  I: 0.954/1.103  IREF: 0.250/0.152  
#
# Mono Info:
# 
#
# ID Info:
# 
#
# Slit Info:
# Kappa S1:  Center is at -542 (H), 500 (V)   Size is 8000 wide x 2000 high
# Vacuum Slits:  Center is at 850 (H), -25 (V)   Size is 899 wide x 1000 high
#
# Motor Positions:
# SMV (20bm:m29): -37594.243125 SMH (20bm:m30): 4802.187500 
#
# Detector Names/PVs:
# I0/20bm:scaler1_netA.C  I/20bm:scaler1_netA.E  IREF/20bm:scaler1_netA.F  
#
# Positioner names/Drive PVs/Readback PVs:
# Mono Energy */20bm:monoE.VAL/20bm:EnctoE.VAL  Scaler preset time */20bm:scaler1.TP/  
# Here is a readable list of column headings:
#  1) Mono Energy *        
#  2) Scaler preset time * 
#  3) I0                   
#  4) I                    
#  5) IREF                 
#
# Column Headings:
#Mono Energy *        Scaler preset time * I0                   I                    IREF                 
        4865.41522989            0.50000000        36676.39453125        42743.19531250         6224.99414062 
        4870.47633818            0.50000000        36634.39453125        43107.19531250         6227.99414062 
        4875.49148293            0.50000000        36641.39453125        43432.19531250         6195.99414062 
        4880.56124329            0.50000000        36527.39453125        43672.19531250         6057.99414062 
        4885.61369235            0.50000000        36306.39453125        43846.19531250         5952.99414062 
        4890.60038926            0.50000000        36356.39453125        44328.19531250         5976.99414062 
        4895.69021608            0.50000000        36302.39453125        44681.19531250         5859.99414062 
        4900.80623469            0.50000000        36279.39453125        45162.19531250         5827.99414062 
        4905.83191233            0.50000000        36157.39453125        45456.19531250         5799.99414062 
        4910.84455000            0.50000000        36126.39453125        45903.19531250         5754.99414062 
        4915.86843561            0.50000000        35867.39453125        46066.19531250         5682.99414062 
        4920.88892378            0.50000000        35953.39453125        46632.19531250         5649.99414062 
        4925.92066726            0.50000000        35921.39453125        47258.19531250         5636.99414062 
        4930.94403889            0.50000000        35917.39453125        47738.19531250         5593.99414062 
        4936.00821268            0.50000000        35859.39453125        48266.19531250         5613.99414062 
        4936.51082170            0.50000000        35979.39453125        48486.19531250         5612.99414062 
        4936.98889706            0.50000000        36063.39453125        48678.19531250         5618.99414062 
        4937.48679468            0.50000000        36060.39453125        48748.19531250         5625.99414062 
        4937.96507716            0.50000000        35878.39453125        48596.19531250         5580.99414062 
        4938.46812288            0.50000000        35988.39453125        48692.19531250         5625.99414062 
        4938.98608135            0.50000000        35962.39453125        48739.19531250         5656.99414062 
        4939.48442038            0.50000000        35906.39453125        48719.19531250         5636.99414062 
        4940.04209859            0.50000000        35878.39453125        48773.19531250         5659.99414062 
        4940.50611301            0.50000000        35998.39453125        48919.19531250         5650.99414062 
        4941.01960193            0.50000000        35940.39453125        49033.19531250         5630.99414062 
        4941.49369549            0.50000000        35737.39453125        48764.19531250         5575.99414062 
        4941.99258900            0.50000000        35862.39453125        48988.19531250         5595.99414062 
        4942.46688710            0.50000000        36009.39453125        49201.19531250         5639.99414062 
        4943.00553395            0.50000000        35834.39453125        49165.19531250         5610.99414062 
        4943.49981850            0.50000000        35854.39453125        49125.19531250         5643.99414062 
        4944.06343495            0.50000000        35932.39453125        49278.19531250         5655.99414062 
        4944.50849475            0.50000000        35748.39453125        49123.19531250         5624.99414062 
        4945.03278883            0.50000000        35765.39453125        49191.19531250         5572.99414062 
        4945.51267409            0.50000000        35669.39453125        49137.19531250         5535.99414062 
        4946.00255908            0.50000000        35753.39453125        49322.19531250         5554.99414062 
        4946.47275067            0.50000000        35908.39453125        49621.19531250         5643.99414062 
        4947.02720757            0.50000000        35812.39453125        49591.19531250         5648.99414062 
        4947.52237341            0.50000000        35828.39453125        49657.19531250         5665.99414062 
        4948.09690178            0.50000000        35869.39453125        49775.19531250         5644.99414062 
        4948.51798516            0.50000000        35761.39453125        49665.19531250         5635.99414062 
        4949.05807752            0.50000000        35728.39453125        49698.19531250         5658.99414062 
        4949.52394893            0.50000000        35923.39453125        49992.19531250         5678.99414062 
        4950.02957762            0.50000000        35789.39453125        49876.19531250         5650.99414062 
        4950.48077320            0.50000000        35778.39453125        50005.19531250         5613.99414062 
        4951.05109426            0.50000000        35989.39453125        50293.19531250         5713.99414062 
        4951.52729855            0.50000000        35858.39453125        50252.19531250         5655.99414062 
        4952.12765727            0.50000000        35938.39453125        50359.19531250         5695.99414062 
        4952.52467618            0.50000000        35995.39453125        50402.19531250         5675.99414062 
        4953.07069101            0.50000000        35891.39453125        50398.19531250         5665.99414062 
        4953.52745918            0.50000000        35982.39453125        50523.19531250         5704.99414062 
        4954.04888338            0.50000000        35911.39453125        50587.19531250         5693.99414062 
        4954.48597910            0.50000000        35886.39453125        50624.19531250         5684.99414062 
        4955.05234229            0.50000000        36003.39453125        50823.19531250         5697.99414062 
        4955.52938967            0.50000000        35809.39453125        50580.19531250         5608.99414062 
        4956.12086923            0.50000000        36005.39453125        50991.19531250         5655.99414062 
        4956.53350530            0.50000000        35725.39453125        50638.19531250         5639.99414062 
        4957.07551513            0.50000000        35834.39453125        50778.19531250         5627.99414062 
        4957.53309229            0.50000000        35805.39453125        50797.19531250         5638.99414062 
        4958.07036609            0.50000000        35835.39453125        50952.19531250         5658.99414062 
        4958.49331012            0.50000000        35823.39453125        50921.19531250         5650.99414062 
        4959.06067670            0.50000000        35853.39453125        51150.19531250         5657.99414062 
        4959.53856933            0.50000000        35682.39453125        50912.19531250         5606.99414062 
        4960.12611713            0.50000000        35814.39453125        51223.19531250         5634.99414062 
        4960.53450280            0.50000000        35749.39453125        51154.19531250         5611.99414062 
        4961.07248893            0.50000000        36047.39453125        51526.19531250         5681.99414062 
        4961.52589120            0.50000000        35633.39453125        51148.19531250         5544.99414062 
        4962.05912858            0.50000000        36040.39453125        51700.19531250         5670.99414062 
        4962.48281778            0.50000000        35624.39453125        51164.19531250         5580.99414062 
        4963.05617039            0.50000000        36005.39453125        51757.19531250         5622.99414062 
        4963.53490622            0.50000000        35608.39453125        51286.19531250         5501.99414062 
        4964.13346815            0.50000000        35804.39453125        51616.19531250         5460.99414062 
        4964.52760767            0.50000000        35626.39453125        51471.19531250         5366.99414062 
        4965.06654213            0.50000000        35855.39453125        51795.19531250         5252.99414062 
        4965.52074371            0.50000000        35649.39453125        51565.19531250         4946.99414062 
        4966.06490707            0.50000000        35785.39453125        51743.19531250         4316.99414062 
        4966.47436369            0.50000000        35628.39453125        51561.19531250         3435.99438477 
        4967.05871631            0.50000000        35714.39453125        51599.19531250         3026.99438477 
        4967.52830520            0.50000000        35549.39453125        51307.19531250         3256.99438477 
        4968.12292411            0.50000000        35731.39453125        51525.19531250         3658.99438477 
        4968.51775714            0.50000000        35572.39453125        51164.19531250         3768.99438477 
        4969.05763999            0.50000000        35702.39453125        51012.19531250         3742.99438477 
        4969.51264093            0.50000000        35557.39453125        50670.19531250         3575.99438477 
        4970.05276036            0.50000000        35675.39453125        50615.19531250         3443.99438477 
        4970.46793944            0.50000000        35612.39453125        50390.19531250         3259.99438477 
        4971.05332077            0.50000000        35723.39453125        50479.19531250         3208.99438477 
        4971.51873149            0.50000000        35552.39453125        50526.19531250         3133.99438477 
        4972.11940234            0.50000000        35619.39453125        50806.19531250         3092.99438477 
        4972.50491643            0.50000000        35518.39453125        50743.19531250         3065.99438477 
        4973.06077263            0.50000000        35693.39453125        50944.19531250         2958.99438477 
        4973.51156665            0.50000000        35522.39453125        50610.19531250         2796.99438477 
        4974.05263749            0.50000000        35657.39453125        50318.19531250         2670.99438477 
        4974.46353655            0.50000000        35458.39453125        49346.19531250         2513.99438477 
        4975.05496064            0.50000000        35640.39453125        48419.19531250         2345.99438477 
        4975.51617768            0.50000000        35456.39453125        47181.19531250         2253.99438477 
        4976.10787559            0.50000000        35803.39453125        46408.19531250         2178.99438477 
        4976.50409836            0.50000000        35498.39453125        45456.19531250         2030.99438477 
        4977.05089878            0.50000000        35795.39453125        45171.19531250         1997.99438477 
        4977.51252068            0.50000000        35525.39453125        44530.19531250         1908.99438477 
        4978.04450553            0.50000000        35804.39453125        44390.19531250         1872.99438477 
        4978.45612629            0.50000000        35446.39453125        43649.19531250         1787.99438477 
        4979.03854625            0.50000000        35687.39453125        43632.19531250         1759.99438477 
        4979.51563912            0.50000000        35508.39453125        43156.19531250         1705.99438477 
        4980.10837793            0.50000000        35691.39453125        43113.19531250         1694.99438477 
        4980.50529779            0.50000000        35488.39453125        42515.19531250         1591.99438477 
        4981.05306031            0.50000000        35512.39453125        42010.19531250         1606.99438477 
        4981.51046755            0.50000000        35516.39453125        41351.19531250         1576.99438477 
        4982.04338744            0.50000000        35467.39453125        40281.19531250         1550.99438477 
        4982.45573175            0.50000000        35538.39453125        39422.19531250         1529.99438477 
        4983.03917559            0.50000000        35598.39453125        38039.19531250         1490.99438477 
        4983.51207588            0.50000000        35440.39453125        36557.19531250         1451.99438477 
        4984.08572497            0.50000000        35473.39453125        34972.19531250         1427.99438477 
        4984.50347260            0.50000000        35452.39453125        33683.19531250         1432.99438477 
        4985.03709297            0.50000000        35483.39453125        32497.19335937         1380.99438477 
        4985.50033645            0.50000000        35495.39453125        31632.19335937         1383.99438477 
        4986.02411635            0.50000000        35409.39453125        30876.19335937         1349.99438477 
        4986.45733293            0.50000000        35521.39453125        30588.19335937         1355.99438477 
        4987.03172365            0.50000000        35424.39453125        30151.19335937         1367.99438477 
        4987.50545290            0.50000000        35370.39453125        30090.19335937         1369.99438477 
        4988.09523209            0.50000000        35469.39453125        30293.19335937         1380.99438477 
        4988.50363009            0.50000000        35293.39453125        30478.19335937         1349.99438477 
        4989.03314373            0.50000000        35425.39453125        31171.19335937         1387.99438477 
        4989.50728878            0.50000000        35234.39453125        31582.19335937         1352.99438477 
        4990.01180656            0.50000000        35265.39453125        32286.19335937         1370.99438477 
        4990.45587447            0.50000000        35264.39453125        33016.19531250         1384.99438477 
        4991.02622475            0.50000000        35257.39453125        33774.19531250         1417.99438477 
        4991.50078402            0.50000000        35193.39453125        34354.19531250         1396.99438477 
        4992.07139542            0.50000000        35297.39453125        35089.19531250         1428.99438477 
        4992.49565913            0.50000000        35177.39453125        35346.19531250         1418.99438477 
        4993.03115203            0.50000000        35152.39453125        35662.19531250         1404.99438477 
        4993.50107468            0.50000000        35260.39453125        36049.19531250         1417.99438477 
        4993.98625755            0.50000000        35119.39453125        36051.19531250         1415.99438477 
        4994.45637673            0.50000000        35114.39453125        36130.19531250         1417.99438477 
        4995.00749977            0.50000000        35244.39453125        36286.19531250         1421.99438477 
        4995.48794479            0.50000000        35179.39453125        36103.19531250         1382.99438477 
        4996.04943485            0.50000000        35081.39453125        35824.19531250         1372.99438477 
        4996.51491854            0.50000000        35248.39453125        35843.19531250         1394.99438477 
        4997.02098661            0.50000000        35184.39453125        35538.19531250         1369.99438477 
        4997.49679274            0.50000000        35027.39453125        35136.19531250         1321.99438477 
        4997.96257124            0.50000000        35157.39453125        34981.19531250         1332.99438477 
        4998.47402428            0.50000000        35016.39453125        34486.19531250         1311.99438477 
        4998.99065732            0.50000000        34923.39453125        34186.19531250         1280.99438477 
        4999.48207348            0.50000000        35168.39453125        34119.19531250         1273.99438477 
        5000.02934147            0.50000000        35146.39453125        33948.19531250         1288.99438477 
        5000.51591182            0.50000000        35013.39453125        33742.19531250         1242.99438477 
        5001.00258565            0.50000000        34974.39453125        33675.19531250         1253.99438477 
        5001.49443414            0.50000000        35161.39453125        33943.19531250         1252.99438477 
        5001.96609949            0.50000000        35047.39453125        33988.19531250         1231.99438477 
        5002.47844831            0.50000000        35029.39453125        34204.19531250         1251.99438477 
        5002.96046524            0.50000000        34846.39453125        34226.19531250         1207.99438477 
        5003.49333888            0.50000000        35069.39453125        34767.19531250         1237.99438477 
        5004.00095290            0.50000000        34734.39453125        34725.19531250         1191.99438477 
        5004.52391298            0.50000000        34869.39453125        35367.19531250         1206.99438477 
        5004.97588730            0.50000000        34760.39453125        35577.19531250         1211.99438477 
        5005.49399002            0.50000000        35028.39453125        36277.19531250         1241.99438477 
        5005.94615579            0.50000000        34815.39453125        36482.19531250         1220.99438477 
        5007.62350465            0.50000000        34843.39453125        37991.19531250         1296.99438477 
        5009.41911942            0.50000000        34835.39453125        39040.19531250         1321.99438477 
        5011.22632674            0.50000000        34629.39453125        39452.19531250         1335.99438477 
        5013.05024909            0.50000000        34601.39453125        39658.19531250         1370.99438477 
        5014.86031958            0.50000000        34528.39453125        39552.19531250         1356.99438477 
        5016.83007312            0.50000000        34534.39453125        39449.19531250         1344.99438477 
        5018.76575043            0.50000000        34542.39453125        39613.19531250         1375.99438477 
        5020.81045143            0.50000000        34657.39453125        40386.19531250         1391.99438477 
        5022.79555011            0.50000000        34611.39453125        40914.19531250         1382.99438477 
        5024.88994585            0.50000000        34480.39453125        41062.19531250         1389.99438477 
        5026.93497200            0.50000000        34337.39453125        41108.19531250         1353.99438477 
        5029.07933001            0.50000000        34245.39453125        41021.19531250         1351.99438477 
        5031.22054848            0.50000000        34309.39453125        40980.19531250         1320.99438477 
        5033.49231083            0.50000000        34288.39453125        40767.19531250         1270.99438477 
        5035.76116572            0.50000000        34159.39453125        40093.19531250         1225.99438477 
        5038.02710115            0.50000000        34121.39453125        39603.19531250         1174.99438477 
        5040.27979028            0.50000000        33843.39453125        39122.19531250         1124.99438477 
        5042.66890571            0.50000000        33967.39453125        39449.19531250         1116.99438477 
        5045.13284748            0.50000000        33826.39453125        39642.19531250         1126.99438477 
        5047.47007660            0.50000000        33702.39453125        39902.19531250         1129.99438477 
        5050.00128876            0.50000000        33712.39453125        40300.19531250         1166.99438477 
        5052.44713106            0.50000000        33392.39453125        40054.19531250         1188.99438477 
        5054.97341079            0.50000000        33377.39453125        40394.19531250         1207.99438477 
        5057.60117126            0.50000000        33382.39453125        40785.19531250         1249.99438477 
        5060.19029601            0.50000000        33213.39453125        41042.19531250         1230.99438477 
        5062.81355893            0.50000000        33139.39453125        41411.19531250         1253.99438477 
        5065.59099098            0.50000000        33049.39453125        41683.19531250         1280.99438477 
        5068.29866332            0.50000000        32978.39453125        41882.19531250         1292.99438477 
        5071.10356591            0.50000000        32623.39453125        41734.19531250         1248.99438477 
        5074.00081182            0.50000000        32815.39453125        42592.19531250         1276.99438477 
        5076.81259783            0.50000000        32692.39453125        42826.19531250         1257.99438477 
        5079.70646616            0.50000000        32246.39453125        42529.19531250         1202.99438477 
        5082.75099927            0.50000000        32316.39453125        43126.19531250         1184.99438477 
        5085.76269388            0.50000000        32087.39453125        43264.19531250         1148.99438477 
        5088.74668096            0.50000000        32163.39453125        43782.19531250         1108.99438477 
        5091.88212834            0.50000000        31974.39453125        43827.19531250         1095.99438477 
        5095.00066454            0.50000000        31734.39453125        43865.19531250         1086.99438477 
        5098.11278769            0.50000000        31719.39453125        44268.19531250         1127.99438477 
        5101.28199570            0.50000000        31394.39453125        44294.19531250         1159.99438477 
        5104.55092574            0.50000000        31243.39453125        44617.19531250         1240.99438477 
        5107.83503682            0.50000000        31170.39453125        44885.19531250         1228.99438477 
        5111.10779956            0.50000000        31119.39453125        45192.19531250         1267.99438477 
        5114.43836976            0.50000000        31058.39453125        45395.19531250         1264.99438477 
        5117.81098788            0.50000000        30739.39453125        45187.19531250         1259.99438477 
        5121.20980586            0.50000000        30402.39453125        44947.19531250         1246.99438477 
        5124.64027376            0.50000000        30140.39453125        44901.19531250         1254.99438477 
        5128.12393962            0.50000000        30486.39453125        45890.19531250         1277.99438477 
        5131.64493837            0.50000000        30112.39453125        45753.19531250         1283.99438477 
        5135.16582659            0.50000000        29827.39453125        45655.19531250         1262.99438477 
        5138.75652256            0.50000000        29741.39453125        46017.19531250         1248.99438477 
        5142.44965885            0.50000000        29832.39453125        46597.19531250         1249.99438477 
        5146.01906322            0.50000000        29068.39453125        45900.19531250         1205.99438477 
        5149.73436592            0.50000000        29076.39453125        46433.19531250         1190.99438477 
        5153.45550198            0.50000000        29089.39453125        47010.19531250         1198.99438477 
        5157.20959178            0.50000000        28730.39453125        46941.19531250         1201.99438477 
        5161.06193956            0.50000000        28628.39453125        47483.19531250         1235.99438477 
        5164.87703085            0.50000000        28239.39453125        47450.19531250         1248.99438477 
        5168.76362530            0.50000000        28114.39453125        47893.19531250         1288.99438477 
        5172.71660116            0.50000000        27789.39453125        48100.19531250         1309.99438477 
        5176.56136360            0.50000000        27260.39453125        47768.19531250         1329.99438477 
        5180.57657696            0.50000000        23001.39453125        41036.19531250         1176.99438477 
        5184.56565149            0.50000000        27540.39453125        49280.19531250         1398.99438477 
        5188.55590467            0.50000000        27129.39453125        49204.19531250         1415.99438477 
        5192.71790606            0.50000000        26616.39453125        48850.19531250         1379.99438477 
        5196.84857090            0.50000000        26142.39453125        48584.19531250         1399.99438477 
        5200.95876107            0.50000000        25855.39453125        48636.19531250         1398.99438477 
        5205.15897853            0.50000000        25365.39453125        48421.19531250         1379.99438477 
        5208.93438865            0.50000000        24688.39453125        47762.19531250         1361.99438477 
