# 1-D Scan File created by LabVIEW Control Panel  12/6/2011  6:07:46 AM; Scan time 0 hrs 4 min 28 sec. 
#
# Beamline 20 BM
#
# Scan config: 
#                 E0: 4966.00 eV   223 points
#        Scan bounds:  -100.00 -30.00 40.00 243.35 (7.99 (k))
#       Scan step(s):  5.00 0.50 0.07
#  Integration times:  0.50 0.50 0.50    kwgt in EXAFS region: 0.0 
#
# User Comment:
# 50oC
#
#
# Amplifier Sensitivities:
# Preslit: 20 nA/V  I0: 20 nA/V  I: 100 pA/V  IREF: 50 pA/V  
#
# Analog Input Voltages at start/end of scan:
# Preslit: 0.034/0.033  I0: 0.322/0.166  Ignore: 0.011/0.004  I: 0.629/0.325  IREF: 0.198/0.131  
#
# Mono Info:
# 
#
# ID Info:
# 
#
# Slit Info:
# Kappa S1:  Center is at -542 (H), 500 (V)   Size is 8000 wide x 2000 high
# Vacuum Slits:  Center is at 850 (H), -25 (V)   Size is 899 wide x 1000 high
#
# Motor Positions:
# SMV (20bm:m29): -37594.243125 SMH (20bm:m30): 4802.187500 
#
# Detector Names/PVs:
# I0/20bm:scaler1_netA.C  I/20bm:scaler1_netA.E  IREF/20bm:scaler1_netA.F  
#
# Positioner names/Drive PVs/Readback PVs:
# Mono Energy */20bm:monoE.VAL/20bm:EnctoE.VAL  Scaler preset time */20bm:scaler1.TP/  
# Here is a readable list of column headings:
#  1) Mono Energy *        
#  2) Scaler preset time * 
#  3) I0                   
#  4) I                    
#  5) IREF                 
#
# Column Headings:
#Mono Energy *        Scaler preset time * I0                   I                    IREF                 
        4865.40090888            0.50000000        11406.39355469        26355.19335937         3684.99438477 
        4870.45719986            0.50000000        11194.39355469        25953.19335937         3576.99438477 
        4875.46750590            0.50000000        11068.39355469        25889.19335937         3521.99438477 
        4880.54682416            0.50000000        10894.39355469        25705.19335937         3406.99438477 
        4885.59924042            0.50000000        10701.39355469        25485.19335937         3321.99438477 
        4890.58590492            0.50000000        10629.39355469        25499.19335937         3285.99438477 
        4895.67085951            0.50000000        10455.39355469        25334.19335937         3156.99438477 
        4900.77713326            0.50000000        10362.39355469        25331.19335937         3134.99438477 
        4905.80760651            0.50000000        10222.39355469        25139.19335937         3056.99438477 
        4910.81531763            0.50000000        10123.39355469        25144.19335937         3003.99438477 
        4915.82448876            0.50000000         9873.39355469        24803.19335937         2924.99438477 
        4920.85466623            0.50000000         9848.39355469        25024.19335937         2925.99438477 
        4925.88142801            0.50000000         9710.39355469        24911.19335937         2889.99438477 
        4930.89488023            0.50000000         9605.39355469        24898.19335937         2846.99438477 
        4935.96879711            0.50000000         9484.39355469        24835.19335937         2822.99438477 
        4936.47632534            0.50000000         9578.39355469        25202.19335937         2826.99438477 
        4936.94453528            0.50000000         9583.39355469        25152.19335937         2861.99438477 
        4937.44242310            0.50000000         9586.39355469        25263.19335937         2859.99438477 
        4937.92069616            0.50000000         9439.39355469        24913.19335937         2800.99438477 
        4938.43359654            0.50000000         9562.39355469        25161.19335937         2843.99438477 
        4938.94168024            0.50000000         9511.39355469        25064.19335937         2827.99438477 
        4939.44494397            0.50000000         9470.39355469        25075.19335937         2804.99438477 
        4939.98780527            0.50000000         9444.39355469        24900.19335937         2810.99438477 
        4940.47155546            0.50000000         9461.39355469        25070.19335937         2821.99438477 
        4940.97516077            0.50000000         9471.39355469        25126.19335937         2824.99438477 
        4941.44430609            0.50000000         9339.39355469        24862.19335937         2790.99438477 
        4941.94318868            0.50000000         9368.39355469        24921.19335937         2789.99438477 
        4942.43229949            0.50000000         9463.39355469        25158.19335937         2796.99438477 
        4942.97093809            0.50000000         9363.39355469        25026.19335937         2776.99438477 
        4943.46027175            0.50000000         9365.39355469        24952.19335937         2790.99438477 
        4944.01398928            0.50000000         9411.39355469        25175.19335937         2793.99438477 
        4944.46893032            0.50000000         9300.39355469        24871.19335937         2777.99438477 
        4945.00310856            0.50000000         9293.39355469        24904.19335937         2750.99438477 
        4945.46814437            0.50000000         9225.39355469        24761.19335937         2713.99438477 
        4945.96296847            0.50000000         9261.39355469        24843.19335937         2749.99438477 
        4946.42820201            0.50000000         9296.39355469        24841.19335937         2758.99438477 
        4946.98759899            0.50000000         9280.39355469        24941.19335937         2760.99438477 
        4947.46294777            0.50000000         9272.39355469        24925.19335937         2758.99438477 
        4948.04736771            0.50000000         9242.39355469        24921.19335937         2772.99438477 
        4948.47339614            0.50000000         9206.39355469        24929.19335937         2776.99438477 
        4949.01347785            0.50000000         9218.39355469        24912.19335937         2764.99438477 
        4949.47438357            0.50000000         9243.39355469        25086.19335937         2783.99438477 
        4949.98991638            0.50000000         9169.39355469        24862.19335937         2767.99438477 
        4950.44110404            0.50000000         9189.39355469        24977.19335937         2732.99438477 
        4951.01637495            0.50000000         9293.39355469        25239.19335937         2794.99438477 
        4951.47768926            0.50000000         9202.39355469        25002.19335937         2766.99438477 
        4952.07307262            0.50000000         9253.39355469        25143.19335937         2777.99438477 
        4952.48000808            0.50000000         9244.39355469        25146.19335937         2756.99438477 
        4953.02601211            0.50000000         9248.39355469        25146.19335937         2761.99438477 
        4953.48773654            0.50000000         9225.39355469        25165.19335937         2810.99438477 
        4953.99425236            0.50000000         9168.39355469        25081.19335937         2759.99438477 
        4954.44127225            0.50000000         9199.39355469        25128.19335937         2761.99438477 
        4955.01756152            0.50000000         9207.39355469        25206.19335937         2783.99438477 
        4955.48466220            0.50000000         9102.39355469        24996.19335937         2734.99438477 
        4956.07115912            0.50000000         9209.39355469        25316.19335937         2771.99438477 
        4956.48378613            0.50000000         9035.39355469        24857.19335937         2689.99438477 
        4957.04070326            0.50000000         9097.39355469        25030.19335937         2715.99438477 
        4957.49329930            0.50000000         9115.39355469        25013.19335937         2731.99438477 
        4958.02558841            0.50000000         9086.39355469        25042.19335937         2736.99438477 
        4958.45350026            0.50000000         9060.39355469        24951.19335937         2709.99438477 
        4959.02583431            0.50000000         9114.39355469        25217.19335937         2738.99438477 
        4959.49376261            0.50000000         9022.39355469        24948.19335937         2699.99438477 
        4960.08129880            0.50000000         9047.39355469        25091.19335937         2725.99438477 
        4960.48967639            0.50000000         8978.39355469        24857.19335937         2683.99438477 
        4961.03263372            0.50000000         9133.39355469        25341.19335937         2714.99438477 
        4961.48602802            0.50000000         8905.39355469        24747.19335937         2639.99438477 
        4962.02424006            0.50000000         9114.39355469        25334.19335937         2723.99438477 
        4962.44293777            0.50000000         8892.39355469        24735.19335937         2644.99438477 
        4963.02126652            0.50000000         9094.39355469        25301.19335937         2699.99438477 
        4963.49500771            0.50000000         8876.39355469        24783.19335937         2585.99438477 
        4964.09355911            0.50000000         8956.39355469        24926.19335937         2572.99438477 
        4964.48270224            0.50000000         8849.39355469        24786.19335937         2555.99438477 
        4965.03160731            0.50000000         8920.39355469        24899.19335937         2489.99438477 
        4965.48081026            0.50000000         8841.39355469        24820.19335937         2343.99438477 
        4966.01997121            0.50000000         8908.39355469        24903.19335937         2079.99438477 
        4966.43441345            0.50000000         8851.39355469        24826.19335937         1666.99438477 
        4967.01875579            0.50000000         8882.39355469        24845.19335937         1402.99438477 
        4967.47834432            0.50000000         8788.39355469        24644.19335937         1478.99438477 
        4968.08294485            0.50000000         8889.39355469        24779.19335937         1698.99438477 
        4968.46777448            0.50000000         8799.39355469        24462.19335937         1757.99438477 
        4969.02264369            0.50000000         8883.39355469        24487.19335937         1757.99438477 
        4969.47263719            0.50000000         8772.39355469        24301.19335937         1679.99438477 
        4970.00774550            0.50000000         8848.39355469        24151.19335937         1581.99438477 
        4970.42791887            0.50000000         8785.39355469        23554.19335937         1491.99438477 
        4971.01328989            0.50000000         8811.39355469        23089.19335937         1419.99438477 
        4971.47368758            0.50000000         8757.39355469        23076.19335937         1402.99438477 
        4972.07935267            0.50000000         8789.39355469        23403.19335937         1380.99438477 
        4972.46485998            0.50000000         8700.39355469        23523.19335937         1365.99438477 
        4973.02070638            0.50000000         8766.39355469        24038.19335937         1351.99438477 
        4973.47149245            0.50000000         8715.39355469        24017.19335937         1300.99438477 
        4974.00754334            0.50000000         8732.39355469        23897.19335937         1204.99438477 
        4974.41843424            0.50000000         8706.39355469        23873.19335937         1169.99438477 
        4975.01485923            0.50000000         8694.39355469        23809.19335937         1083.99438477 
        4975.47105449            0.50000000         8696.39355469        23925.19335937         1061.99438477 
        4976.06775561            0.50000000         8775.39355469        24000.19335937         1030.99438477 
        4976.45895557            0.50000000         8596.39355469        23325.19335937          952.99432373 
        4977.01076217            0.50000000         8763.39355469        23427.19335937          950.99432373 
        4977.46233985            0.50000000         8580.39355469        22557.19335937          883.99432373 
        4977.99431297            0.50000000         8729.39355469        22479.19335937          848.99432373 
        4978.41094477            0.50000000         8597.39355469        21859.19335937          811.99432373 
        4978.99335316            0.50000000         8704.39355469        21834.19335937          793.99432373 
        4979.46541411            0.50000000         8625.39355469        21316.19335937          777.99432373 
        4980.05813984            0.50000000         8642.39355469        20830.19335937          751.99432373 
        4980.46007558            0.50000000         8569.39355469        20125.19335937          710.99432373 
        4981.01285307            0.50000000         8534.39355469        19477.19335937          682.99432373 
        4981.46522538            0.50000000         8565.39355469        19185.19335937          669.99432373 
        4981.99813468            0.50000000         8518.39355469        18724.19335937          682.99432373 
        4982.41549975            0.50000000         8537.39355469        18448.19335937          657.99432373 
        4982.99893329            0.50000000         8552.39355469        18166.19335937          642.99432373 
        4983.46176268            0.50000000         8449.39355469        17809.19335937          623.99432373 
        4984.03539909            0.50000000         8500.39355469        17640.19335937          630.99432373 
        4984.45817096            0.50000000         8514.39355469        17395.19335937          628.99432373 
        4984.99681538            0.50000000         8466.39355469        17118.19335937          611.99432373 
        4985.45501500            0.50000000         8480.39355469        16900.19335937          614.99432373 
        4985.97374767            0.50000000         8417.39355469        16427.19335937          592.99432373 
        4986.41703024            0.50000000         8472.39355469        16239.19433594          613.99432373 
        4986.98637175            0.50000000         8421.39355469        15802.19433594          595.99432373 
        4987.46009158            0.50000000         8393.39355469        15488.19433594          589.99432373 
        4988.04481765            0.50000000         8433.39355469        15186.19433594          617.99432373 
        4988.45824893            0.50000000         8338.39355469        14723.19433594          568.99432373 
        4988.99279551            0.50000000         8420.39355469        14568.19433594          602.99432373 
        4989.46693217            0.50000000         8317.39355469        14161.19433594          583.99432373 
        4989.96134976            0.50000000         8317.39355469        14004.19433594          589.99432373 
        4990.41550109            0.50000000         8343.39355469        14117.19433594          576.99432373 
        4990.98079340            0.50000000         8293.39355469        14215.19433594          586.99432373 
        4991.45534322            0.50000000         8249.39355469        14432.19433594          595.99432373 
        4992.00574260            0.50000000         8255.39355469        14896.19433594          584.99432373 
        4992.45019853            0.50000000         8303.39355469        15392.19433594          563.99432373 
        4992.98062847            0.50000000         8208.39355469        15518.19433594          574.99432373 
        4993.45054073            0.50000000         8281.39355469        15903.19433594          580.99432373 
        4993.92560406            0.50000000         8164.39404297        15886.19433594          593.99432373 
        4994.42098805            0.50000000         8228.39355469        16112.19433594          570.99432373 
        4994.95693249            0.50000000         8254.39355469        16251.19433594          588.99432373 
        4995.43736688            0.50000000         8195.39355469        16207.19433594          587.99432373 
        4995.98872657            0.50000000         8114.39404297        16021.19433594          570.99432373 
        4996.46937791            0.50000000         8226.39355469        16253.19433594          599.99432373 
        4996.97037476            0.50000000         8160.39404297        16149.19433594          569.99432373 
        4997.45123255            0.50000000         8067.39404297        15890.19433594          552.99432373 
        4997.91700176            0.50000000         8128.39404297        15921.19433594          550.99432373 
        4998.43857335            0.50000000         8085.39404297        15794.19433594          550.99432373 
        4998.95013286            0.50000000         8005.39404297        15505.19433594          525.99432373 
        4999.44154032            0.50000000         8121.39404297        15543.19433594          525.99432373 
        4999.98373080            0.50000000         8127.39404297        15365.19433594          522.99432373 
        5000.48549814            0.50000000         8085.39404297        15227.19433594          516.99432373 
        5000.96202554            0.50000000         7998.39404297        14876.19433594          505.99432373 
        5001.46907854            0.50000000         8121.39404297        14967.19433594          517.99432373 
        5001.92552231            0.50000000         8065.39404297        14874.19433594          529.99432373 
        5002.45308181            0.50000000         8043.39404297        14757.19433594          532.99432373 
        5002.91987043            0.50000000         7949.39404297        14646.19433594          516.99432373 
        5003.45781011            0.50000000         8059.39404297        14963.19433594          513.99432373 
        5003.96541625            0.50000000         7915.39404297        14766.19433594          486.99432373 
        5004.50360162            0.50000000         7990.39404297        15049.19433594          524.99432373 
        5004.94541431            0.50000000         7913.39404297        15052.19433594          513.99432373 
        5005.46859010            0.50000000         8019.39404297        15363.19433594          520.99432373 
        5005.91566990            0.50000000         7887.39404297        15228.19433594          507.99432373 
        5007.59299644            0.50000000         7867.39404297        15697.19433594          512.99432373 
        5009.39876463            0.50000000         7851.39404297        16099.19433594          536.99432373 
        5011.20086323            0.50000000         7697.39404297        16157.19433594          557.99432373 
        5013.02476533            0.50000000         7651.39404297        16369.19433594          538.99432373 
        5014.83481572            0.50000000         7568.39404297        16382.19433594          547.99432373 
        5016.80965250            0.50000000         7544.39404297        16596.19335937          545.99432373 
        5018.75553150            0.50000000         7430.39404297        16415.19335937          542.99432373 
        5020.79510940            0.50000000         7420.39404297        16526.19335937          550.99432373 
        5022.78019484            0.50000000         7366.39404297        16507.19335937          525.99432373 
        5024.87969967            0.50000000         7273.39404297        16453.19335937          543.99432373 
        5026.92471671            0.50000000         7216.39404297        16351.19433594          524.99432373 
        5029.06906517            0.50000000         7170.39404297        16253.19433594          520.99432373 
        5031.21541128            0.50000000         7169.39404297        16296.19433594          516.99432373 
        5033.47688409            0.50000000         7163.39404297        16261.19433594          502.99432373 
        5035.75087109            0.50000000         7065.39404297        16076.19433594          465.99432373 
        5038.02194877            0.50000000         7015.39404297        15914.19433594          478.99432373 
        5040.27979028            0.50000000         6874.39404297        15602.19433594          423.99432373 
        5042.66890571            0.50000000         6909.39404297        15602.19433594          421.99432373 
        5045.13284748            0.50000000         6827.39404297        15501.19433594          410.99432373 
        5047.46490313            0.50000000         6737.39404297        15468.19433594          410.99432373 
        5049.99093051            0.50000000         6742.39404297        15627.19433594          420.99432373 
        5052.44194646            0.50000000         6550.39404297        15354.19433594          435.99432373 
        5054.96303029            0.50000000         6548.39404297        15412.19433594          446.99432373 
        5057.58558288            0.50000000         6446.39404297        15227.19433594          441.99432373 
        5060.16948832            0.50000000         6396.39404297        15142.19433594          428.99432373 
        5062.80314330            0.50000000         6289.39404297        14985.19433594          432.99432373 
        5065.57013484            0.50000000         6227.39404297        14912.19433594          434.99432373 
        5068.27256280            0.50000000         6163.39404297        14967.19433594          438.99432373 
        5071.07743389            0.50000000         5978.39404297        14666.19433594          419.99432373 
        5073.96941438            0.50000000         6012.39404297        14830.19433594          416.99432373 
        5076.79164087            0.50000000         5916.39404297        14835.19433594          425.99432373 
        5079.68023745            0.50000000         5691.39404297        14404.19433594          389.99432373 
        5082.71948375            0.50000000         5653.39404297        14524.19433594          374.99432373 
        5085.73113767            0.50000000         5546.39404297        14360.19433594          357.99432373 
        5088.71508442            0.50000000         5568.39404297        14471.19433594          353.99432373 
        5091.84521627            0.50000000         5401.39404297        14253.19433594          336.99432373 
        5094.96898338            0.50000000         5270.39404297        14142.19433594          316.99432373 
        5098.07049004            0.50000000         5216.39404297        14101.19433594          334.99432373 
        5101.24493511            0.50000000         5074.39404297        13943.19433594          339.99432373 
        5104.51911516            0.50000000         5008.39404297        13950.19433594          349.99432373 
        5107.78725428            0.50000000         4922.39404297        13858.19433594          349.99432373 
        5111.07058345            0.50000000         4920.39404297        13914.19433594          370.99432373 
        5114.39577678            0.50000000         4805.39404297        13674.19433594          362.99432373 
        5117.77899722            0.50000000         4712.39404297        13649.19433594          359.99432373 
        5121.17242953            0.50000000         4626.39404297        13586.19433594          358.99432373 
        5124.60284295            0.50000000         4537.39404297        13348.19433594          327.99432373 
        5128.08109834            0.50000000         4584.39404297        13603.19433594          360.99432373 
        5131.61275934            0.50000000         4432.39404297        13214.19433594          351.99432373 
        5135.13897069            0.50000000         4387.39404297        13327.19433594          351.99432373 
        5138.71886720            0.50000000         4295.39404297        13165.19433594          331.99432373 
        5142.41733236            0.50000000         4299.39404297        13227.19433594          342.99432373 
        5145.98668794            0.50000000         4088.39404297        12885.19433594          322.99432373 
        5149.70193983            0.50000000         4056.39404297        12885.19433594          319.99432373 
        5153.42843777            0.50000000         4015.39404297        12845.19433594          319.99432373 
        5157.16622063            0.50000000         3899.39404297        12685.19433594          314.99432373 
        5161.04564888            0.50000000         3825.39404297        12606.19433594          330.99432373 
        5164.84983618            0.50000000         3696.39404297        12345.19433594          316.99432373 
        5168.74728178            0.50000000         3653.39404297        12357.19433594          324.99432373 
        5172.70023049            0.50000000         3543.39404297        12066.19433594          331.99432373 
        5176.53950083            0.50000000         3415.39404297        11818.19433594          319.99432373 
        5180.56015224            0.50000000         2733.39404297         9593.19433594          272.99432373 
        5184.54371529            0.50000000         3297.39404297        11624.19433594          332.99432373 
        5188.53942501            0.50000000         3194.39404297        11528.19433594          314.99432373 
        5192.70690048            0.50000000         3068.39404297        11140.19433594          319.99432373 
        5196.83203404            0.50000000         2940.39404297        10834.19433594          316.99432373 
        5200.94219583            0.50000000         2842.39404297        10633.19433594          293.99432373 
        5205.14791567            0.50000000         2702.39404297        10187.19433594          288.99432373 
        5208.92884851            0.50000000         2517.39404297         9489.19433594          269.99432373 
