# 1-D Scan File created by LabVIEW Control Panel  12/6/2011  4:47:25 AM; Scan time 0 hrs 4 min 28 sec. 
#
# Beamline 20 BM
#
# Scan config: 
#                 E0: 4966.00 eV   223 points
#        Scan bounds:  -100.00 -30.00 40.00 243.35 (7.99 (k))
#       Scan step(s):  5.00 0.50 0.07
#  Integration times:  0.50 0.50 0.50    kwgt in EXAFS region: 0.0 
#
# User Comment:
# 50oC
#
#
# Amplifier Sensitivities:
# Preslit: 20 nA/V  I0: 20 nA/V  I: 100 pA/V  IREF: 50 pA/V  
#
# Analog Input Voltages at start/end of scan:
# Preslit: 0.033/0.031  I0: 0.371/0.198  Ignore: 0.011/0.005  I: 0.692/0.370  IREF: 0.206/0.132  
#
# Mono Info:
# 
#
# ID Info:
# 
#
# Slit Info:
# Kappa S1:  Center is at -542 (H), 500 (V)   Size is 8000 wide x 2000 high
# Vacuum Slits:  Center is at 850 (H), -25 (V)   Size is 899 wide x 1000 high
#
# Motor Positions:
# SMV (20bm:m29): -37594.243125 SMH (20bm:m30): 4802.187500 
#
# Detector Names/PVs:
# I0/20bm:scaler1_netA.C  I/20bm:scaler1_netA.E  IREF/20bm:scaler1_netA.F  
#
# Positioner names/Drive PVs/Readback PVs:
# Mono Energy */20bm:monoE.VAL/20bm:EnctoE.VAL  Scaler preset time */20bm:scaler1.TP/  
# Here is a readable list of column headings:
#  1) Mono Energy *        
#  2) Scaler preset time * 
#  3) I0                   
#  4) I                    
#  5) IREF                 
#
# Column Headings:
#Mono Energy *        Scaler preset time * I0                   I                    IREF                 
        4865.37704075            0.50000000        13667.39355469        29657.19335937         4130.99414062 
        4870.44763076            0.50000000        13441.39355469        29360.19335937         4044.99438477 
        4875.45791516            0.50000000        13287.39355469        29266.19335937         3962.99438477 
        4880.53721146            0.50000000        13115.39355469        29185.19335937         3868.99438477 
        4885.57997133            0.50000000        12928.39355469        28995.19335937         3744.99438477 
        4890.57142068            0.50000000        12867.39355469        29107.19335937         3707.99438477 
        4895.65150310            0.50000000        12749.39355469        29078.19335937         3682.99438477 
        4900.76258268            0.50000000        12610.39355469        29144.19335937         3570.99438477 
        4905.79788426            0.50000000        12476.39355469        29023.19335937         3561.99438477 
        4910.80070159            0.50000000        12378.39355469        29115.19335937         3500.99438477 
        4915.81960583            0.50000000        12114.39355469        28842.19335937         3405.99438477 
        4920.84487846            0.50000000        12109.39355469        29169.19335937         3398.99438477 
        4925.88142801            0.50000000        11968.39355469        29120.19335937         3374.99438477 
        4930.88504862            0.50000000        11858.39355469        29159.19335937         3367.99438477 
        4935.96387021            0.50000000        11722.39355469        29140.19335937         3266.99438477 
        4936.47139734            0.50000000        11823.39355469        29517.19335937         3335.99438477 
        4936.93960625            0.50000000        11856.39355469        29616.19335937         3330.99438477 
        4937.43749298            0.50000000        11832.39355469        29555.19335937         3318.99438477 
        4937.91576500            0.50000000        11731.39355469        29437.19335937         3321.99438477 
        4938.42866425            0.50000000        11773.39355469        29502.19335937         3298.99438477 
        4938.94168024            0.50000000        11748.39355469        29439.19335937         3327.99438477 
        4939.44000946            0.50000000        11710.39355469        29500.19335937         3279.99438477 
        4939.98286958            0.50000000        11693.39355469        29358.19335937         3256.99438477 
        4940.46661871            0.50000000        11713.39355469        29484.19335937         3294.99438477 
        4940.97022292            0.50000000        11685.39355469        29483.19335937         3287.99438477 
        4941.43936721            0.50000000        11608.39355469        29288.19335937         3254.99438477 
        4941.93824871            0.50000000        11662.39355469        29531.19335937         3268.99438477 
        4942.42735845            0.50000000        11713.39355469        29609.19335937         3321.99438477 
        4942.96599587            0.50000000        11647.39355469        29552.19335937         3308.99438477 
        4943.45532845            0.50000000        11622.39355469        29483.19335937         3247.99438477 
        4944.01398928            0.50000000        11635.39355469        29525.19335937         3258.99438477 
        4944.46893032            0.50000000        11549.39355469        29383.19335937         3236.99438477 
        4944.99816189            0.50000000        11547.39355469        29363.19335937         3209.99438477 
        4945.46319667            0.50000000        11495.39355469        29326.19335937         3229.99438477 
        4945.95307092            0.50000000        11476.39355469        29280.19335937         3209.99438477 
        4946.42820201            0.50000000        11568.39355469        29365.19335937         3230.99438477 
        4946.98264797            0.50000000        11525.39355469        29476.19335937         3236.99438477 
        4947.46789985            0.50000000        11512.39355469        29344.19335937         3267.99438477 
        4948.04736771            0.50000000        11534.39355469        29570.19335937         3281.99438477 
        4948.47339614            0.50000000        11458.39355469        29431.19335937         3235.99438477 
        4949.01347785            0.50000000        11453.39355469        29456.19335937         3248.99438477 
        4949.47438357            0.50000000        11481.39355469        29601.19335937         3292.99438477 
        4949.98495877            0.50000000        11410.39355469        29408.19335937         3215.99438477 
        4950.43614545            0.50000000        11445.39355469        29525.19335937         3219.99438477 
        4951.00645525            0.50000000        11501.39355469        29680.19335937         3280.99438477 
        4951.47768926            0.50000000        11395.39355469        29441.19335937         3185.99438477 
        4952.07307262            0.50000000        11500.39355469        29641.19335937         3258.99438477 
        4952.47008195            0.50000000        11454.39355469        29630.19335937         3237.99438477 
        4953.02104785            0.50000000        11468.39355469        29589.19335937         3238.99438477 
        4953.47780599            0.50000000        11454.39355469        29668.19335937         3231.99438477 
        4953.99425236            0.50000000        11398.39355469        29628.19335937         3211.99438477 
        4954.43630488            0.50000000        11399.39355469        29618.19335937         3212.99438477 
        4955.01756152            0.50000000        11449.39355469        29847.19335937         3250.99438477 
        4955.47969254            0.50000000        11352.39355469        29652.19335937         3188.99438477 
        4956.07613008            0.50000000        11430.39355469        29854.19335937         3216.99438477 
        4956.48378613            0.50000000        11290.39355469        29560.19335937         3191.99438477 
        4957.03573018            0.50000000        11330.39355469        29610.19335937         3195.99438477 
        4957.48832523            0.50000000        11330.39355469        29545.19335937         3173.99438477 
        4958.02558841            0.50000000        11323.39355469        29681.19335937         3185.99438477 
        4958.44852407            0.50000000        11312.39355469        29630.19335937         3166.99438477 
        4959.02085687            0.50000000        11369.39355469        29857.19335937         3203.99438477 
        4959.48878414            0.50000000        11288.39355469        29661.19335937         3158.99438477 
        4960.08129880            0.50000000        11322.39355469        29841.19335937         3167.99438477 
        4960.48469573            0.50000000        11244.39355469        29626.19335937         3156.99438477 
        4961.03263372            0.50000000        11410.39355469        30054.19335937         3199.99438477 
        4961.48602802            0.50000000        11187.39355469        29556.19335937         3121.99438477 
        4962.01925603            0.50000000        11403.39355469        30135.19335937         3183.99438477 
        4962.43795282            0.50000000        11173.39355469        29580.19335937         3096.99438477 
        4963.01628030            0.50000000        11361.39355469        30061.19335937         3160.99438477 
        4963.49002044            0.50000000        11115.39355469        29438.19335937         3061.99438477 
        4964.09355911            0.50000000        11222.39355469        29762.19335937         3057.99438477 
        4964.48270224            0.50000000        11147.39355469        29659.19335937         3021.99438477 
        4965.03160731            0.50000000        11225.39355469        29766.19335937         2927.99438477 
        4965.48081026            0.50000000        11155.39355469        29780.19335937         2789.99438477 
        4966.01997121            0.50000000        11230.39355469        29825.19335937         2455.99438477 
        4966.43441345            0.50000000        11124.39355469        29663.19335937         1940.99438477 
        4967.01875579            0.50000000        11199.39355469        29777.19335937         1670.99438477 
        4967.48334036            0.50000000        11101.39355469        29642.19335937         1751.99438477 
        4968.08294485            0.50000000        11165.39355469        29638.19335937         2011.99438477 
        4968.46777448            0.50000000        11070.39355469        29354.19335937         2062.99438477 
        4969.02264369            0.50000000        11136.39355469        29338.19335937         2081.99438477 
        4969.47263719            0.50000000        11076.39355469        29284.19335937         1973.99438477 
        4970.00774550            0.50000000        11077.39355469        28914.19335937         1889.99438477 
        4970.42291635            0.50000000        11067.39355469        28637.19335937         1765.99438477 
        4971.01328989            0.50000000        11111.39355469        28130.19335937         1702.99438477 
        4971.47368758            0.50000000        11013.39355469        28022.19335937         1670.99438477 
        4972.07434652            0.50000000        11107.39355469        28509.19335937         1674.99438477 
        4972.46485998            0.50000000        10995.39355469        28604.19335937         1652.99438477 
        4973.01569815            0.50000000        11037.39355469        28896.19335937         1607.99438477 
        4973.46648323            0.50000000        10965.39355469        28887.19335937         1526.99438477 
        4973.99752254            0.50000000        10993.39355469        28754.19335937         1425.99438477 
        4974.41342293            0.50000000        10941.39355469        28571.19335937         1349.99438477 
        4975.00984661            0.50000000        10952.39355469        28430.19335937         1294.99438477 
        4975.46604086            0.50000000        10918.39355469        28386.19335937         1245.99438477 
        4976.06274067            0.50000000        11060.39355469        28419.19335937         1185.99438477 
        4976.45895557            0.50000000        10847.39355469        27580.19335937         1119.99438477 
        4977.01076217            0.50000000        11043.39355469        27588.19335937         1083.99438477 
        4977.46233985            0.50000000        10850.39355469        26672.19335937         1013.99432373 
        4977.98929377            0.50000000        11003.39355469        26494.19335937         1007.99432373 
        4978.40090455            0.50000000        10804.39355469        25593.19335937          948.99432373 
        4978.99335316            0.50000000        10906.39355469        25563.19335937          925.99432373 
        4979.46039167            0.50000000        10829.39355469        24964.19335937          892.99432373 
        4980.05813984            0.50000000        10889.39355469        24455.19335937          853.99432373 
        4980.45505094            0.50000000        10787.39355469        23650.19335937          827.99432373 
        4981.01285307            0.50000000        10794.39355469        23068.19335937          797.99432373 
        4981.46522538            0.50000000        10812.39355469        22668.19335937          803.99432373 
        4981.99310665            0.50000000        10740.39355469        22273.19335937          777.99432373 
        4982.41549975            0.50000000        10762.39355469        22052.19335937          760.99432373 
        4982.99390305            0.50000000        10804.39355469        21787.19335937          747.99432373 
        4983.46176268            0.50000000        10725.39355469        21476.19335937          722.99432373 
        4984.03539909            0.50000000        10715.39355469        21114.19335937          713.99432373 
        4984.45817096            0.50000000        10712.39355469        20853.19335937          716.99432373 
        4984.99681538            0.50000000        10680.39355469        20433.19335937          712.99432373 
        4985.45501500            0.50000000        10685.39355469        19965.19335937          731.99432373 
        4985.96871086            0.50000000        10654.39355469        19422.19335937          717.99432373 
        4986.41703024            0.50000000        10687.39355469        18912.19335937          708.99432373 
        4986.98637175            0.50000000        10630.39355469        18211.19335937          708.99432373 
        4987.46009158            0.50000000        10590.39355469        17765.19335937          686.99432373 
        4988.04481765            0.50000000        10702.39355469        17557.19335937          706.99432373 
        4988.45824893            0.50000000        10549.39355469        17061.19335937          679.99432373 
        4988.99783900            0.50000000        10619.39355469        17024.19335937          667.99432373 
        4989.46188765            0.50000000        10497.39355469        16722.19335937          659.99432373 
        4989.96134976            0.50000000        10474.39355469        16732.19335937          651.99432373 
        4990.41045447            0.50000000        10490.39355469        16999.19335937          658.99432373 
        4990.98079340            0.50000000        10454.39355469        17298.19335937          670.99432373 
        4991.45534322            0.50000000        10422.39355469        17691.19335937          676.99432373 
        4992.01584291            0.50000000        10428.39355469        18336.19335937          700.99432373 
        4992.45019853            0.50000000        10415.39355469        18694.19335937          684.99432373 
        4992.98062847            0.50000000        10350.39355469        19013.19335937          691.99432373 
        4993.45559407            0.50000000        10423.39355469        19377.19335937          705.99432373 
        4993.93065845            0.50000000        10347.39355469        19447.19335937          692.99432373 
        4994.42098805            0.50000000        10327.39355469        19514.19335937          706.99432373 
        4994.96198916            0.50000000        10388.39355469        19675.19335937          693.99432373 
        4995.44242462            0.50000000        10374.39355469        19681.19335937          681.99432373 
        4995.99884450            0.50000000        10252.39355469        19408.19335937          675.99432373 
        4996.46937791            0.50000000        10329.39355469        19501.19335937          684.99432373 
        4996.97037476            0.50000000        10262.39355469        19289.19335937          674.99432373 
        4997.44617036            0.50000000        10188.39355469        19091.19335937          663.99432373 
        4997.91700176            0.50000000        10267.39355469        19071.19335937          647.99432373 
        4998.43857335            0.50000000        10221.39355469        18835.19335937          633.99432373 
        4998.95013286            0.50000000        10127.39355469        18430.19335937          605.99432373 
        4999.44660692            0.50000000        10261.39355469        18488.19335937          620.99432373 
        4999.98373080            0.50000000        10228.39355469        18147.19335937          608.99432373 
        5000.48549814            0.50000000        10176.39355469        17955.19335937          591.99432373 
        5000.96709552            0.50000000        10141.39355469        17737.19335937          568.99432373 
        5001.46907854            0.50000000        10251.39355469        17793.19335937          598.99432373 
        5001.92552231            0.50000000        10167.39355469        17698.19335937          572.99432373 
        5002.44800855            0.50000000        10108.39355469        17629.19335937          588.99432373 
        5002.91987043            0.50000000        10064.39355469        17663.19335937          568.99432373 
        5003.45781011            0.50000000        10155.39355469        18038.19335937          583.99432373 
        5003.96541625            0.50000000         9981.39355469        17851.19335937          577.99432373 
        5004.49852381            0.50000000        10068.39355469        18247.19335937          570.99432373 
        5004.94033552            0.50000000         9991.39355469        18287.19335937          571.99432373 
        5005.46351015            0.50000000        10093.39355469        18616.19335937          574.99432373 
        5005.91058895            0.50000000         9929.39355469        18520.19335937          556.99432373 
        5007.59299644            0.50000000         9902.39355469        19121.19335937          588.99432373 
        5009.39876463            0.50000000         9900.39355469        19655.19335937          592.99432373 
        5011.19577056            0.50000000         9754.39355469        19767.19335937          624.99432373 
        5013.01966861            0.50000000         9691.39355469        20005.19335937          639.99432373 
        5014.83991647            0.50000000         9564.39355469        19998.19335937          608.99432373 
        5016.80965250            0.50000000         9526.39355469        20208.19335937          625.99432373 
        5018.75042204            0.50000000         9423.39355469        20151.19335937          641.99432373 
        5020.78999541            0.50000000         9402.39355469        20209.19335937          623.99432373 
        5022.78019484            0.50000000         9355.39355469        20221.19335937          607.99432373 
        5024.87457660            0.50000000         9252.39355469        20046.19335937          629.99432373 
        5026.91446147            0.50000000         9179.39355469        20025.19335937          598.99432373 
        5029.06393276            0.50000000         9025.39355469        19702.19335937          600.99432373 
        5031.19486261            0.50000000         9015.39355469        19686.19335937          587.99432373 
        5033.46659965            0.50000000         9015.39355469        19685.19335937          586.99432373 
        5035.73028197            0.50000000         8898.39355469        19430.19335937          554.99432373 
        5038.00649172            0.50000000         8820.39355469        19135.19335937          521.99432373 
        5040.25400337            0.50000000         8690.39355469        18760.19335937          491.99432373 
        5042.64825482            0.50000000         8680.39355469        18635.19335937          503.99432373 
        5045.10700638            0.50000000         8568.39355469        18596.19335937          500.99432373 
        5047.44938279            0.50000000         8499.39355469        18709.19335937          479.99432373 
        5049.98057231            0.50000000         8472.39355469        18881.19335937          502.99432373 
        5052.43157729            0.50000000         8260.39355469        18632.19335937          489.99432373 
        5054.94226943            0.50000000         8220.39355469        18663.19335937          504.99432373 
        5057.56999460            0.50000000         8141.39404297        18531.19335937          508.99432373 
        5060.15908454            0.50000000         8048.39404297        18350.19335937          519.99432373 
        5062.78231218            0.50000000         7920.39404297        18270.19335937          521.99432373 
        5065.54927889            0.50000000         7852.39404297        18206.19335937          530.99432373 
        5068.24124255            0.50000000         7832.39404297        18389.19335937          527.99432373 
        5071.05652849            0.50000000         7591.39404297        18018.19335937          521.99432373 
        5073.95371582            0.50000000         7647.39404297        18236.19335937          542.99432373 
        5076.77592328            0.50000000         7508.39404297        18220.19335937          493.99432373 
        5079.66450037            0.50000000         7281.39404297        17871.19335937          497.99432373 
        5082.70897868            0.50000000         7236.39404297        17969.19335937          467.99432373 
        5085.72587834            0.50000000         7138.39404297        17870.19335937          437.99432373 
        5088.70981837            0.50000000         7133.39404297        17917.19335937          418.99432373 
        5091.82939699            0.50000000         6972.39404297        17793.19335937          417.99432373 
        5094.95314296            0.50000000         6846.39404297        17693.19335937          417.99432373 
        5098.05462862            0.50000000         6800.39404297        17840.19335937          425.99432373 
        5101.23434648            0.50000000         6708.39404297        17811.19335937          447.99432373 
        5104.50321003            0.50000000         6612.39404297        17845.19335937          443.99432373 
        5107.78725428            0.50000000         6520.39404297        17658.19335937          466.99432373 
        5111.06526691            0.50000000         6519.39404297        17834.19335937          470.99432373 
        5114.40110086            0.50000000         6484.39404297        17777.19335937          448.99432373 
        5117.77899722            0.50000000         6298.39404297        17544.19335937          447.99432373 
        5121.18310842            0.50000000         6131.39404297        17354.19335937          467.99432373 
        5124.60819017            0.50000000         6039.39404297        17053.19335937          461.99432373 
        5128.08645346            0.50000000         6108.39404297        17509.19335937          467.99432373 
        5131.61812249            0.50000000         5929.39404297        17032.19335937          463.99432373 
        5135.14971302            0.50000000         5796.39404297        16970.19335937          443.99432373 
        5138.71886720            0.50000000         5673.39404297        16718.19335937          450.99432373 
        5142.42810781            0.50000000         5693.39404297        16871.19335937          445.99432373 
        5145.99208379            0.50000000         5383.39404297        16268.19433594          422.99432373 
        5149.70193983            0.50000000         5322.39404297        16270.19433594          397.99432373 
        5153.42843777            0.50000000         5252.39404297        16152.19433594          404.99432373 
        5157.17706334            0.50000000         5144.39404297        16165.19433594          412.99432373 
        5161.03478849            0.50000000         5046.39404297        16026.19433594          411.99432373 
        5164.84983618            0.50000000         4867.39404297        15697.19433594          420.99432373 
        5168.74728178            0.50000000         4795.39404297        15704.19433594          424.99432373 
        5172.70568737            0.50000000         4665.39404297        15341.19433594          415.99432373 
        5176.54496650            0.50000000         4512.39404297        15087.19433594          414.99432373 
        5180.56015224            0.50000000         3631.39404297        12348.19433594          357.99432373 
        5184.54371529            0.50000000         4368.39404297        14934.19433594          409.99432373 
        5188.53393181            0.50000000         4223.39404297        14679.19433594          407.99432373 
        5192.70139770            0.50000000         4077.39404297        14296.19433594          392.99432373 
        5196.82652178            0.50000000         3951.39404297        14015.19433594          395.99432373 
        5200.93667411            0.50000000         3783.39404297        13582.19433594          387.99432373 
        5205.14238426            0.50000000         3579.39404297        12992.19433594          364.99432373 
        5208.92330839            0.50000000         3389.39404297        12333.19433594          347.99432373 
