# 1-D Scan File created by LabVIEW Control Panel  12/5/2011  10:20:49 PM; Scan time 0 hrs 4 min 28 sec. 
#
# Beamline 20 BM
#
# Scan config: 
#                 E0: 4966.00 eV   223 points
#        Scan bounds:  -100.00 -30.00 40.00 243.35 (7.99 (k))
#       Scan step(s):  5.00 0.50 0.07
#  Integration times:  0.50 0.50 0.50    kwgt in EXAFS region: 0.0 
#
# User Comment:
# 50oC
#
#
# Amplifier Sensitivities:
# Preslit: 20 nA/V  I0: 20 nA/V  I: 100 pA/V  IREF: 50 pA/V  
#
# Analog Input Voltages at start/end of scan:
# Preslit: 0.034/0.033  I0: 0.819/0.627  Ignore: 0.022/0.018  I: 0.952/1.060  IREF: 0.248/0.151  
#
# Mono Info:
# 
#
# ID Info:
# 
#
# Slit Info:
# Kappa S1:  Center is at -542 (H), 500 (V)   Size is 8000 wide x 2000 high
# Vacuum Slits:  Center is at 850 (H), -25 (V)   Size is 899 wide x 1000 high
#
# Motor Positions:
# SMV (20bm:m29): -37594.243125 SMH (20bm:m30): 4802.187500 
#
# Detector Names/PVs:
# I0/20bm:scaler1_netA.C  I/20bm:scaler1_netA.E  IREF/20bm:scaler1_netA.F  
#
# Positioner names/Drive PVs/Readback PVs:
# Mono Energy */20bm:monoE.VAL/20bm:EnctoE.VAL  Scaler preset time */20bm:scaler1.TP/  
# Here is a readable list of column headings:
#  1) Mono Energy *        
#  2) Scaler preset time * 
#  3) I0                   
#  4) I                    
#  5) IREF                 
#
# Column Headings:
#Mono Energy *        Scaler preset time * I0                   I                    IREF                 
        4865.42000357            0.50000000        36087.39453125        42509.19531250         6217.99414062 
        4870.47155359            0.50000000        35965.39453125        42778.19531250         6191.99414062 
        4875.48668751            0.50000000        35992.39453125        43226.19531250         6118.99414062 
        4880.56604969            0.50000000        35861.39453125        43334.19531250         6070.99414062 
        4885.61850968            0.50000000        35719.39453125        43553.19531250         5943.99414062 
        4890.61004554            0.50000000        35782.39453125        44107.19531250         5933.99414062 
        4895.69021608            0.50000000        35928.39453125        44739.19531250         5907.99414062 
        4900.80623469            0.50000000        35843.39453125        45127.19531250         5847.99414062 
        4905.83677353            0.50000000        35756.39453125        45395.19531250         5830.99414062 
        4910.84455000            0.50000000        35752.39453125        45825.19531250         5847.99414062 
        4915.86355258            0.50000000        35380.39453125        45889.19531250         5641.99414062 
        4920.88892378            0.50000000        35571.39453125        46610.19531250         5701.99414062 
        4925.92557222            0.50000000        35445.39453125        47080.19531250         5620.99414062 
        4930.94403889            0.50000000        35439.39453125        47607.19531250         5626.99414062 
        4936.00328570            0.50000000        35398.39453125        48128.19531250         5642.99414062 
        4936.50589362            0.50000000        35481.39453125        48287.19531250         5634.99414062 
        4936.98889706            0.50000000        35495.39453125        48414.19531250         5650.99414062 
        4937.48186446            0.50000000        35536.39453125        48474.19531250         5672.99414062 
        4937.96014590            0.50000000        35345.39453125        48309.19531250         5602.99414062 
        4938.46812288            0.50000000        35456.39453125        48440.19531250         5660.99414062 
        4938.98608135            0.50000000        35530.39453125        48691.19531250         5625.99414062 
        4939.48442038            0.50000000        35421.39453125        48626.19531250         5572.99414062 
        4940.03716278            0.50000000        35434.39453125        48624.19531250         5598.99414062 
        4940.50117619            0.50000000        35470.39453125        48757.19531250         5608.99414062 
        4941.01960193            0.50000000        35534.39453125        48938.19531250         5594.99414062 
        4941.48875650            0.50000000        35244.39453125        48613.19531250         5542.99414062 
        4941.98764892            0.50000000        35342.39453125        48743.19531250         5507.99414062 
        4942.46688710            0.50000000        35506.39453125        49066.19531250         5621.99414062 
        4943.01047626            0.50000000        35312.39453125        48840.19531250         5565.99414062 
        4943.49981850            0.50000000        35362.39453125        48892.19531250         5619.99414062 
        4944.06343495            0.50000000        35480.39453125        49185.19531250         5617.99414062 
        4944.50354916            0.50000000        35283.39453125        48937.19531250         5535.99414062 
        4945.03278883            0.50000000        35339.39453125        49060.19531250         5573.99414062 
        4945.50277852            0.50000000        35168.39453125        48876.19531250         5514.99414062 
        4946.00750796            0.50000000        35243.39453125        49098.19531250         5563.99414062 
        4946.46780078            0.50000000        35395.39453125        49283.19531250         5601.99414062 
        4947.02720757            0.50000000        35371.39453125        49462.19531250         5627.99414062 
        4947.51742121            0.50000000        35336.39453125        49467.19531250         5647.99414062 
        4948.09690178            0.50000000        35421.39453125        49620.19531250         5627.99414062 
        4948.51303078            0.50000000        35285.39453125        49549.19531250         5654.99414062 
        4949.05312196            0.50000000        35251.39453125        49541.19531250         5590.99414062 
        4949.51899234            0.50000000        35337.39453125        49626.19531250         5585.99414062 
        4950.03453532            0.50000000        35261.39453125        49625.19531250         5592.99414062 
        4950.48077320            0.50000000        35336.39453125        49781.19531250         5620.99414062 
        4951.05109426            0.50000000        35460.39453125        50043.19531250         5643.99414062 
        4951.52233757            0.50000000        35364.39453125        49985.19531250         5612.99414062 
        4952.12269497            0.50000000        35456.39453125        50166.19531250         5668.99414062 
        4952.51971302            0.50000000        35425.39453125        50134.19531250         5635.99414062 
        4953.06572664            0.50000000        35365.39453125        50123.19531250         5601.99414062 
        4953.52745918            0.50000000        35470.39453125        50317.19531250         5641.99414062 
        4954.04391687            0.50000000        35358.39453125        50310.19531250         5617.99414062 
        4954.48101163            0.50000000        35346.39453125        50307.19531250         5635.99414062 
        4955.05234229            0.50000000        35440.39453125        50485.19531250         5654.99414062 
        4955.52441990            0.50000000        35291.39453125        50345.19531250         5612.99414062 
        4956.12086923            0.50000000        35440.39453125        50627.19531250         5644.99414062 
        4956.52853334            0.50000000        35177.39453125        50281.19531250         5537.99414062 
        4957.07551513            0.50000000        35265.39453125        50535.19531250         5580.99414062 
        4957.53309229            0.50000000        35255.39453125        50513.19531250         5596.99414062 
        4958.06539075            0.50000000        35319.39453125        50679.19531250         5566.99414062 
        4958.48833385            0.50000000        35283.39453125        50653.19531250         5573.99414062 
        4959.05569919            0.50000000        35317.39453125        50744.19531250         5575.99414062 
        4959.53359076            0.50000000        35165.39453125        50659.19531250         5554.99414062 
        4960.11615743            0.50000000        35287.39453125        50915.19531250         5606.99414062 
        4960.52952205            0.50000000        35192.39453125        50804.19531250         5540.99414062 
        4961.06750699            0.50000000        35481.39453125        51239.19531250         5635.99414062 
        4961.52589120            0.50000000        35086.39453125        50787.19531250         5506.99414062 
        4962.05912858            0.50000000        35448.39453125        51350.19531250         5624.99414062 
        4962.47783274            0.50000000        35153.39453125        51055.19531250         5500.99414062 
        4963.05617039            0.50000000        35459.39453125        51415.19531250         5589.99414062 
        4963.53490622            0.50000000        35054.39453125        50989.19531250         5431.99414062 
        4964.12847948            0.50000000        35174.39453125        51208.19531250         5417.99414062 
        4964.52261813            0.50000000        35051.39453125        51135.19531250         5305.99414062 
        4965.06654213            0.50000000        35229.39453125        51382.19531250         5247.99414062 
        4965.52074371            0.50000000        35071.39453125        51259.19531250         4950.99414062 
        4966.05492125            0.50000000        35188.39453125        51416.19531250         4241.99414062 
        4966.47436369            0.50000000        35014.39453125        51209.19531250         3400.99438477 
        4967.05372121            0.50000000        35138.39453125        51318.19531250         3022.99438477 
        4967.52330907            0.50000000        34939.39453125        50961.19531250         3233.99438477 
        4968.11792666            0.50000000        35158.39453125        51148.19531250         3630.99438477 
        4968.50776052            0.50000000        34971.39453125        50811.19531250         3730.99438477 
        4969.05763999            0.50000000        35165.39453125        50762.19531250         3674.99438477 
        4969.51264093            0.50000000        35014.39453125        50406.19531250         3548.99438477 
        4970.04775867            0.50000000        35084.39453125        50274.19531250         3380.99438477 
        4970.45793423            0.50000000        35001.39453125        50036.19531250         3235.99438477 
        4971.04331298            0.50000000        35104.39453125        50040.19531250         3127.99438477 
        4971.50872165            0.50000000        34980.39453125        50174.19531250         3085.99438477 
        4972.10938986            0.50000000        35114.39453125        50580.19531250         3066.99438477 
        4972.49990934            0.50000000        34955.39453125        50492.19531250         3012.99438477 
        4973.05075600            0.50000000        35062.39453125        50480.19531250         2933.99438477 
        4973.50154804            0.50000000        34952.39453125        50250.19531250         2780.99438477 
        4974.04261649            0.50000000        35043.39453125        49842.19531250         2616.99438477 
        4974.45351374            0.50000000        34965.39453125        49175.19531250         2456.99438477 
        4975.04493522            0.50000000        35035.39453125        48016.19531250         2319.99438477 
        4975.50615022            0.50000000        34930.39453125        46902.19531250         2219.99438477 
        4976.10286056            0.50000000        35202.39453125        46118.19531250         2126.99438477 
        4976.49908245            0.50000000        34910.39453125        45121.19531250         2008.99438477 
        4977.04086456            0.50000000        35261.39453125        45016.19531250         1962.99438477 
        4977.50750255            0.50000000        34869.39453125        44115.19531250         1845.99438477 
        4978.03948622            0.50000000        35182.39453125        44037.19531250         1831.99438477 
        4978.45110608            0.50000000        34834.39453125        43347.19531250         1746.99438477 
        4979.03352475            0.50000000        35097.39453125        43365.19531250         1722.99438477 
        4979.51061657            0.50000000        34922.39453125        42858.19531250         1659.99438477 
        4980.10335407            0.50000000        35116.39453125        42806.19531250         1645.99438477 
        4980.50027305            0.50000000        34900.39453125        42127.19531250         1586.99438477 
        4981.04803436            0.50000000        34924.39453125        41697.19531250         1561.99438477 
        4981.50544060            0.50000000        34977.39453125        41184.19531250         1555.99438477 
        4982.03835931            0.50000000        34914.39453125        40099.19531250         1504.99438477 
        4982.45070271            0.50000000        34937.39453125        39117.19531250         1479.99438477 
        4983.02911495            0.50000000        35174.39453125        37883.19531250         1465.99438477 
        4983.50201315            0.50000000        34971.39453125        36428.19531250         1423.99438477 
        4984.08069233            0.50000000        35127.39453125        34993.19531250         1428.99438477 
        4984.49340549            0.50000000        35051.39453125        33732.19531250         1404.99438477 
        4985.03205823            0.50000000        35053.39453125        32423.19335937         1398.99438477 
        4985.49530069            0.50000000        35012.39453125        31565.19335937         1382.99438477 
        4986.01404252            0.50000000        35002.39453125        30847.19335937         1346.99438477 
        4986.44725719            0.50000000        35041.39453125        30547.19335937         1356.99438477 
        4987.02668450            0.50000000        34984.39453125        30136.19335937         1342.99438477 
        4987.50041271            0.50000000        34948.39453125        30062.19335937         1336.99438477 
        4988.08514911            0.50000000        35083.39453125        30361.19335937         1387.99438477 
        4988.49354531            0.50000000        34914.39453125        30481.19335937         1370.99438477 
        4989.03314373            0.50000000        35017.39453125        31131.19335937         1404.99438477 
        4989.49719956            0.50000000        34868.39453125        31579.19335937         1368.99438477 
        4990.00676083            0.50000000        34804.39453125        32183.19335937         1342.99438477 
        4990.45082776            0.50000000        34886.39453125        32973.19531250         1396.99438477 
        4991.02117678            0.50000000        34892.39453125        33742.19531250         1390.99438477 
        4991.49573500            0.50000000        34775.39453125        34227.19531250         1374.99438477 
        4992.06129486            0.50000000        34852.39453125        35025.19531250         1428.99438477 
        4992.48555669            0.50000000        34737.39453125        35308.19531250         1423.99438477 
        4993.02104723            0.50000000        34731.39453125        35693.19531250         1408.99438477 
        4993.49096780            0.50000000        34781.39453125        35971.19531250         1429.99438477 
        4993.98120303            0.50000000        34700.39453125        36012.19531250         1425.99438477 
        4994.45637673            0.50000000        34754.39453125        36127.19531250         1429.99438477 
        4994.99738622            0.50000000        34915.39453125        36345.19531250         1406.99438477 
        4995.48288695            0.50000000        34770.39453125        36100.19531250         1409.99438477 
        4996.04437576            0.50000000        34697.39453125        35912.19531250         1382.99438477 
        4996.50479832            0.50000000        34846.39453125        35871.19531250         1365.99438477 
        4997.01086415            0.50000000        34825.39453125        35638.19531250         1371.99438477 
        4997.49173046            0.50000000        34736.39453125        35278.19531250         1339.99438477 
        4997.95750792            0.50000000        34808.39453125        35058.19531250         1341.99438477 
        4998.46895983            0.50000000        34704.39453125        34597.19531250         1307.99438477 
        4998.98559172            0.50000000        34608.39453125        34272.19531250         1308.99438477 
        4999.48207348            0.50000000        34757.39453125        34160.19531250         1276.99438477 
        5000.02427357            0.50000000        34817.39453125        34018.19531250         1282.99438477 
        5000.51084284            0.50000000        34678.39453125        33813.19531250         1259.99438477 
        5000.99751560            0.50000000        34597.39453125        33741.19531250         1249.99438477 
        5001.48936300            0.50000000        34834.39453125        34049.19531250         1263.99438477 
        5001.95595513            0.50000000        34738.39453125        34156.19531250         1243.99438477 
        5002.47337499            0.50000000        34715.39453125        34265.19531250         1250.99438477 
        5002.95539085            0.50000000        34503.39453125        34259.19531250         1225.99438477 
        5003.48826331            0.50000000        34742.39453125        34937.19531250         1256.99438477 
        5003.99587620            0.50000000        34460.39453125        34916.19531250         1239.99438477 
        5004.52391298            0.50000000        34517.39453125        35375.19531250         1237.99438477 
        5004.97080844            0.50000000        34460.39453125        35753.19531250         1212.99438477 
        5005.49399002            0.50000000        34701.39453125        36379.19531250         1246.99438477 
        5005.94107478            0.50000000        34454.39453125        36553.19531250         1228.99438477 
        5007.61841992            0.50000000        34544.39453125        38145.19531250         1273.99438477 
        5009.41911942            0.50000000        34576.39453125        39188.19531250         1307.99438477 
        5011.22123402            0.50000000        34296.39453125        39524.19531250         1325.99438477 
        5013.04515232            0.50000000        34291.39453125        39742.19531250         1337.99438477 
        5014.85521879            0.50000000        34204.39453125        39581.19531250         1342.99438477 
        5016.81986279            0.50000000        34261.39453125        39608.19531250         1375.99438477 
        5018.76575043            0.50000000        34097.39453125        39711.19531250         1358.99438477 
        5020.80533741            0.50000000        34162.39453125        40293.19531250         1379.99438477 
        5022.79555011            0.50000000        34120.39453125        40710.19531250         1350.99438477 
        5024.88994585            0.50000000        33919.39453125        40941.19531250         1345.99438477 
        5026.92984435            0.50000000        33965.39453125        41152.19531250         1342.99438477 
        5029.07419758            0.50000000        33756.39453125        40869.19531250         1308.99438477 
        5031.22054848            0.50000000        33897.39453125        41046.19531250         1315.99438477 
        5033.48716857            0.50000000        33910.39453125        40841.19531250         1291.99438477 
        5035.76116572            0.50000000        33737.39453125        40070.19531250         1203.99438477 
        5038.03225354            0.50000000        33688.39453125        39587.19531250         1156.99438477 
        5040.28494769            0.50000000        33477.39453125        39203.19531250         1130.99438477 
        5042.66890571            0.50000000        33559.39453125        39471.19531250         1134.99438477 
        5045.13801574            0.50000000        33477.39453125        39810.19531250         1135.99438477 
        5047.47525008            0.50000000        33309.39453125        39944.19531250         1111.99438477 
        5050.00646790            0.50000000        33311.39453125        40290.19531250         1166.99438477 
        5052.44713106            0.50000000        33023.39453125        40158.19531250         1166.99438477 
        5054.97341079            0.50000000        32985.39453125        40373.19531250         1189.99438477 
        5057.60117126            0.50000000        32929.39453125        40684.19531250         1221.99438477 
        5060.19029601            0.50000000        32782.39453125        41016.19531250         1206.99438477 
        5062.80835111            0.50000000        32729.39453125        41321.19531250         1247.99438477 
        5065.58577693            0.50000000        32654.39453125        41585.19531250         1255.99438477 
        5068.29344319            0.50000000        32639.39453125        41942.19531250         1258.99438477 
        5071.09833948            0.50000000        32200.39453125        41721.19531250         1252.99438477 
        5073.99034596            0.50000000        32418.39453125        42546.19531250         1270.99438477 
        5076.80211933            0.50000000        32216.39453125        42712.19531250         1242.99438477 
        5079.70122039            0.50000000        31814.39453125        42523.19531250         1197.99438477 
        5082.74049405            0.50000000        31908.39453125        43113.19531250         1180.99438477 
        5085.75743448            0.50000000        31654.39453125        43200.19531250         1120.99438477 
        5088.74141484            0.50000000        31743.39453125        43720.19531250         1114.99438477 
        5091.87158198            0.50000000        31573.39453125        43809.19531250         1101.99438477 
        5095.00066454            0.50000000        31322.39453125        43789.19531250         1076.99438477 
        5098.10221321            0.50000000        31277.39453125        44096.19531250         1126.99438477 
        5101.27670129            0.50000000        31033.39453125        44241.19531250         1157.99438477 
        5104.55622754            0.50000000        30826.39453125        44498.19531250         1178.99438477 
        5107.82972760            0.50000000        30705.39453125        44765.19531250         1233.99438477 
        5111.10248294            0.50000000        30781.39453125        45206.19531250         1233.99438477 
        5114.43836976            0.50000000        30639.39453125        45398.19531250         1258.99438477 
        5117.80565608            0.50000000        30351.39453125        45182.19531250         1244.99438477 
        5121.20980586            0.50000000        29948.39453125        44681.19531250         1224.99438477 
        5124.64562106            0.50000000        29780.39453125        44867.19531250         1245.99438477 
        5128.11858442            0.50000000        30098.39453125        45788.19531250         1284.99438477 
        5131.63957517            0.50000000        29756.39453125        45736.19531250         1265.99438477 
        5135.16045539            0.50000000        29577.39453125        45905.19531250         1266.99438477 
        5138.75114318            0.50000000        29383.39453125        45959.19531250         1242.99438477 
        5142.44965885            0.50000000        29436.39453125        46530.19531250         1260.99438477 
        5146.01366731            0.50000000        28794.39453125        45958.19531250         1199.99438477 
        5149.73436592            0.50000000        28792.39453125        46544.19531250         1199.99438477 
        5153.45550198            0.50000000        28833.39453125        47102.19531250         1214.99438477 
        5157.20417034            0.50000000        28438.39453125        47058.19531250         1204.99438477 
        5161.06736981            0.50000000        28245.39453125        47425.19531250         1230.99438477 
        5164.87703085            0.50000000        27883.39453125        47431.19531250         1248.99438477 
        5168.76362530            0.50000000        27784.39453125        47927.19531250         1281.99438477 
        5172.71660116            0.50000000        27532.39453125        48151.19531250         1307.99438477 
        5176.56682932            0.50000000        27047.39453125        47906.19531250         1329.99438477 
        5180.57110204            0.50000000        22767.39453125        41070.19531250         1182.99438477 
        5184.56016742            0.50000000        27248.39453125        49200.19531250         1397.99438477 
        5188.55590467            0.50000000        26824.39453125        49171.19531250         1384.99438477 
        5192.71240326            0.50000000        26401.39453125        48972.19531250         1378.99438477 
        5196.84305860            0.50000000        25886.39453125        48616.19531250         1369.99438477 
        5200.95323931            0.50000000        25538.39453125        48421.19531250         1360.99438477 
        5205.15344710            0.50000000        25088.39453125        48348.19531250         1366.99438477 
        5208.92884851            0.50000000        24297.39453125        47512.19531250         1317.99438477 
