# 1-D Scan File created by LabVIEW Control Panel  12/6/2011  7:08:02 AM; Scan time 0 hrs 4 min 28 sec. 
#
# Beamline 20 BM
#
# Scan config: 
#                 E0: 4966.00 eV   223 points
#        Scan bounds:  -100.00 -30.00 40.00 243.35 (7.99 (k))
#       Scan step(s):  5.00 0.50 0.07
#  Integration times:  0.50 0.50 0.50    kwgt in EXAFS region: 0.0 
#
# User Comment:
# 50oC
#
#
# Amplifier Sensitivities:
# Preslit: 20 nA/V  I0: 20 nA/V  I: 100 pA/V  IREF: 50 pA/V  
#
# Analog Input Voltages at start/end of scan:
# Preslit: 0.033/0.031  I0: 0.304/0.154  Ignore: 0.008/0.004  I: 0.594/0.300  IREF: 0.193/0.131  
#
# Mono Info:
# 
#
# ID Info:
# 
#
# Slit Info:
# Kappa S1:  Center is at -542 (H), 500 (V)   Size is 8000 wide x 2000 high
# Vacuum Slits:  Center is at 850 (H), -25 (V)   Size is 899 wide x 1000 high
#
# Motor Positions:
# SMV (20bm:m29): -37594.243125 SMH (20bm:m30): 4802.187500 
#
# Detector Names/PVs:
# I0/20bm:scaler1_netA.C  I/20bm:scaler1_netA.E  IREF/20bm:scaler1_netA.F  
#
# Positioner names/Drive PVs/Readback PVs:
# Mono Energy */20bm:monoE.VAL/20bm:EnctoE.VAL  Scaler preset time */20bm:scaler1.TP/  
# Here is a readable list of column headings:
#  1) Mono Energy *        
#  2) Scaler preset time * 
#  3) I0                   
#  4) I                    
#  5) IREF                 
#
# Column Headings:
#Mono Energy *        Scaler preset time * I0                   I                    IREF                 
        4865.38658797            0.50000000        10128.39355469        24773.19335937         3437.99438477 
        4870.45719986            0.50000000         9932.39355469        24336.19335937         3361.99438477 
        4875.46750590            0.50000000         9799.39355469        24229.19335937         3238.99438477 
        4880.54201781            0.50000000         9604.39355469        23987.19335937         3155.99438477 
        4885.59924042            0.50000000         9416.39355469        23720.19335937         3044.99438477 
        4890.59073303            0.50000000         9331.39355469        23688.19335937         2977.99438477 
        4895.66602039            0.50000000         9227.39355469        23578.19335937         2945.99438477 
        4900.77713326            0.50000000         9107.39355469        23558.19335937         2894.99438477 
        4905.80760651            0.50000000         8941.39355469        23311.19335937         2841.99438477 
        4910.80557360            0.50000000         8835.39355469        23247.19335937         2783.99438477 
        4915.82448876            0.50000000         8643.39355469        22990.19335937         2695.99438477 
        4920.84977234            0.50000000         8583.39355469        22997.19335937         2676.99438477 
        4925.88142801            0.50000000         8440.39355469        22878.19335937         2633.99438477 
        4930.88504862            0.50000000         8319.39355469        22770.19335937         2599.99438477 
        4935.96387021            0.50000000         8193.39355469        22648.19335937         2551.99438477 
        4936.47632534            0.50000000         8265.39355469        22992.19335937         2587.99438477 
        4936.93960625            0.50000000         8279.39355469        23049.19335937         2609.99438477 
        4937.43749298            0.50000000         8271.39355469        22989.19335937         2605.99438477 
        4937.91576500            0.50000000         8145.39404297        22675.19335937         2567.99438477 
        4938.43359654            0.50000000         8222.39355469        22867.19335937         2571.99438477 
        4938.93674684            0.50000000         8198.39355469        22839.19335937         2554.99438477 
        4939.44000946            0.50000000         8157.39404297        22838.19335937         2581.99438477 
        4939.98286958            0.50000000         8160.39404297        22759.19335937         2542.99438477 
        4940.46661871            0.50000000         8203.39355469        22916.19335937         2554.99438477 
        4940.97516077            0.50000000         8163.39404297        22929.19335937         2577.99438477 
        4941.44430609            0.50000000         8088.39404297        22692.19335937         2549.99438477 
        4941.93824871            0.50000000         8092.39404297        22736.19335937         2566.99438477 
        4942.43229949            0.50000000         8189.39404297        23005.19335937         2583.99438477 
        4942.97093809            0.50000000         8097.39404297        22834.19335937         2535.99438477 
        4943.45532845            0.50000000         8096.39404297        22798.19335937         2529.99438477 
        4944.01893380            0.50000000         8143.39404297        22953.19335937         2548.99438477 
        4944.46398482            0.50000000         8046.39404297        22711.19335937         2514.99438477 
        4944.99321522            0.50000000         8043.39404297        22700.19335937         2527.99438477 
        4945.46319667            0.50000000         8005.39404297        22654.19335937         2510.99438477 
        4945.95801969            0.50000000         8008.39404297        22674.19335937         2493.99438477 
        4946.42820201            0.50000000         8092.39404297        22861.19335937         2505.99438477 
        4946.98264797            0.50000000         8021.39404297        22774.19335937         2485.99438477 
        4947.46789985            0.50000000         8009.39404297        22709.19335937         2526.99438477 
        4948.04241437            0.50000000         8024.39404297        22796.19335937         2544.99438477 
        4948.46844186            0.50000000         7983.39404297        22738.19335937         2526.99438477 
        4949.00852239            0.50000000         7947.39404297        22685.19335937         2527.99438477 
        4949.46942710            0.50000000         7983.39404297        22846.19335937         2532.99438477 
        4949.98000117            0.50000000         7919.39404297        22651.19335937         2508.99438477 
        4950.43614545            0.50000000         7956.39404297        22772.19335937         2500.99438477 
        4951.00645525            0.50000000         8043.39404297        23036.19335937         2542.99438477 
        4951.47768926            0.50000000         7959.39404297        22751.19335937         2511.99438477 
        4952.06811044            0.50000000         7990.39404297        22906.19335937         2552.99438477 
        4952.47008195            0.50000000         7967.39404297        22852.19335937         2542.99438477 
        4953.02601211            0.50000000         7965.39404297        22854.19335937         2530.99438477 
        4953.47780599            0.50000000         8021.39404297        23095.19335937         2518.99438477 
        4953.98928596            0.50000000         7946.39404297        22941.19335937         2524.99438477 
        4954.43630488            0.50000000         8003.39404297        23008.19335937         2519.99438477 
        4955.01259288            0.50000000         7999.39404297        23099.19335937         2553.99438477 
        4955.47969254            0.50000000         7871.39404297        22786.19335937         2484.99438477 
        4956.07613008            0.50000000         7976.39404297        23070.19335937         2526.99438477 
        4956.47881427            0.50000000         7861.39404297        22785.19335937         2477.99438477 
        4957.03075711            0.50000000         7905.39404297        22913.19335937         2515.99438477 
        4957.48832523            0.50000000         7904.39404297        22872.19335937         2492.99438477 
        4958.01563793            0.50000000         7890.39404297        22943.19335937         2495.99438477 
        4958.44852407            0.50000000         7862.39404297        22778.19335937         2490.99438477 
        4959.02085687            0.50000000         7906.39404297        23027.19335937         2520.99438477 
        4959.48878414            0.50000000         7814.39404297        22741.19335937         2463.99438477 
        4960.07631904            0.50000000         7873.39404297        22996.19335937         2493.99438477 
        4960.48469573            0.50000000         7779.39404297        22727.19335937         2436.99438477 
        4961.02765187            0.50000000         7938.39404297        23153.19335937         2501.99438477 
        4961.48104517            0.50000000         7726.39404297        22573.19335937         2434.99438477 
        4962.01925603            0.50000000         7933.39404297        23222.19335937         2469.99438477 
        4962.43795282            0.50000000         7737.39404297        22705.19335937         2431.99438477 
        4963.02126652            0.50000000         7930.39404297        23227.19335937         2453.99438477 
        4963.49002044            0.50000000         7703.39404297        22592.19335937         2384.99438477 
        4964.09355911            0.50000000         7787.39404297        22862.19335937         2357.99438477 
        4964.47771280            0.50000000         7712.39404297        22742.19335937         2348.99438477 
        4965.03160731            0.50000000         7811.39404297        22974.19335937         2301.99438477 
        4965.48081026            0.50000000         7700.39404297        22765.19335937         2166.99438477 
        4966.01997121            0.50000000         7798.39404297        22925.19335937         1897.99438477 
        4966.42941972            0.50000000         7682.39404297        22736.19335937         1525.99438477 
        4967.01376077            0.50000000         7758.39404297        22848.19335937         1325.99438477 
        4967.47834432            0.50000000         7635.39404297        22536.19335937         1366.99438477 
        4968.07794749            0.50000000         7753.39404297        22762.19335937         1581.99438477 
        4968.46277628            0.50000000         7644.39404297        22344.19335937         1611.99438477 
        4969.02264369            0.50000000         7697.39404297        22321.19335937         1606.99438477 
        4969.46763678            0.50000000         7637.39404297        22212.19335937         1529.99438477 
        4970.00774550            0.50000000         7655.39404297        21922.19335937         1469.99438477 
        4970.41791384            0.50000000         7616.39404297        21415.19335937         1375.99438477 
        4971.01328989            0.50000000         7636.39404297        21032.19335937         1319.99438477 
        4971.47368758            0.50000000         7588.39404297        20978.19335937         1276.99438477 
        4972.07434652            0.50000000         7662.39404297        21438.19335937         1279.99438477 
        4972.46485998            0.50000000         7599.39404297        21600.19335937         1263.99438477 
        4973.01569815            0.50000000         7651.39404297        22067.19335937         1259.99438477 
        4973.46648323            0.50000000         7560.39404297        21843.19335937         1193.99438477 
        4974.00253293            0.50000000         7610.39404297        21865.19335937         1131.99438477 
        4974.41342293            0.50000000         7540.39404297        21717.19335937         1062.99438477 
        4975.00984661            0.50000000         7575.39404297        21797.19335937         1020.99432373 
        4975.47105449            0.50000000         7494.39404297        21675.19335937          958.99432373 
        4976.06274067            0.50000000         7629.39404297        21958.19335937          957.99432373 
        4976.44892396            0.50000000         7467.39404297        21367.19335937          895.99432373 
        4977.01076217            0.50000000         7590.39404297        21400.19335937          852.99432373 
        4977.45732183            0.50000000         7487.39404297        20742.19335937          806.99432373 
        4977.98929377            0.50000000         7601.39404297        20679.19335937          790.99432373 
        4978.40592465            0.50000000         7455.39404297        20047.19335937          765.99432373 
        4978.99335316            0.50000000         7519.39404297        19927.19335937          732.99432373 
        4979.46541411            0.50000000         7446.39404297        19414.19335937          714.99432373 
        4980.05813984            0.50000000         7536.39404297        19112.19335937          700.99432373 
        4980.45505094            0.50000000         7397.39404297        18359.19335937          653.99432373 
        4981.01285307            0.50000000         7391.39404297        17810.19335937          652.99432373 
        4981.46522538            0.50000000         7425.39404297        17559.19335937          625.99432373 
        4981.99310665            0.50000000         7365.39404297        17064.19335937          605.99432373 
        4982.40544186            0.50000000         7399.39404297        16877.19335937          614.99432373 
        4982.98887282            0.50000000         7428.39404297        16616.19335937          613.99432373 
        4983.46176268            0.50000000         7344.39404297        16237.19433594          580.99432373 
        4984.03036657            0.50000000         7407.39404297        16132.19433594          590.99432373 
        4984.45313750            0.50000000         7364.39404297        15818.19433594          564.99432373 
        4984.99178073            0.50000000         7327.39404297        15543.19433594          578.99432373 
        4985.45501500            0.50000000         7358.39404297        15326.19433594          567.99432373 
        4985.96871086            0.50000000         7291.39404297        14928.19433594          557.99432373 
        4986.41199245            0.50000000         7313.39404297        14703.19433594          556.99432373 
        4986.98637175            0.50000000         7269.39404297        14367.19433594          573.99432373 
        4987.45505149            0.50000000         7257.39404297        14058.19433594          554.99432373 
        4988.03977627            0.50000000         7290.39404297        13844.19433594          564.99432373 
        4988.45824893            0.50000000         7224.39404297        13475.19433594          554.99432373 
        4988.99279551            0.50000000         7266.39404297        13267.19433594          526.99432373 
        4989.45684313            0.50000000         7167.39404297        12853.19433594          526.99432373 
        4989.95630414            0.50000000         7178.39404297        12747.19433594          531.99432373 
        4990.41045447            0.50000000         7211.39404297        12829.19433594          533.99432373 
        4990.98079340            0.50000000         7181.39404297        12959.19433594          522.99432373 
        4991.45029430            0.50000000         7126.39404297        13124.19433594          536.99432373 
        4992.00574260            0.50000000         7127.39404297        13511.19433594          533.99432373 
        4992.45019853            0.50000000         7140.39404297        13814.19433594          525.99432373 
        4992.98062847            0.50000000         7072.39404297        14054.19433594          547.99432373 
        4993.44548739            0.50000000         7134.39404297        14386.19433594          550.99432373 
        4993.93065845            0.50000000         7028.39404297        14325.19433594          548.99432373 
        4994.41593257            0.50000000         7124.39404297        14605.19433594          555.99432373 
        4994.94681916            0.50000000         7119.39404297        14681.19433594          557.99432373 
        4995.43736688            0.50000000         7072.39404297        14618.19433594          545.99432373 
        4995.98366762            0.50000000         6988.39404297        14476.19433594          541.99432373 
        4996.46937791            0.50000000         7078.39404297        14703.19433594          525.99432373 
        4996.96531364            0.50000000         7016.39404297        14549.19433594          521.99432373 
        4997.44617036            0.50000000         6944.39404297        14394.19433594          519.99432373 
        4997.90687534            0.50000000         6990.39404297        14391.19433594          522.99432373 
        4998.43857335            0.50000000         6954.39404297        14209.19433594          499.99432373 
        4998.94000186            0.50000000         6863.39404297        13937.19433594          481.99432373 
        4999.44154032            0.50000000         6981.39404297        14072.19433594          494.99432373 
        4999.98373080            0.50000000         6946.39404297        13831.19433594          467.99432373 
        5000.48042923            0.50000000         6917.39404297        13671.19433594          477.99432373 
        5000.95695558            0.50000000         6882.39404297        13460.19433594          453.99432373 
        5001.46400746            0.50000000         6986.39404297        13592.19433594          470.99432373 
        5001.92045021            0.50000000         6921.39404297        13424.19433594          461.99432373 
        5002.44800855            0.50000000         6903.39404297        13323.19433594          444.99432373 
        5002.91479613            0.50000000         6824.39404297        13213.19433594          449.99432373 
        5003.44765914            0.50000000         6894.39404297        13434.19433594          456.99432373 
        5003.96033963            0.50000000         6795.39404297        13290.19433594          439.99432373 
        5004.49852381            0.50000000         6829.39404297        13500.19433594          439.99432373 
        5004.94033552            0.50000000         6764.39404297        13483.19433594          443.99432373 
        5005.46859010            0.50000000         6869.39404297        13827.19433594          462.99432373 
        5005.90550802            0.50000000         6751.39404297        13705.19433594          444.99432373 
        5007.58791178            0.50000000         6724.39404297        14070.19433594          470.99432373 
        5009.39876463            0.50000000         6687.39404297        14384.19433594          478.99432373 
        5011.19577056            0.50000000         6570.39404297        14469.19433594          472.99432373 
        5013.01966861            0.50000000         6529.39404297        14718.19433594          481.99432373 
        5014.83481572            0.50000000         6460.39404297        14736.19433594          485.99432373 
        5016.80965250            0.50000000         6424.39404297        14862.19433594          505.99432373 
        5018.75042204            0.50000000         6341.39404297        14736.19433594          490.99432373 
        5020.78999541            0.50000000         6314.39404297        14803.19433594          491.99432373 
        5022.78019484            0.50000000         6259.39404297        14781.19433594          491.99432373 
        5024.87969967            0.50000000         6158.39404297        14655.19433594          485.99432373 
        5026.91958908            0.50000000         6102.39404297        14594.19433594          470.99432373 
        5029.06393276            0.50000000         5964.39404297        14256.19433594          448.99432373 
        5031.20513692            0.50000000         6012.39404297        14344.19433594          430.99432373 
        5033.47174186            0.50000000         5974.39404297        14309.19433594          422.99432373 
        5035.74572380            0.50000000         5860.39404297        14014.19433594          398.99432373 
        5038.01679641            0.50000000         5823.39404297        13939.19433594          380.99432373 
        5040.27979028            0.50000000         5701.39404297        13654.19433594          380.99432373 
        5042.66374297            0.50000000         5739.39404297        13701.19433594          379.99432373 
        5045.12767924            0.50000000         5662.39404297        13613.19433594          354.99432373 
        5047.45455623            0.50000000         5577.39404297        13504.19433594          372.99432373 
        5049.98575141            0.50000000         5562.39404297        13588.19433594          358.99432373 
        5052.43157729            0.50000000         5418.39404297        13379.19433594          370.99432373 
        5054.95264984            0.50000000         5384.39404297        13428.19433594          376.99432373 
        5057.57519068            0.50000000         5311.39404297        13277.19433594          381.99432373 
        5060.16428642            0.50000000         5267.39404297        13169.19433594          382.99432373 
        5062.79272772            0.50000000         5193.39404297        13077.19433594          381.99432373 
        5065.57013484            0.50000000         5160.39404297        13079.19433594          391.99432373 
        5068.26212267            0.50000000         5073.39404297        13033.19433594          392.99432373 
        5071.07743389            0.50000000         4889.39404297        12720.19433594          371.99432373 
        5073.96418151            0.50000000         4952.39404297        12939.19433594          372.99432373 
        5076.78640166            0.50000000         4806.39404297        12752.19433594          362.99432373 
        5079.67499175            0.50000000         4656.39404297        12489.19433594          339.99432373 
        5082.71948375            0.50000000         4612.39404297        12513.19433594          329.99432373 
        5085.73113767            0.50000000         4511.39404297        12381.19433594          311.99432373 
        5088.71508442            0.50000000         4503.39404297        12381.19433594          302.99432373 
        5091.85048939            0.50000000         4409.39404297        12303.19433594          290.99432373 
        5094.96898338            0.50000000         4281.39404297        12166.19433594          299.99432373 
        5098.07049004            0.50000000         4242.39404297        12164.19433594          302.99432373 
        5101.24493511            0.50000000         4139.39404297        12051.19433594          314.99432373 
        5104.51381344            0.50000000         4052.39404297        11949.19433594          323.99432373 
        5107.78725428            0.50000000         3985.39404297        11860.19433594          335.99432373 
        5111.07058345            0.50000000         3974.39404297        11902.19433594          332.99432373 
        5114.39577678            0.50000000         3921.39404297        11797.19433594          314.99432373 
        5117.77899722            0.50000000         3805.39404297        11657.19433594          341.99432373 
        5121.18310842            0.50000000         3683.39404297        11452.19433594          312.99432373 
        5124.60284295            0.50000000         3616.39404297        11245.19433594          315.99432373 
        5128.08109834            0.50000000         3677.39404297        11583.19433594          326.99432373 
        5131.61275934            0.50000000         3555.39404297        11280.19433594          315.99432373 
        5135.13897069            0.50000000         3468.39404297        11152.19433594          290.99432373 
        5138.71886720            0.50000000         3397.39404297        10985.19433594          306.99432373 
        5142.42810781            0.50000000         3380.39404297        10997.19433594          304.99432373 
        5145.98668794            0.50000000         3202.39404297        10624.19433594          278.99432373 
        5149.71274848            0.50000000         3166.39404297        10635.19433594          266.99432373 
        5153.42843777            0.50000000         3109.39404297        10492.19433594          256.99432373 
        5157.18248472            0.50000000         3058.39404297        10517.19433594          261.99432373 
        5161.03478849            0.50000000         2995.39404297        10403.19433594          269.99432373 
        5164.85527509            0.50000000         2897.39404297        10250.19433594          247.99432373 
        5168.74728178            0.50000000         2888.39404297        10328.19433594          262.99432373 
        5172.70568737            0.50000000         2781.39404297        10035.19433594          251.99432373 
        5176.55043219            0.50000000         2674.39404297         9853.19433594          269.99432373 
        5180.56562714            0.50000000         2145.39404297         7970.19433594          209.99432373 
        5184.55468336            0.50000000         2559.39404297         9576.19433594          253.99432373 
        5188.54491822            0.50000000         2467.39404297         9453.19433594          240.99432373 
        5192.71240326            0.50000000         2375.39404297         9163.19433594          241.99432373 
        5196.83754631            0.50000000         2263.39404297         8808.19433594          234.99432373 
        5200.95323931            0.50000000         2179.39404297         8586.19433594          237.99432373 
        5205.15897853            0.50000000         2067.39404297         8246.19433594          234.99432373 
        5208.93438865            0.50000000         1935.39404297         7744.19433594          205.99432373 
