# 1-D Scan File created by LabVIEW Control Panel  12/6/2011  5:17:33 AM; Scan time 0 hrs 4 min 28 sec. 
#
# Beamline 20 BM
#
# Scan config: 
#                 E0: 4966.00 eV   223 points
#        Scan bounds:  -100.00 -30.00 40.00 243.35 (7.99 (k))
#       Scan step(s):  5.00 0.50 0.07
#  Integration times:  0.50 0.50 0.50    kwgt in EXAFS region: 0.0 
#
# User Comment:
# 50oC
#
#
# Amplifier Sensitivities:
# Preslit: 20 nA/V  I0: 20 nA/V  I: 100 pA/V  IREF: 50 pA/V  
#
# Analog Input Voltages at start/end of scan:
# Preslit: 0.034/0.031  I0: 0.355/0.153  Ignore: 0.010/0.005  I: 0.672/0.328  IREF: 0.202/0.131  
#
# Mono Info:
# 
#
# ID Info:
# 
#
# Slit Info:
# Kappa S1:  Center is at -542 (H), 500 (V)   Size is 8000 wide x 2000 high
# Vacuum Slits:  Center is at 850 (H), -25 (V)   Size is 899 wide x 1000 high
#
# Motor Positions:
# SMV (20bm:m29): -37594.243125 SMH (20bm:m30): 4802.187500 
#
# Detector Names/PVs:
# I0/20bm:scaler1_netA.C  I/20bm:scaler1_netA.E  IREF/20bm:scaler1_netA.F  
#
# Positioner names/Drive PVs/Readback PVs:
# Mono Energy */20bm:monoE.VAL/20bm:EnctoE.VAL  Scaler preset time */20bm:scaler1.TP/  
# Here is a readable list of column headings:
#  1) Mono Energy *        
#  2) Scaler preset time * 
#  3) I0                   
#  4) I                    
#  5) IREF                 
#
# Column Headings:
#Mono Energy *        Scaler preset time * I0                   I                    IREF                 
        4865.38181436            0.50000000        12844.39355469        28507.19335937         3868.99438477 
        4870.45241530            0.50000000        12634.39355469        28203.19335937         3808.99438477 
        4875.46271053            0.50000000        12529.39355469        28211.19335937         3737.99438477 
        4880.54201781            0.50000000        12359.39355469        28174.19335937         3635.99438477 
        4885.58960585            0.50000000        12159.39355469        27850.19335937         3524.99438477 
        4890.57142068            0.50000000        12096.39355469        27988.19335937         3503.99438477 
        4895.66118128            0.50000000        11945.39355469        27879.19335937         3432.99438477 
        4900.77713326            0.50000000        11822.39355469        27933.19335937         3395.99438477 
        4905.80274538            0.50000000        11691.39355469        27739.19335937         3335.99438477 
        4910.81531763            0.50000000        11597.39355469        27896.19335937         3303.99438477 
        4915.82448876            0.50000000        11369.39355469        27588.19335937         3225.99438477 
        4920.85466623            0.50000000        11324.39355469        27805.19335937         3188.99438477 
        4925.88633288            0.50000000        11200.39355469        27781.19335937         3162.99438477 
        4930.89488023            0.50000000        11066.39355469        27774.19335937         3136.99438477 
        4935.96879711            0.50000000        10931.39355469        27745.19335937         3094.99438477 
        4936.48125336            0.50000000        11045.39355469        28132.19335937         3145.99438477 
        4936.94946433            0.50000000        11045.39355469        28045.19335937         3120.99438477 
        4937.45228338            0.50000000        11020.39355469        28124.19335937         3110.99438477 
        4937.92069616            0.50000000        10912.39355469        27919.19335937         3125.99438477 
        4938.43852885            0.50000000        10982.39355469        28002.19335937         3093.99438477 
        4938.95154708            0.50000000        10938.39355469        27898.19335937         3104.99438477 
        4939.44987848            0.50000000        10893.39355469        27913.19335937         3106.99438477 
        4939.99274098            0.50000000        10911.39355469        27874.19335937         3093.99438477 
        4940.47155546            0.50000000        10937.39355469        28065.19335937         3130.99438477 
        4940.98009864            0.50000000        10893.39355469        28021.19335937         3125.99438477 
        4941.44924499            0.50000000        10798.39355469        27785.19335937         3076.99438477 
        4941.94812866            0.50000000        10803.39355469        27858.19335937         3085.99438477 
        4942.43229949            0.50000000        10924.39355469        28152.19335937         3131.99438477 
        4942.97093809            0.50000000        10823.39355469        28053.19335937         3078.99438477 
        4943.46027175            0.50000000        10830.39355469        27951.19335937         3090.99438477 
        4944.02882287            0.50000000        10833.39355469        27997.19335937         3123.99438477 
        4944.47387584            0.50000000        10730.39355469        27831.19335937         3068.99438477 
        4945.00310856            0.50000000        10747.39355469        27783.19335937         3070.99438477 
        4945.46814437            0.50000000        10656.39355469        27681.19335937         3028.99438477 
        4945.96791726            0.50000000        10686.39355469        27727.19335937         3051.99438477 
        4946.43810164            0.50000000        10749.39355469        27843.19335937         3068.99438477 
        4946.99255003            0.50000000        10673.39355469        27836.19335937         3051.99438477 
        4947.47285194            0.50000000        10679.39355469        27805.19335937         3061.99438477 
        4948.05232107            0.50000000        10674.39355469        27893.19335937         3087.99438477 
        4948.47835043            0.50000000        10626.39355469        27854.19335937         3069.99438477 
        4949.01347785            0.50000000        10627.39355469        27853.19335937         3051.99438477 
        4949.48429656            0.50000000        10647.39355469        27961.19335937         3070.99438477 
        4949.98991638            0.50000000        10572.39355469        27748.19335937         3036.99438477 
        4950.44606265            0.50000000        10603.39355469        27842.19335937         3080.99438477 
        4951.01637495            0.50000000        10688.39355469        28106.19335937         3097.99438477 
        4951.48265014            0.50000000        10593.39355469        27885.19335937         3062.99438477 
        4952.07307262            0.50000000        10683.39355469        28114.19335937         3114.99438477 
        4952.48497116            0.50000000        10624.39355469        27984.19335937         3078.99438477 
        4953.03097639            0.50000000        10624.39355469        27975.19335937         3071.99438477 
        4953.48773654            0.50000000        10612.39355469        28044.19335937         3052.99438477 
        4953.99921876            0.50000000        10546.39355469        27987.19335937         3025.99438477 
        4954.44127225            0.50000000        10542.39355469        27905.19335937         3050.99438477 
        4955.01756152            0.50000000        10588.39355469        28113.19335937         3077.99438477 
        4955.48466220            0.50000000        10456.39355469        27780.19335937         3007.99438477 
        4956.08110105            0.50000000        10549.39355469        28087.19335937         3012.99438477 
        4956.48875800            0.50000000        10449.39355469        27781.19335937         2988.99438477 
        4957.03573018            0.50000000        10502.39355469        27936.19335937         3030.99438477 
        4957.48832523            0.50000000        10452.39355469        27827.19335937         3023.99438477 
        4958.02558841            0.50000000        10477.39355469        27978.19335937         3011.99438477 
        4958.45350026            0.50000000        10422.39355469        27765.19335937         2992.99438477 
        4959.02085687            0.50000000        10472.39355469        28040.19335937         3026.99438477 
        4959.49376261            0.50000000        10351.39355469        27711.19335937         2971.99438477 
        4960.08129880            0.50000000        10432.39355469        28033.19335937         2998.99438477 
        4960.48967639            0.50000000        10325.39355469        27760.19335937         2944.99438477 
        4961.03263372            0.50000000        10528.39355469        28255.19335937         3030.99438477 
        4961.48602802            0.50000000        10285.39355469        27694.19335937         2944.99438477 
        4962.02922410            0.50000000        10497.39355469        28226.19335937         2982.99438477 
        4962.44293777            0.50000000        10265.39355469        27674.19335937         2889.99438477 
        4963.02625276            0.50000000        10471.39355469        28187.19335937         2976.99438477 
        4963.49999498            0.50000000        10236.39355469        27651.19335937         2871.99438477 
        4964.09854770            0.50000000        10346.39355469        27964.19335937         2863.99438477 
        4964.48769169            0.50000000        10252.39355469        27812.19335937         2811.99438477 
        4965.03160731            0.50000000        10302.39355469        27811.19335937         2758.99438477 
        4965.48081026            0.50000000        10252.39355469        27871.19335937         2623.99438477 
        4966.02496404            0.50000000        10348.39355469        27988.19335937         2286.99438477 
        4966.43441345            0.50000000        10266.39355469        27854.19335937         1817.99438477 
        4967.02375081            0.50000000        10365.39355469        28083.19335937         1586.99438477 
        4967.48334036            0.50000000        10206.39355469        27792.19335937         1662.99438477 
        4968.08294485            0.50000000        10283.39355469        27761.19335937         1867.99438477 
        4968.47277270            0.50000000        10191.39355469        27474.19335937         1908.99438477 
        4969.02764313            0.50000000        10264.39355469        27508.19335937         1966.99438477 
        4969.47263719            0.50000000        10165.39355469        27385.19335937         1862.99438477 
        4970.01774873            0.50000000        10229.39355469        27252.19335937         1752.99438477 
        4970.42791887            0.50000000        10145.39355469        26680.19335937         1660.99438477 
        4971.01829371            0.50000000        10207.39355469        26273.19335937         1568.99438477 
        4971.47869241            0.50000000        10119.39355469        26149.19335937         1574.99438477 
        4972.08435884            0.50000000        10242.39355469        26669.19335937         1570.99438477 
        4972.46986700            0.50000000        10136.39355469        26827.19335937         1540.99438477 
        4973.02571462            0.50000000        10173.39355469        27144.19335937         1508.99438477 
        4973.47149245            0.50000000        10080.39355469        26997.19335937         1430.99438477 
        4974.00754334            0.50000000        10145.39355469        27012.19335937         1360.99438477 
        4974.42344557            0.50000000        10054.39355469        26797.19335937         1276.99438477 
        4975.01485923            0.50000000        10099.39355469        26769.19335937         1223.99438477 
        4975.47105449            0.50000000        10033.39355469        26625.19335937         1131.99438477 
        4976.06274067            0.50000000        10168.39355469        26702.19335937         1122.99438477 
        4976.45895557            0.50000000         9957.39355469        25866.19335937         1030.99438477 
        4977.01076217            0.50000000        10139.39355469        25848.19335937         1023.99432373 
        4977.46233985            0.50000000         9966.39355469        25067.19335937          956.99432373 
        4977.99431297            0.50000000        10093.39355469        24783.19335937          936.99432373 
        4978.41094477            0.50000000         9945.39355469        24185.19335937          886.99432373 
        4978.99837457            0.50000000         9975.39355469        23846.19335937          853.99432373 
        4979.46541411            0.50000000         9926.39355469        23369.19335937          826.99432373 
        4980.05813984            0.50000000         9989.39355469        22895.19335937          810.99432373 
        4980.46007558            0.50000000         9932.39355469        22235.19335937          772.99432373 
        4981.01285307            0.50000000         9904.39355469        21512.19335937          749.99432373 
        4981.46522538            0.50000000         9933.39355469        21219.19335937          733.99432373 
        4981.99310665            0.50000000         9867.39355469        20803.19335937          718.99432373 
        4982.41047080            0.50000000         9887.39355469        20579.19335937          705.99432373 
        4982.99893329            0.50000000         9922.39355469        20363.19335937          722.99432373 
        4983.46176268            0.50000000         9833.39355469        20006.19335937          691.99432373 
        4984.04043163            0.50000000         9850.39355469        19748.19335937          699.99432373 
        4984.45817096            0.50000000         9847.39355469        19543.19335937          671.99432373 
        4985.00185004            0.50000000         9826.39355469        19182.19335937          689.99432373 
        4985.45501500            0.50000000         9800.39355469        18743.19335937          667.99432373 
        4985.97374767            0.50000000         9749.39355469        18190.19335937          658.99432373 
        4986.41703024            0.50000000         9812.39355469        17926.19335937          687.99432373 
        4986.99141081            0.50000000         9761.39355469        17266.19335937          654.99432373 
        4987.46009158            0.50000000         9709.39355469        16841.19335937          655.99432373 
        4988.04481765            0.50000000         9754.39355469        16465.19335937          654.99432373 
        4988.46329124            0.50000000         9632.39355469        16030.19433594          632.99432373 
        4988.99783900            0.50000000         9694.39355469        15828.19433594          643.99432373 
        4989.46693217            0.50000000         9578.39355469        15524.19433594          621.99432373 
        4989.96639539            0.50000000         9585.39355469        15567.19433594          634.99432373 
        4990.41045447            0.50000000         9622.39355469        15749.19433594          630.99432373 
        4990.98584129            0.50000000         9596.39355469        16065.19433594          633.99432373 
        4991.46039215            0.50000000         9541.39355469        16395.19335937          622.99432373 
        4992.01584291            0.50000000         9550.39355469        16961.19335937          639.99432373 
        4992.45524966            0.50000000         9491.39355469        17249.19335937          648.99432373 
        4992.98568077            0.50000000         9497.39355469        17607.19335937          619.99432373 
        4993.45054073            0.50000000         9558.39355469        18020.19335937          647.99432373 
        4993.93571286            0.50000000         9470.39355469        18009.19335937          649.99432373 
        4994.42098805            0.50000000         9464.39355469        18101.19335937          637.99432373 
        4994.95693249            0.50000000         9538.39355469        18279.19335937          654.99432373 
        4995.44242462            0.50000000         9507.39355469        18274.19335937          637.99432373 
        4995.99884450            0.50000000         9367.39355469        18025.19335937          635.99432373 
        4996.47443794            0.50000000         9477.39355469        18179.19335937          639.99432373 
        4996.97037476            0.50000000         9440.39355469        18093.19335937          640.99432373 
        4997.45123255            0.50000000         9324.39355469        17797.19335937          617.99432373 
        4997.91700176            0.50000000         9387.39355469        17826.19335937          606.99432373 
        4998.43857335            0.50000000         9341.39355469        17535.19335937          621.99432373 
        4998.95013286            0.50000000         9235.39355469        17152.19335937          576.99432373 
        4999.44660692            0.50000000         9393.39355469        17238.19335937          586.99432373 
        4999.98373080            0.50000000         9329.39355469        16978.19335937          573.99432373 
        5000.48549814            0.50000000         9304.39355469        16727.19335937          568.99432373 
        5000.96709552            0.50000000         9241.39355469        16466.19335937          557.99432373 
        5001.46907854            0.50000000         9376.39355469        16528.19335937          577.99432373 
        5001.93059442            0.50000000         9296.39355469        16488.19335937          546.99432373 
        5002.45308181            0.50000000         9222.39355469        16333.19433594          533.99432373 
        5002.91987043            0.50000000         9189.39355469        16379.19433594          544.99432373 
        5003.45273462            0.50000000         9265.39355469        16640.19335937          569.99432373 
        5003.96541625            0.50000000         9093.39355469        16513.19335937          529.99432373 
        5004.49852381            0.50000000         9171.39355469        16833.19335937          528.99432373 
        5004.94033552            0.50000000         9128.39355469        16896.19335937          535.99432373 
        5005.46859010            0.50000000         9221.39355469        17248.19335937          546.99432373 
        5005.91058895            0.50000000         9066.39355469        17145.19335937          535.99432373 
        5007.59299644            0.50000000         9056.39355469        17709.19335937          560.99432373 
        5009.39876463            0.50000000         9042.39355469        18125.19335937          576.99432373 
        5011.19577056            0.50000000         8857.39355469        18202.19335937          574.99432373 
        5013.02476533            0.50000000         8804.39355469        18405.19335937          575.99432373 
        5014.83481572            0.50000000         8682.39355469        18398.19335937          573.99432373 
        5016.80965250            0.50000000         8680.39355469        18641.19335937          592.99432373 
        5018.75553150            0.50000000         8578.39355469        18595.19335937          585.99432373 
        5020.78999541            0.50000000         8533.39355469        18552.19335937          587.99432373 
        5022.78019484            0.50000000         8535.39355469        18618.19335937          593.99432373 
        5024.87457660            0.50000000         8390.39355469        18433.19335937          572.99432373 
        5026.91958908            0.50000000         8347.39355469        18438.19335937          569.99432373 
        5029.06393276            0.50000000         8178.39404297        18058.19335937          531.99432373 
        5031.19999976            0.50000000         8225.39355469        18187.19335937          532.99432373 
        5033.47688409            0.50000000         8194.39355469        18114.19335937          520.99432373 
        5035.74057651            0.50000000         8056.39404297        17828.19335937          496.99432373 
        5038.01679641            0.50000000         8046.39404297        17728.19335937          481.99432373 
        5040.26947548            0.50000000         7882.39404297        17288.19335937          466.99432373 
        5042.66374297            0.50000000         7908.39404297        17231.19335937          464.99432373 
        5045.12251101            0.50000000         7804.39404297        17138.19335937          440.99432373 
        5047.45455623            0.50000000         7722.39404297        17180.19335937          448.99432373 
        5049.98057231            0.50000000         7724.39404297        17321.19335937          444.99432373 
        5052.43157729            0.50000000         7509.39404297        17092.19335937          454.99432373 
        5054.95784006            0.50000000         7537.39404297        17255.19335937          474.99432373 
        5057.57519068            0.50000000         7419.39404297        17026.19335937          461.99432373 
        5060.16428642            0.50000000         7312.39404297        16863.19335937          473.99432373 
        5062.78751994            0.50000000         7210.39404297        16804.19335937          465.99432373 
        5065.54927889            0.50000000         7206.39404297        16871.19335937          467.99432373 
        5068.25168259            0.50000000         7102.39404297        16850.19335937          490.99432373 
        5071.06698117            0.50000000         6835.39404297        16397.19335937          494.99432373 
        5073.95894866            0.50000000         6898.39404297        16629.19335937          464.99432373 
        5076.77592328            0.50000000         6751.39404297        16548.19335937          469.99432373 
        5079.65925470            0.50000000         6549.39404297        16207.19433594          438.99432373 
        5082.69847365            0.50000000         6547.39404297        16398.19335937          417.99432373 
        5085.71535973            0.50000000         6418.39404297        16233.19433594          392.99432373 
        5088.69928631            0.50000000         6418.39404297        16296.19433594          384.99432373 
        5091.82939699            0.50000000         6302.39404297        16235.19433594          364.99432373 
        5094.94786284            0.50000000         6173.39404297        16105.19433594          383.99432373 
        5098.05462862            0.50000000         6106.39404297        16097.19433594          383.99432373 
        5101.22905218            0.50000000         6036.39404297        16204.19433594          384.99432373 
        5104.49790835            0.50000000         5946.39404297        16157.19433594          423.99432373 
        5107.77663607            0.50000000         5884.39404297        16113.19433594          432.99432373 
        5111.05995038            0.50000000         5874.39404297        16182.19433594          427.99432373 
        5114.39045271            0.50000000         5806.39404297        16089.19433594          423.99432373 
        5117.76833377            0.50000000         5663.39404297        15936.19433594          421.99432373 
        5121.17242953            0.50000000         5492.39404297        15691.19433594          405.99432373 
        5124.59749574            0.50000000         5430.39404297        15485.19433594          405.99432373 
        5128.07574324            0.50000000         5494.39404297        15819.19433594          419.99432373 
        5131.60739622            0.50000000         5334.39404297        15462.19433594          420.99432373 
        5135.13359955            0.50000000         5201.39404297        15362.19433594          408.99432373 
        5138.71348792            0.50000000         5086.39404297        15150.19433594          409.99432373 
        5142.41733236            0.50000000         5102.39404297        15242.19433594          397.99432373 
        5145.98129210            0.50000000         4859.39404297        14802.19433594          386.99432373 
        5149.69653553            0.50000000         4819.39404297        14892.19433594          365.99432373 
        5153.42302496            0.50000000         4719.39404297        14639.19433594          367.99432373 
        5157.17164198            0.50000000         4643.39404297        14653.19433594          368.99432373 
        5161.02935832            0.50000000         4539.39404297        14500.19433594          363.99432373 
        5164.83895840            0.50000000         4369.39404297        14173.19433594          371.99432373 
        5168.73638617            0.50000000         4321.39404297        14245.19433594          373.99432373 
        5172.68931678            0.50000000         4185.39404297        13790.19433594          371.99432373 
        5176.53403517            0.50000000         4064.39404297        13629.19433594          379.99432373 
        5180.54920250            0.50000000         3254.39404297        11101.19433594          311.99432373 
        5184.53823127            0.50000000         3912.39404297        13403.19433594          378.99432373 
        5188.52843863            0.50000000         3782.39404297        13229.19433594          370.99432373 
        5192.69589494            0.50000000         3630.39404297        12812.19433594          341.99432373 
        5196.81549730            0.50000000         3503.39404297        12472.19433594          348.99432373 
        5200.93115240            0.50000000         3344.39404297        12078.19433594          334.99432373 
        5205.13685287            0.50000000         3215.39404297        11729.19433594          347.99432373 
        5208.91776827            0.50000000         3003.39404297        10977.19433594          311.99432373 
