# 1-D Scan File created by LabVIEW Control Panel  12/6/2011  7:53:13 AM; Scan time 0 hrs 4 min 28 sec. 
#
# Beamline 20 BM
#
# Scan config: 
#                 E0: 4966.00 eV   223 points
#        Scan bounds:  -100.00 -30.00 40.00 243.35 (7.99 (k))
#       Scan step(s):  5.00 0.50 0.07
#  Integration times:  0.50 0.50 0.50    kwgt in EXAFS region: 0.0 
#
# User Comment:
# 50oC
#
#
# Amplifier Sensitivities:
# Preslit: 20 nA/V  I0: 20 nA/V  I: 100 pA/V  IREF: 50 pA/V  
#
# Analog Input Voltages at start/end of scan:
# Preslit: 0.033/0.031  I0: 0.287/0.152  Ignore: 0.009/0.006  I: 0.569/0.271  IREF: 0.192/0.131  
#
# Mono Info:
# 
#
# ID Info:
# 
#
# Slit Info:
# Kappa S1:  Center is at -542 (H), 500 (V)   Size is 8000 wide x 2000 high
# Vacuum Slits:  Center is at 850 (H), -25 (V)   Size is 899 wide x 1000 high
#
# Motor Positions:
# SMV (20bm:m29): -37594.243125 SMH (20bm:m30): 4802.187500 
#
# Detector Names/PVs:
# I0/20bm:scaler1_netA.C  I/20bm:scaler1_netA.E  IREF/20bm:scaler1_netA.F  
#
# Positioner names/Drive PVs/Readback PVs:
# Mono Energy */20bm:monoE.VAL/20bm:EnctoE.VAL  Scaler preset time */20bm:scaler1.TP/  
# Here is a readable list of column headings:
#  1) Mono Energy *        
#  2) Scaler preset time * 
#  3) I0                   
#  4) I                    
#  5) IREF                 
#
# Column Headings:
#Mono Energy *        Scaler preset time * I0                   I                    IREF                 
        4865.38658797            0.50000000         9257.39355469        23387.19335937         3278.99438477 
        4870.45241530            0.50000000         9045.39355469        23070.19335937         3176.99438477 
        4875.46750590            0.50000000         8914.39355469        22839.19335937         3107.99438477 
        4880.54682416            0.50000000         8718.39355469        22475.19335937         3036.99438477 
        4885.59442313            0.50000000         8545.39355469        22170.19335937         2922.99438477 
        4890.58590492            0.50000000         8478.39355469        22151.19335937         2871.99438477 
        4895.66602039            0.50000000         8344.39355469        21985.19335937         2802.99438477 
        4900.77713326            0.50000000         8209.39355469        21763.19335937         2720.99438477 
        4905.80274538            0.50000000         8078.39404297        21616.19335937         2641.99438477 
        4910.81044561            0.50000000         7966.39404297        21461.19335937         2602.99438477 
        4915.82937170            0.50000000         7755.39404297        21041.19335937         2524.99438477 
        4920.84977234            0.50000000         7724.39404297        21161.19335937         2506.99438477 
        4925.87652315            0.50000000         7576.39404297        20896.19335937         2435.99438477 
        4930.88996442            0.50000000         7426.39404297        20741.19335937         2424.99438477 
        4935.96387021            0.50000000         7337.39404297        20683.19335937         2375.99438477 
        4936.47632534            0.50000000         7404.39404297        20917.19335937         2390.99438477 
        4936.93960625            0.50000000         7416.39404297        20957.19335937         2414.99438477 
        4937.43749298            0.50000000         7398.39404297        20941.19335937         2412.99438477 
        4937.92069616            0.50000000         7325.39404297        20754.19335937         2372.99438477 
        4938.42866425            0.50000000         7362.39404297        20856.19335937         2413.99438477 
        4938.94168024            0.50000000         7339.39404297        20831.19335937         2381.99438477 
        4939.44000946            0.50000000         7325.39404297        20830.19335937         2382.99438477 
        4939.98780527            0.50000000         7299.39404297        20758.19335937         2378.99438477 
        4940.46661871            0.50000000         7338.39404297        20923.19335937         2378.99438477 
        4940.97516077            0.50000000         7286.39404297        20753.19335937         2372.99438477 
        4941.44430609            0.50000000         7233.39404297        20662.19335937         2322.99438477 
        4941.93824871            0.50000000         7254.39404297        20718.19335937         2346.99438477 
        4942.43229949            0.50000000         7319.39404297        20897.19335937         2393.99438477 
        4942.97093809            0.50000000         7266.39404297        20751.19335937         2357.99438477 
        4943.45532845            0.50000000         7232.39404297        20674.19335937         2326.99438477 
        4944.00904478            0.50000000         7268.39404297        20844.19335937         2349.99438477 
        4944.46398482            0.50000000         7210.39404297        20669.19335937         2340.99438477 
        4944.98826857            0.50000000         7197.39404297        20716.19335937         2342.99438477 
        4945.46319667            0.50000000         7123.39404297        20470.19335937         2310.99438477 
        4945.95307092            0.50000000         7150.39404297        20598.19335937         2291.99438477 
        4946.43315182            0.50000000         7198.39404297        20697.19335937         2331.99438477 
        4946.98759899            0.50000000         7138.39404297        20572.19335937         2266.99438477 
        4947.46789985            0.50000000         7145.39404297        20597.19335937         2321.99438477 
        4948.04241437            0.50000000         7160.39404297        20742.19335937         2343.99438477 
        4948.46844186            0.50000000         7124.39404297        20623.19335937         2302.99438477 
        4949.00852239            0.50000000         7096.39404297        20580.19335937         2311.99438477 
        4949.47438357            0.50000000         7108.39404297        20662.19335937         2313.99438477 
        4949.98000117            0.50000000         7113.39404297        20663.19335937         2314.99438477 
        4950.43118686            0.50000000         7064.39404297        20547.19335937         2271.99438477 
        4951.00149541            0.50000000         7143.39404297        20827.19335937         2327.99438477 
        4951.47768926            0.50000000         7075.39404297        20622.19335937         2298.99438477 
        4952.07307262            0.50000000         7130.39404297        20791.19335937         2321.99438477 
        4952.47504501            0.50000000         7120.39404297        20791.19335937         2308.99438477 
        4953.02601211            0.50000000         7084.39404297        20731.19335937         2324.99438477 
        4953.47780599            0.50000000         7097.39404297        20797.19335937         2285.99438477 
        4953.99425236            0.50000000         7039.39404297        20675.19335937         2310.99438477 
        4954.44127225            0.50000000         7075.39404297        20716.19335937         2303.99438477 
        4955.01259288            0.50000000         7096.39404297        20872.19335937         2315.99438477 
        4955.48466220            0.50000000         6982.39404297        20507.19335937         2275.99438477 
        4956.07613008            0.50000000         7086.39404297        20812.19335937         2298.99438477 
        4956.47881427            0.50000000         6925.39404297        20343.19335937         2240.99438477 
        4957.03573018            0.50000000         6981.39404297        20551.19335937         2307.99438477 
        4957.48832523            0.50000000         6955.39404297        20463.19335937         2271.99438477 
        4958.02558841            0.50000000         6972.39404297        20556.19335937         2275.99438477 
        4958.45350026            0.50000000         6930.39404297        20434.19335937         2244.99438477 
        4959.02085687            0.50000000         6972.39404297        20590.19335937         2249.99438477 
        4959.49376261            0.50000000         6860.39404297        20265.19335937         2221.99438477 
        4960.08129880            0.50000000         6945.39404297        20574.19335937         2268.99438477 
        4960.48967639            0.50000000         6834.39404297        20257.19335937         2208.99438477 
        4961.03761559            0.50000000         7029.39404297        20863.19335937         2289.99438477 
        4961.49101088            0.50000000         6815.39404297        20261.19335937         2191.99438477 
        4962.02922410            0.50000000         7015.39404297        20887.19335937         2275.99438477 
        4962.44293777            0.50000000         6814.39404297        20270.19335937         2183.99438477 
        4963.02126652            0.50000000         6983.39404297        20849.19335937         2261.99438477 
        4963.49999498            0.50000000         6793.39404297        20268.19335937         2145.99438477 
        4964.09854770            0.50000000         6896.39404297        20616.19335937         2198.99438477 
        4964.49268115            0.50000000         6791.39404297        20304.19335937         2110.99438477 
        4965.03659796            0.50000000         6843.39404297        20450.19335937         2077.99438477 
        4965.48580190            0.50000000         6744.39404297        20144.19335937         1951.99438477 
        4966.02995688            0.50000000         6882.39404297        20599.19335937         1734.99438477 
        4966.44440095            0.50000000         6803.39404297        20367.19335937         1400.99438477 
        4967.02874585            0.50000000         6835.39404297        20468.19335937         1203.99438477 
        4967.48833641            0.50000000         6720.39404297        20082.19335937         1256.99438477 
        4968.08794222            0.50000000         6839.39404297        20381.19335937         1435.99438477 
        4968.47777093            0.50000000         6737.39404297        19942.19335937         1458.99438477 
        4969.02764313            0.50000000         6818.39404297        20078.19335937         1480.99438477 
        4969.47763762            0.50000000         6731.39404297        19766.19335937         1368.99438477 
        4970.01774873            0.50000000         6817.39404297        19872.19335937         1361.99438477 
        4970.43292141            0.50000000         6763.39404297        19287.19335937         1273.99438477 
        4971.02329755            0.50000000         6760.39404297        18962.19335937         1219.99438477 
        4971.47869241            0.50000000         6688.39404297        18724.19335937         1176.99438477 
        4972.08435884            0.50000000         6734.39404297        19137.19335937         1164.99438477 
        4972.46986700            0.50000000         6687.39404297        19253.19335937         1144.99438477 
        4973.02571462            0.50000000         6741.39404297        19716.19335937         1147.99438477 
        4973.47650169            0.50000000         6671.39404297        19537.19335937         1093.99438477 
        4974.01255376            0.50000000         6756.39404297        19856.19335937         1046.99438477 
        4974.43346825            0.50000000         6700.39404297        19520.19335937         1003.99432373 
        4975.01987187            0.50000000         6721.39404297        19653.19335937          929.99432373 
        4975.47606813            0.50000000         6675.39404297        19500.19335937          879.99432373 
        4976.06775561            0.50000000         6751.39404297        19752.19335937          863.99432373 
        4976.46397139            0.50000000         6629.39404297        19199.19335937          819.99432373 
        4977.01076217            0.50000000         6735.39404297        19283.19335937          798.99432373 
        4977.46735789            0.50000000         6608.39404297        18605.19335937          740.99432373 
        4977.99933217            0.50000000         6705.39404297        18568.19335937          744.99432373 
        4978.41596489            0.50000000         6576.39404297        17899.19335937          699.99432373 
        4979.00339599            0.50000000         6613.39404297        17706.19335937          648.99432373 
        4979.47043656            0.50000000         6589.39404297        17461.19335937          650.99432373 
        4980.06316360            0.50000000         6693.39404297        17294.19335937          644.99432373 
        4980.46007558            0.50000000         6566.39404297        16540.19335937          632.99432373 
        4981.01787894            0.50000000         6536.39404297        15967.19433594          591.99432373 
        4981.47025225            0.50000000         6564.39404297        15771.19433594          576.99432373 
        4981.99813468            0.50000000         6522.39404297        15366.19433594          559.99432373 
        4982.42052871            0.50000000         6517.39404297        15106.19433594          559.99432373 
        4982.99893329            0.50000000         6523.39404297        14791.19433594          574.99432373 
        4983.46679395            0.50000000         6452.39404297        14417.19433594          538.99432373 
        4984.04043163            0.50000000         6516.39404297        14389.19433594          540.99432373 
        4984.46320443            0.50000000         6489.39404297        14122.19433594          518.99432373 
        4985.00185004            0.50000000         6467.39404297        13936.19433594          537.99432373 
        4985.46005067            0.50000000         6470.39404297        13676.19433594          537.99432373 
        4985.98382131            0.50000000         6435.39404297        13389.19433594          524.99432373 
        4986.42206804            0.50000000         6469.39404297        13196.19433594          511.99432373 
        4986.99141081            0.50000000         6444.39404297        12911.19433594          513.99432373 
        4987.46513168            0.50000000         6405.39404297        12634.19433594          505.99432373 
        4988.04985905            0.50000000         6451.39404297        12467.19433594          520.99432373 
        4988.46329124            0.50000000         6366.39404297        12079.19433594          493.99432373 
        4988.99279551            0.50000000         6425.39404297        11899.19433594          510.99432373 
        4989.46693217            0.50000000         6335.39404297        11509.19433594          497.99432373 
        4989.96639539            0.50000000         6316.39404297        11412.19433594          482.99432373 
        4990.41550109            0.50000000         6307.39404297        11407.19433594          503.99432373 
        4990.98584129            0.50000000         6326.39404297        11579.19433594          486.99432373 
        4991.46039215            0.50000000         6271.39404297        11737.19433594          485.99432373 
        4992.01584291            0.50000000         6281.39404297        12087.19433594          491.99432373 
        4992.45524966            0.50000000         6308.39404297        12443.19433594          521.99432373 
        4992.98568077            0.50000000         6256.39404297        12587.19433594          499.99432373 
        4993.45559407            0.50000000         6305.39404297        12835.19433594          535.99432373 
        4993.93571286            0.50000000         6202.39404297        12796.19433594          501.99432373 
        4994.42098805            0.50000000         6267.39404297        12995.19433594          500.99432373 
        4994.95693249            0.50000000         6276.39404297        13096.19433594          493.99432373 
        4995.44748237            0.50000000         6245.39404297        13126.19433594          491.99432373 
        4995.99884450            0.50000000         6210.39404297        13036.19433594          494.99432373 
        4996.47443794            0.50000000         6260.39404297        13151.19433594          490.99432373 
        4996.97037476            0.50000000         6198.39404297        13001.19433594          469.99432373 
        4997.45123255            0.50000000         6145.39404297        12834.19433594          493.99432373 
        4997.91700176            0.50000000         6182.39404297        12871.19433594          465.99432373 
        4998.43857335            0.50000000         6128.39404297        12691.19433594          452.99432373 
        4998.95013286            0.50000000         6064.39404297        12460.19433594          418.99432373 
        4999.45167354            0.50000000         6167.39404297        12592.19433594          454.99432373 
        4999.98879861            0.50000000         6191.39404297        12484.19433594          454.99432373 
        5000.48549814            0.50000000         6152.39404297        12333.19433594          443.99432373 
        5000.96709552            0.50000000         6075.39404297        12035.19433594          433.99432373 
        5001.47414964            0.50000000         6157.39404297        12122.19433594          453.99432373 
        5001.92552231            0.50000000         6100.39404297        12000.19433594          432.99432373 
        5002.44800855            0.50000000         6122.39404297        12005.19433594          421.99432373 
        5002.92494474            0.50000000         6041.39404297        11861.19433594          418.99432373 
        5003.45781011            0.50000000         6094.39404297        12034.19433594          439.99432373 
        5003.97049288            0.50000000         5973.39404297        11862.19433594          396.99432373 
        5004.50360162            0.50000000         6044.39404297        12139.19433594          425.99432373 
        5004.94541431            0.50000000         5985.39404297        12104.19433594          418.99432373 
        5005.47367006            0.50000000         6066.39404297        12366.19433594          420.99432373 
        5005.91058895            0.50000000         5967.39404297        12257.19433594          413.99432373 
        5007.59808111            0.50000000         5957.39404297        12601.19433594          417.99432373 
        5009.40385331            0.50000000         5937.39404297        12974.19433594          438.99432373 
        5011.20086323            0.50000000         5820.39404297        13011.19433594          424.99432373 
        5013.02986206            0.50000000         5780.39404297        13168.19433594          427.99432373 
        5014.83991647            0.50000000         5700.39404297        13147.19433594          440.99432373 
        5016.81475764            0.50000000         5676.39404297        13261.19433594          437.99432373 
        5018.75042204            0.50000000         5583.39404297        13139.19433594          436.99432373 
        5020.79510940            0.50000000         5565.39404297        13191.19433594          447.99432373 
        5022.78019484            0.50000000         5540.39404297        13228.19433594          436.99432373 
        5024.87457660            0.50000000         5428.39404297        13072.19433594          432.99432373 
        5026.91446147            0.50000000         5382.39404297        13006.19433594          407.99432373 
        5029.06393276            0.50000000         5309.39404297        12876.19433594          415.99432373 
        5031.21027410            0.50000000         5324.39404297        12886.19433594          415.99432373 
        5033.47688409            0.50000000         5265.39404297        12781.19433594          396.99432373 
        5035.74572380            0.50000000         5191.39404297        12598.19433594          366.99432373 
        5038.01679641            0.50000000         5177.39404297        12556.19433594          354.99432373 
        5040.27979028            0.50000000         5068.39404297        12293.19433594          335.99432373 
        5042.65858025            0.50000000         5071.39404297        12269.19433594          331.99432373 
        5045.12767924            0.50000000         5003.39404297        12166.19433594          329.99432373 
        5047.45972967            0.50000000         4931.39404297        12155.19433594          343.99432373 
        5049.99093051            0.50000000         4916.39404297        12186.19433594          336.99432373 
        5052.44194646            0.50000000         4750.39404297        11936.19433594          341.99432373 
        5054.96303029            0.50000000         4750.39404297        12006.19433594          333.99432373 
        5057.59077899            0.50000000         4701.39404297        11912.19433594          321.99432373 
        5060.17469022            0.50000000         4638.39404297        11776.19433594          344.99432373 
        5062.80314330            0.50000000         4536.39404297        11627.19433594          348.99432373 
        5065.57013484            0.50000000         4517.39404297        11624.19433594          335.99432373 
        5068.27256280            0.50000000         4465.39404297        11634.19433594          345.99432373 
        5071.07743389            0.50000000         4283.39404297        11300.19433594          339.99432373 
        5073.96941438            0.50000000         4315.39404297        11445.19433594          339.99432373 
        5076.79164087            0.50000000         4208.39404297        11352.19433594          332.99432373 
        5079.67499175            0.50000000         4084.39404297        11116.19433594          312.99432373 
        5082.71948375            0.50000000         4064.39404297        11229.19433594          285.99432373 
        5085.73113767            0.50000000         3970.39404297        11075.19433594          291.99432373 
        5088.71508442            0.50000000         3932.39404297        11022.19433594          281.99432373 
        5091.85048939            0.50000000         3856.39404297        10995.19433594          268.99432373 
        5094.97426355            0.50000000         3789.39404297        11088.19433594          282.99432373 
        5098.07577721            0.50000000         3760.39404297        10983.19433594          283.99432373 
        5101.24493511            0.50000000         3670.39404297        10889.19433594          285.99432373 
        5104.51381344            0.50000000         3602.39404297        10844.19433594          297.99432373 
        5107.78725428            0.50000000         3549.39404297        10805.19433594          294.99432373 
        5111.07058345            0.50000000         3529.39404297        10800.19433594          296.99432373 
        5114.40110086            0.50000000         3450.39404297        10651.19433594          295.99432373 
        5117.78432897            0.50000000         3385.39404297        10589.19433594          299.99432373 
        5121.18310842            0.50000000         3285.39404297        10415.19433594          270.99432373 
        5124.60284295            0.50000000         3205.39404297        10155.19433594          279.99432373 
        5128.08109834            0.50000000         3240.39404297        10420.19433594          298.99432373 
        5131.61275934            0.50000000         3143.39404297        10136.19433594          292.99432373 
        5135.14434185            0.50000000         3073.39404297        10079.19433594          290.99432373 
        5138.71886720            0.50000000         2974.39404297         9848.19433594          277.99432373 
        5142.42810781            0.50000000         2985.39404297         9933.19433594          270.99432373 
        5145.98668794            0.50000000         2822.39404297         9572.19433594          263.99432373 
        5149.70734415            0.50000000         2783.39404297         9522.19433594          237.99432373 
        5153.42843777            0.50000000         2743.39404297         9479.19433594          233.99432373 
        5157.18248472            0.50000000         2669.39404297         9378.19433594          231.99432373 
        5161.04021868            0.50000000         2592.39404297         9178.19433594          230.99432373 
        5164.85527509            0.50000000         2503.39404297         9053.19433594          238.99432373 
        5168.75817745            0.50000000         2487.39404297         9067.19433594          241.99432373 
        5172.70568737            0.50000000         2398.39404297         8834.19433594          246.99432373 
        5176.55043219            0.50000000         2315.39404297         8657.19433594          244.99432373 
        5180.56562714            0.50000000         1871.39404297         7102.19433594          207.99432373 
        5184.54919932            0.50000000         2238.39404297         8558.19433594          247.99432373 
        5188.54491822            0.50000000         2196.39404297         8530.19433594          227.99432373 
        5192.70690048            0.50000000         2107.39404297         8268.19433594          231.99432373 
        5196.83754631            0.50000000         2024.39404297         8020.19433594          222.99432373 
        5200.94771756            0.50000000         1929.39404297         7762.19433594          215.99432373 
        5205.15897853            0.50000000         1827.39404297         7396.19433594          217.99432373 
        5208.93438865            0.50000000         1707.39404297         6966.19433594          181.99432373 
