# 1-D Scan File created by LabVIEW Control Panel  12/5/2011  9:40:39 PM; Scan time 0 hrs 4 min 28 sec. 
#
# Beamline 20 BM
#
# Scan config: 
#                 E0: 4966.00 eV   223 points
#        Scan bounds:  -100.00 -30.00 40.00 243.35 (7.99 (k))
#       Scan step(s):  5.00 0.50 0.07
#  Integration times:  0.50 0.50 0.50    kwgt in EXAFS region: 0.0 
#
# User Comment:
# 50oC
#
#
# Amplifier Sensitivities:
# Preslit: 20 nA/V  I0: 20 nA/V  I: 100 pA/V  IREF: 50 pA/V  
#
# Analog Input Voltages at start/end of scan:
# Preslit: 0.035/0.034  I0: 0.898/0.763  Ignore: 0.023/0.021  I: 0.973/1.192  IREF: 0.254/0.155  
#
# Mono Info:
# 
#
# ID Info:
# 
#
# Slit Info:
# Kappa S1:  Center is at -542 (H), 500 (V)   Size is 8000 wide x 2000 high
# Vacuum Slits:  Center is at 850 (H), -25 (V)   Size is 899 wide x 1000 high
#
# Motor Positions:
# SMV (20bm:m29): -37594.243125 SMH (20bm:m30): 4802.187500 
#
# Detector Names/PVs:
# I0/20bm:scaler1_netA.C  I/20bm:scaler1_netA.E  IREF/20bm:scaler1_netA.F  
#
# Positioner names/Drive PVs/Readback PVs:
# Mono Energy */20bm:monoE.VAL/20bm:EnctoE.VAL  Scaler preset time */20bm:scaler1.TP/  
# Here is a readable list of column headings:
#  1) Mono Energy *        
#  2) Scaler preset time * 
#  3) I0                   
#  4) I                    
#  5) IREF                 
#
# Column Headings:
#Mono Energy *        Scaler preset time * I0                   I                    IREF                 
        4865.42477727            0.50000000        40324.39453125        43555.19531250         6368.99414062 
        4870.49547667            0.50000000        40355.39453125        44045.19531250         6383.99414062 
        4875.51066475            0.50000000        40451.39453125        44556.19531250         6352.99414062 
        4880.59488829            0.50000000        40265.39453125        44679.19531250         6271.99414062 
        4885.64741389            0.50000000        40108.39453125        44953.19531250         6135.99414062 
        4890.62935822            0.50000000        40188.39453125        45462.19531250         6196.99414062 
        4895.72409050            0.50000000        40204.39453125        46007.19531250         6107.99414062 
        4900.82563585            0.50000000        40147.39453125        46370.19531250         6041.99414062 
        4905.85621841            0.50000000        40003.39453125        46703.19531250         6034.99414062 
        4910.86891060            0.50000000        40072.39453125        47172.19531250         6066.99414062 
        4915.88796782            0.50000000        39806.39453125        47434.19531250         5848.99414062 
        4920.91339377            0.50000000        39932.39453125        48122.19531250         5871.99414062 
        4925.94519215            0.50000000        39853.39453125        48597.19531250         5873.99414062 
        4930.96861862            0.50000000        40093.39453125        49421.19531250         5809.99414062 
        4936.02299370            0.50000000        40020.39453125        49992.19531250         5829.99414062 
        4936.53053415            0.50000000        40153.39453125        50198.19531250         5836.99414062 
        4937.00861369            0.50000000        40218.39453125        50339.19531250         5870.99414062 
        4937.50651566            0.50000000        40231.39453125        50424.19531250         5891.99414062 
        4937.98973365            0.50000000        39968.39453125        50145.19531250         5794.99414062 
        4938.48785245            0.50000000        40116.39453125        50377.19531250         5861.99414062 
        4939.00581545            0.50000000        40076.39453125        50394.19531250         5906.99414062 
        4939.50909349            0.50000000        40057.39453125        50414.19531250         5869.99414062 
        4940.06184194            0.50000000        39971.39453125        50349.19531250         5807.99414062 
        4940.53079730            0.50000000        40100.39453125        50621.19531250         5863.99414062 
        4941.03935384            0.50000000        40098.39453125        50703.19531250         5822.99414062 
        4941.51839059            0.50000000        39922.39453125        50598.19531250         5810.99414062 
        4942.01728956            0.50000000        39968.39453125        50635.19531250         5808.99414062 
        4942.48171052            0.50000000        40104.39453125        50887.19531250         5867.99414062 
        4943.03518797            0.50000000        39986.39453125        50795.19531250         5806.99414062 
        4943.52453557            0.50000000        40034.39453125        50857.19531250         5841.99414062 
        4944.08321353            0.50000000        40197.39453125        51135.19531250         5848.99414062 
        4944.52827722            0.50000000        39970.39453125        50929.19531250         5825.99414062 
        4945.05257590            0.50000000        39961.39453125        50917.19531250         5777.99414062 
        4945.53246537            0.50000000        39855.39453125        50921.19531250         5774.99414062 
        4946.03225250            0.50000000        39842.39453125        50964.19531250         5761.99414062 
        4946.48760042            0.50000000        40043.39453125        51286.19531250         5806.99414062 
        4947.04701212            0.50000000        39962.39453125        51389.19531250         5887.99414062 
        4947.54218230            0.50000000        39921.39453125        51348.19531250         5895.99414062 
        4948.12166921            0.50000000        39964.39453125        51394.19531250         5884.99414062 
        4948.53780278            0.50000000        39894.39453125        51438.19531250         5859.99414062 
        4949.07294428            0.50000000        39892.39453125        51483.19531250         5833.99414062 
        4949.53386213            0.50000000        39947.39453125        51628.19531250         5851.99414062 
        4950.05932400            0.50000000        39876.39453125        51577.19531250         5851.99414062 
        4950.50060804            0.50000000        39873.39453125        51643.19531250         5831.99414062 
        4951.06597412            0.50000000        40138.39453125        52011.19531250         5921.99414062 
        4951.54714257            0.50000000        39877.39453125        51809.19531250         5870.99414062 
        4952.14750656            0.50000000        39992.39453125        52039.19531250         5908.99414062 
        4952.54452896            0.50000000        40010.39453125        52007.19531250         5890.99414062 
        4953.09054857            0.50000000        39917.39453125        51953.19531250         5887.99414062 
        4953.55228618            0.50000000        40071.39453125        52325.19531250         5889.99414062 
        4954.06874954            0.50000000        39980.39453125        52252.19531250         5846.99414062 
        4954.50584910            0.50000000        40007.39453125        52300.19531250         5858.99414062 
        4955.07221726            0.50000000        40074.39453125        52377.19531250         5903.99414062 
        4955.55423864            0.50000000        39867.39453125        52314.19531250         5800.99414062 
        4956.14075358            0.50000000        40113.39453125        52605.19531250         5891.99414062 
        4956.55339328            0.50000000        39832.39453125        52406.19531250         5838.99414062 
        4957.09540786            0.50000000        40032.39453125        52659.19531250         5872.99414062 
        4957.55298905            0.50000000        39968.39453125        52672.19531250         5868.99414062 
        4958.09026757            0.50000000        39992.39453125        52719.19531250         5863.99414062 
        4958.51321531            0.50000000        39949.39453125        52764.19531250         5834.99414062 
        4959.08058688            0.50000000        39966.39453125        52865.19531250         5858.99414062 
        4959.55350509            0.50000000        39908.39453125        52826.19531250         5854.99414062 
        4960.14105678            0.50000000        40046.39453125        53094.19531250         5857.99414062 
        4960.55940675            0.50000000        39857.39453125        52955.19531250         5808.99414062 
        4961.08743481            0.50000000        40193.39453125        53435.19531250         5919.99414062 
        4961.54582305            0.50000000        39772.39453125        52880.19531250         5774.99414062 
        4962.08903346            0.50000000        40162.39453125        53440.19531250         5896.99414062 
        4962.50774314            0.50000000        39806.39453125        53105.19531250         5766.99414062 
        4963.08110205            0.50000000        40155.39453125        53576.19531250         5834.99414062 
        4963.55984315            0.50000000        39773.39453125        53206.19531250         5710.99414062 
        4964.15342294            0.50000000        39976.39453125        53529.19531250         5668.99414062 
        4964.54756592            0.50000000        39886.39453125        53500.19531250         5637.99414062 
        4965.08650512            0.50000000        39909.39453125        53490.19531250         5468.99414062 
        4965.54071070            0.50000000        39875.39453125        53493.19531250         5196.99414062 
        4966.07988589            0.50000000        39882.39453125        53519.19531250         4448.99414062 
        4966.49433908            0.50000000        39844.39453125        53522.19531250         3586.99438477 
        4967.07370169            0.50000000        39877.39453125        53514.19531250         3186.99438477 
        4967.54329368            0.50000000        39739.39453125        53292.19531250         3425.99438477 
        4968.13791652            0.50000000        39875.39453125        53364.19531250         3828.99438477 
        4968.53275216            0.50000000        39728.39453125        52977.19531250         3945.99438477 
        4969.07763812            0.50000000        39882.39453125        52907.19531250         3901.99438477 
        4969.52764252            0.50000000        39780.39453125        52669.19531250         3751.99438477 
        4970.07276725            0.50000000        39842.39453125        52484.19531250         3562.99438477 
        4970.47794469            0.50000000        39767.39453125        52264.19531250         3392.99438477 
        4971.06833253            0.50000000        39833.39453125        52235.19531250         3314.99438477 
        4971.53374633            0.50000000        39713.39453125        52417.19531250         3243.99438477 
        4972.13442114            0.50000000        39797.39453125        52678.19531250         3270.99438477 
        4972.52995208            0.50000000        39770.39453125        52750.19531250         3172.99438477 
        4973.07579766            0.50000000        39813.39453125        52745.19531250         3090.99438477 
        4973.52659466            0.50000000        39762.39453125        52536.19531250         2934.99438477 
        4974.06766908            0.50000000        39836.39453125        52053.19531250         2788.99438477 
        4974.48358231            0.50000000        39698.39453125        51205.19531250         2633.99438477 
        4975.06999885            0.50000000        39770.39453125        49973.19531250         2499.99438477 
        4975.53121894            0.50000000        39668.39453125        48854.19531250         2349.99438477 
        4976.12793584            0.50000000        39961.39453125        47966.19531250         2272.99438477 
        4976.52416211            0.50000000        39578.39453125        46859.19531250         2146.99438477 
        4977.06595019            0.50000000        39947.39453125        46678.19531250         2109.99438477 
        4977.53259333            0.50000000        39636.39453125        45896.19531250         2006.99438477 
        4978.06458286            0.50000000        40006.39453125        45893.19531250         1979.99438477 
        4978.47620726            0.50000000        39622.39453125        45201.19531250         1902.99438477 
        4979.05361081            0.50000000        39947.39453125        45240.19531250         1883.99438477 
        4979.53572943            0.50000000        39754.39453125        44832.19531250         1814.99438477 
        4980.12847347            0.50000000        39926.39453125        44622.19531250         1765.99438477 
        4980.52539684            0.50000000        39750.39453125        44112.19531250         1718.99438477 
        4981.07316419            0.50000000        39696.39453125        43454.19531250         1690.99438477 
        4981.53560248            0.50000000        39800.39453125        42932.19531250         1674.99438477 
        4982.06852825            0.50000000        39684.39453125        41769.19531250         1604.99438477 
        4982.48087711            0.50000000        39749.39453125        40807.19531250         1610.99438477 
        4983.04923627            0.50000000        39806.39453125        39291.19531250         1578.99438477 
        4983.52717006            0.50000000        39590.39453125        37714.19531250         1512.99438477 
        4984.11088832            0.50000000        39729.39453125        36114.19531250         1523.99438477 
        4984.52360695            0.50000000        39716.39453125        34817.19531250         1498.99438477 
        4985.05219725            0.50000000        39676.39453125        33498.19531250         1469.99438477 
        4985.52047960            0.50000000        39719.39453125        32678.19335937         1470.99438477 
        4986.04426413            0.50000000        39593.39453125        31888.19335937         1481.99438477 
        4986.47748454            0.50000000        39742.39453125        31576.19335937         1479.99438477 
        4987.05188033            0.50000000        39642.39453125        31152.19335937         1458.99438477 
        4987.52561377            0.50000000        39730.39453125        31193.19335937         1440.99438477 
        4988.11539818            0.50000000        39937.39453125        31608.19335937         1464.99438477 
        4988.52379979            0.50000000        39737.39453125        31787.19335937         1450.99438477 
        4989.05331811            0.50000000        39846.39453125        32457.19335937         1452.99438477 
        4989.52242269            0.50000000        39625.39453125        32936.19531250         1449.99438477 
        4990.03703537            0.50000000        39633.39453125        33659.19531250         1478.99438477 
        4990.47606143            0.50000000        39677.39453125        34401.19531250         1472.99438477 
        4991.04641676            0.50000000        39656.39453125        35220.19531250         1472.99438477 
        4991.52602929            0.50000000        39557.39453125        35799.19531250         1495.99438477 
        4992.09159666            0.50000000        39683.39453125        36580.19531250         1504.99438477 
        4992.51586413            0.50000000        39604.39453125        36886.19531250         1501.99438477 
        4993.04630932            0.50000000        39580.39453125        37286.19531250         1513.99438477 
        4993.52128858            0.50000000        39623.39453125        37543.19531250         1502.99438477 
        4994.01153032            0.50000000        39512.39453125        37600.19531250         1503.99438477 
        4994.47154347            0.50000000        39578.39453125        37748.19531250         1471.99438477 
        4995.02267018            0.50000000        39758.39453125        37900.19531250         1522.99438477 
        4995.50817627            0.50000000        39657.39453125        37704.19531250         1488.99438477 
        4996.07473044            0.50000000        39491.39453125        37381.19531250         1471.99438477 
        4996.53009895            0.50000000        39667.39453125        37355.19531250         1494.99438477 
        4997.04123166            0.50000000        39648.39453125        37057.19531250         1454.99438477 
        4997.52210436            0.50000000        39444.39453125        36620.19531250         1413.99438477 
        4997.98282463            0.50000000        39667.39453125        36479.19531250         1400.99438477 
        4998.48921771            0.50000000        39430.39453125        35996.19531250         1375.99438477 
        4999.01091982            0.50000000        39422.39453125        35632.19531250         1361.99438477 
        4999.50740707            0.50000000        39522.39453125        35512.19531250         1348.99438477 
        5000.05468112            0.50000000        39588.39453125        35433.19531250         1355.99438477 
        5000.53111881            0.50000000        39455.39453125        35255.19531250         1344.99438477 
        5001.02286597            0.50000000        39330.39453125        35104.19531250         1313.99438477 
        5001.51979002            0.50000000        39637.39453125        35463.19531250         1342.99438477 
        5001.98131612            0.50000000        39495.39453125        35512.19531250         1304.99438477 
        5002.49366835            0.50000000        39468.39453125        35667.19531250         1337.99438477 
        5002.98076292            0.50000000        39355.39453125        35838.19531250         1309.99438477 
        5003.51364128            0.50000000        39553.39453125        36349.19531250         1313.99438477 
        5004.02633655            0.50000000        39235.39453125        36420.19531250         1320.99438477 
        5004.54422452            0.50000000        39333.39453125        36975.19531250         1299.99438477 
        5004.99620284            0.50000000        39269.39453125        37337.19531250         1301.99438477 
        5005.51939023            0.50000000        39536.39453125        38084.19531250         1331.99438477 
        5005.97156100            0.50000000        39246.39453125        38180.19531250         1292.99438477 
        5007.64384369            0.50000000        39355.39453125        39826.19531250         1350.99438477 
        5009.44456316            0.50000000        39352.39453125        40957.19531250         1418.99438477 
        5011.24669776            0.50000000        39129.39453125        41401.19531250         1407.99438477 
        5013.07573314            0.50000000        39131.39453125        41657.19531250         1402.99438477 
        5014.88072287            0.50000000        38957.39453125        41325.19531250         1411.99438477 
        5016.85049392            0.50000000        39018.39453125        41376.19531250         1420.99438477 
        5018.78618844            0.50000000        38885.39453125        41462.19531250         1449.99438477 
        5020.82579356            0.50000000        38905.39453125        42104.19531250         1437.99438477 
        5022.81090549            0.50000000        38898.39453125        42591.19531250         1424.99438477 
        5024.90019208            0.50000000        38778.39453125        42878.19531250         1444.99438477 
        5026.94522733            0.50000000        38713.39453125        42989.19531250         1427.99438477 
        5029.08959489            0.50000000        38589.39453125        42903.19531250         1408.99438477 
        5031.23596014            0.50000000        38692.39453125        42895.19531250         1386.99438477 
        5033.50259539            0.50000000        38671.39453125        42595.19531250         1326.99438477 
        5035.77660775            0.50000000        38592.39453125        42006.19531250         1276.99438477 
        5038.04771077            0.50000000        38554.39453125        41488.19531250         1215.99438477 
        5040.30557747            0.50000000        38259.39453125        40985.19531250         1198.99438477 
        5042.68955678            0.50000000        38317.39453125        41297.19531250         1205.99438477 
        5045.15352057            0.50000000        38201.39453125        41549.19531250         1180.99438477 
        5047.48042357            0.50000000        38084.39453125        41841.19531250         1174.99438477 
        5050.01682621            0.50000000        38139.39453125        42269.19531250         1235.99438477 
        5052.45750029            0.50000000        37832.39453125        42085.19531250         1224.99438477 
        5054.98379133            0.50000000        37822.39453125        42448.19531250         1242.99438477 
        5057.61156358            0.50000000        37734.39453125        42646.19531250         1274.99438477 
        5060.20069993            0.50000000        37667.39453125        43190.19531250         1283.99438477 
        5062.81876677            0.50000000        37578.39453125        43586.19531250         1323.99438477 
        5065.60141912            0.50000000        37515.39453125        43882.19531250         1323.99438477 
        5068.30388346            0.50000000        37506.39453125        44106.19531250         1331.99438477 
        5071.11401879            0.50000000        37044.39453125        43936.19531250         1299.99438477 
        5074.01127772            0.50000000        37392.39453125        45035.19531250         1320.99438477 
        5076.82831566            0.50000000        37168.39453125        45171.19531250         1328.99438477 
        5079.71695772            0.50000000        36784.39453125        45033.19531250         1263.99438477 
        5082.76675719            0.50000000        36841.39453125        45586.19531250         1239.99438477 
        5085.77321271            0.50000000        36636.39453125        45810.19531250         1209.99438477 
        5088.75721324            0.50000000        36845.39453125        46647.19531250         1173.99438477 
        5091.89267475            0.50000000        36666.39453125        46625.19531250         1141.99438477 
        5095.02178556            0.50000000        36280.39453125        46537.19531250         1150.99438477 
        5098.12336222            0.50000000        36387.39453125        47049.19531250         1188.99438477 
        5101.29787899            0.50000000        36024.39453125        47188.19531250         1213.99438477 
        5104.56683119            0.50000000        35926.39453125        47516.19531250         1281.99438477 
        5107.85096455            0.50000000        35922.39453125        48010.19531250         1336.99438477 
        5111.12906618            0.50000000        35827.39453125        48346.19531250         1323.99438477 
        5114.45434233            0.50000000        35726.39453125        48501.19531250         1328.99438477 
        5117.82698337            0.50000000        35371.39453125        48268.19531250         1327.99438477 
        5121.22582447            0.50000000        35109.39453125        48135.19531250         1314.99438477 
        5124.66166305            0.50000000        35049.39453125        48464.19531250         1355.99438477 
        5128.14000530            0.50000000        35318.39453125        49295.19531250         1353.99438477 
        5131.66639130            0.50000000        34942.39453125        49195.19531250         1376.99438477 
        5135.18731154            0.50000000        34771.39453125        49464.19531250         1360.99438477 
        5138.76728134            0.50000000        34650.39453125        49721.19531250         1369.99438477 
        5142.47121009            0.50000000        34646.39453125        50264.19531250         1345.99438477 
        5146.03525102            0.50000000        34009.39453125        49778.19531250         1293.99438477 
        5149.74517472            0.50000000        34008.39453125        50322.19531250         1274.99438477 
        5153.46632776            0.50000000        33865.39453125        50802.19531250         1297.99438477 
        5157.22043469            0.50000000        33616.39453125        50953.19531250         1305.99438477 
        5161.08366063            0.50000000        33507.39453125        51527.19531250         1347.99438477 
        5164.89878682            0.50000000        33032.39453125        51459.19531250         1360.99438477 
        5168.78541683            0.50000000        33012.39453125        52150.19531250         1390.99438477 
        5172.74388585            0.50000000        32710.39453125        52455.19531250         1406.99438477 
        5176.58869234            0.50000000        32187.39453125        52253.19531250         1446.99438477 
        5180.60395173            0.50000000        27119.39453125        44885.19531250         1289.99438477 
        5184.59307203            0.50000000        32583.39453125        53870.19531250         1503.99438477 
        5188.58337103            0.50000000        32196.39453125        54019.19531250         1516.99438477 
        5192.73991738            0.50000000        31593.39453125        53691.19531250         1526.99438477 
        5196.87062022            0.50000000        31196.39453125        53671.19531250         1505.99438477 
        5200.98084824            0.50000000        30818.39453125        53626.19531250         1505.99438477 
        5205.17557292            0.50000000        30322.39453125        53524.19531250         1497.99438477 
        5208.95100915            0.50000000        29586.39453125        53059.19531250         1476.99438477 
