# 1-D Scan File created by LabVIEW Control Panel  12/6/2011  5:52:42 AM; Scan time 0 hrs 4 min 28 sec. 
#
# Beamline 20 BM
#
# Scan config: 
#                 E0: 4966.00 eV   223 points
#        Scan bounds:  -100.00 -30.00 40.00 243.35 (7.99 (k))
#       Scan step(s):  5.00 0.50 0.07
#  Integration times:  0.50 0.50 0.50    kwgt in EXAFS region: 0.0 
#
# User Comment:
# 50oC
#
#
# Amplifier Sensitivities:
# Preslit: 20 nA/V  I0: 20 nA/V  I: 100 pA/V  IREF: 50 pA/V  
#
# Analog Input Voltages at start/end of scan:
# Preslit: 0.034/0.031  I0: 0.335/0.167  Ignore: 0.009/0.006  I: 0.636/0.314  IREF: 0.197/0.131  
#
# Mono Info:
# 
#
# ID Info:
# 
#
# Slit Info:
# Kappa S1:  Center is at -542 (H), 500 (V)   Size is 8000 wide x 2000 high
# Vacuum Slits:  Center is at 850 (H), -25 (V)   Size is 899 wide x 1000 high
#
# Motor Positions:
# SMV (20bm:m29): -37594.243125 SMH (20bm:m30): 4802.187500 
#
# Detector Names/PVs:
# I0/20bm:scaler1_netA.C  I/20bm:scaler1_netA.E  IREF/20bm:scaler1_netA.F  
#
# Positioner names/Drive PVs/Readback PVs:
# Mono Energy */20bm:monoE.VAL/20bm:EnctoE.VAL  Scaler preset time */20bm:scaler1.TP/  
# Here is a readable list of column headings:
#  1) Mono Energy *        
#  2) Scaler preset time * 
#  3) I0                   
#  4) I                    
#  5) IREF                 
#
# Column Headings:
#Mono Energy *        Scaler preset time * I0                   I                    IREF                 
        4865.38181436            0.50000000        11856.39355469        26675.19335937         3657.99438477 
        4870.45241530            0.50000000        11679.39355469        26451.19335937         3587.99438477 
        4875.46271053            0.50000000        11548.39355469        26390.19335937         3517.99438477 
        4880.54682416            0.50000000        11354.39355469        26251.19335937         3426.99438477 
        4885.59442313            0.50000000        11190.39355469        26018.19335937         3335.99438477 
        4890.57624875            0.50000000        11076.39355469        25964.19335937         3270.99438477 
        4895.66602039            0.50000000        10952.39355469        25844.19335937         3239.99438477 
        4900.77228306            0.50000000        10824.39355469        25928.19335937         3168.99438477 
        4905.80274538            0.50000000        10679.39355469        25690.19335937         3097.99438477 
        4910.81044561            0.50000000        10576.39355469        25692.19335937         3067.99438477 
        4915.82448876            0.50000000        10335.39355469        25356.19335937         2966.99438477 
        4920.85466623            0.50000000        10336.39355469        25747.19335937         2963.99438477 
        4925.88142801            0.50000000        10200.39355469        25595.19335937         2948.99438477 
        4930.88996442            0.50000000        10083.39355469        25560.19335937         2897.99438477 
        4935.95894332            0.50000000         9986.39355469        25543.19335937         2906.99438477 
        4936.47632534            0.50000000        10108.39355469        26047.19335937         2922.99438477 
        4936.93960625            0.50000000        10103.39355469        25995.19335937         2920.99438477 
        4937.43749298            0.50000000        10098.39355469        25994.19335937         2919.99438477 
        4937.91576500            0.50000000        10005.39355469        25862.19335937         2917.99438477 
        4938.43359654            0.50000000        10049.39355469        25917.19335937         2913.99438477 
        4938.94168024            0.50000000        10027.39355469        25813.19335937         2874.99438477 
        4939.44000946            0.50000000        10011.39355469        25988.19335937         2905.99438477 
        4939.98780527            0.50000000         9965.39355469        25715.19335937         2862.99438477 
        4940.47155546            0.50000000         9992.39355469        25969.19335937         2884.99438477 
        4940.97516077            0.50000000         9990.39355469        25998.19335937         2888.99438477 
        4941.44430609            0.50000000         9880.39355469        25678.19335937         2853.99438477 
        4941.93824871            0.50000000         9932.39355469        25896.19335937         2846.99438477 
        4942.42735845            0.50000000         9990.39355469        26077.19335937         2891.99438477 
        4942.97093809            0.50000000         9928.39355469        25918.19335937         2876.99438477 
        4943.45532845            0.50000000         9894.39355469        25838.19335937         2877.99438477 
        4944.01893380            0.50000000         9949.39355469        25974.19335937         2861.99438477 
        4944.46893032            0.50000000         9866.39355469        25814.19335937         2845.99438477 
        4944.99321522            0.50000000         9850.39355469        25799.19335937         2819.99438477 
        4945.46319667            0.50000000         9775.39355469        25679.19335937         2825.99438477 
        4945.96296847            0.50000000         9795.39355469        25764.19335937         2825.99438477 
        4946.43315182            0.50000000         9872.39355469        25834.19335937         2834.99438477 
        4946.98759899            0.50000000         9841.39355469        25921.19335937         2853.99438477 
        4947.47285194            0.50000000         9801.39355469        25784.19335937         2849.99438477 
        4948.04736771            0.50000000         9829.39355469        25925.19335937         2865.99438477 
        4948.47835043            0.50000000         9760.39355469        25841.19335937         2843.99438477 
        4949.01347785            0.50000000         9725.39355469        25759.19335937         2816.99438477 
        4949.47934006            0.50000000         9767.39355469        25903.19335937         2839.99438477 
        4949.98991638            0.50000000         9714.39355469        25817.19335937         2816.99438477 
        4950.44110404            0.50000000         9722.39355469        25816.19335937         2828.99438477 
        4951.01141509            0.50000000         9835.39355469        26124.19335937         2850.99438477 
        4951.47768926            0.50000000         9709.39355469        25833.19335937         2826.99438477 
        4952.07307262            0.50000000         9770.39355469        25966.19335937         2854.99438477 
        4952.47504501            0.50000000         9757.39355469        26020.19335937         2844.99438477 
        4953.03097639            0.50000000         9727.39355469        25857.19335937         2852.99438477 
        4953.48277126            0.50000000         9769.39355469        26071.19335937         2847.99438477 
        4953.99425236            0.50000000         9690.39355469        25945.19335937         2846.99438477 
        4954.44127225            0.50000000         9693.39355469        25913.19335937         2807.99438477 
        4955.01756152            0.50000000         9745.39355469        26157.19335937         2848.99438477 
        4955.48963188            0.50000000         9637.39355469        25959.19335937         2809.99438477 
        4956.07613008            0.50000000         9746.39355469        26191.19335937         2853.99438477 
        4956.48875800            0.50000000         9590.39355469        25858.19335937         2802.99438477 
        4957.04070326            0.50000000         9623.39355469        25955.19335937         2825.99438477 
        4957.49329930            0.50000000         9638.39355469        25933.19335937         2815.99438477 
        4958.02558841            0.50000000         9612.39355469        25956.19335937         2813.99438477 
        4958.44852407            0.50000000         9565.39355469        25790.19335937         2814.99438477 
        4959.02085687            0.50000000         9623.39355469        26037.19335937         2809.99438477 
        4959.48878414            0.50000000         9539.39355469        25816.19335937         2820.99438477 
        4960.08129880            0.50000000         9579.39355469        25988.19335937         2800.99438477 
        4960.48967639            0.50000000         9545.39355469        25874.19335937         2782.99438477 
        4961.03263372            0.50000000         9660.39355469        26184.19335937         2823.99438477 
        4961.48602802            0.50000000         9456.39355469        25686.19335937         2737.99438477 
        4962.02424006            0.50000000         9649.39355469        26194.19335937         2801.99438477 
        4962.44293777            0.50000000         9480.39355469        25827.19335937         2739.99438477 
        4963.02126652            0.50000000         9630.39355469        26251.19335937         2782.99438477 
        4963.49500771            0.50000000         9417.39355469        25689.19335937         2684.99438477 
        4964.09854770            0.50000000         9512.39355469        25965.19335937         2694.99438477 
        4964.48270224            0.50000000         9445.39355469        25867.19335937         2631.99438477 
        4965.03659796            0.50000000         9494.39355469        25946.19335937         2578.99438477 
        4965.48081026            0.50000000         9399.39355469        25781.19335937         2427.99438477 
        4966.02496404            0.50000000         9450.39355469        25906.19335937         2125.99438477 
        4966.44440095            0.50000000         9372.39355469        25803.19335937         1718.99438477 
        4967.02375081            0.50000000         9420.39355469        25780.19335937         1451.99438477 
        4967.48334036            0.50000000         9315.39355469        25563.19335937         1546.99438477 
        4968.08294485            0.50000000         9377.39355469        25588.19335937         1735.99438477 
        4968.47277270            0.50000000         9334.39355469        25370.19335937         1799.99438477 
        4969.02764313            0.50000000         9385.39355469        25346.19335937         1801.99438477 
        4969.47263719            0.50000000         9321.39355469        25229.19335937         1709.99438477 
        4970.01274711            0.50000000         9348.39355469        25019.19335937         1638.99438477 
        4970.42791887            0.50000000         9293.39355469        24444.19335937         1507.99438477 
        4971.02329755            0.50000000         9344.39355469        24013.19335937         1451.99438477 
        4971.47869241            0.50000000         9243.39355469        23917.19335937         1439.99438477 
        4972.08435884            0.50000000         9317.39355469        24257.19335937         1436.99438477 
        4972.46986700            0.50000000         9282.39355469        24661.19335937         1423.99438477 
        4973.02571462            0.50000000         9297.39355469        24989.19335937         1389.99438477 
        4973.47650169            0.50000000         9211.39355469        24901.19335937         1316.99438477 
        4974.01255376            0.50000000         9271.39355469        24847.19335937         1267.99438477 
        4974.42845690            0.50000000         9203.39355469        24715.19335937         1182.99438477 
        4975.01987187            0.50000000         9224.39355469        24727.19335937         1150.99438477 
        4975.47606813            0.50000000         9143.39355469        24646.19335937         1100.99438477 
        4976.06775561            0.50000000         9283.39355469        24864.19335937         1070.99438477 
        4976.46397139            0.50000000         9117.39355469        24213.19335937          985.99432373 
        4977.01577921            0.50000000         9248.39355469        24136.19335937          947.99432373 
        4977.47237593            0.50000000         9090.39355469        23363.19335937          904.99432373 
        4978.00435139            0.50000000         9220.39355469        23241.19335937          884.99432373 
        4978.42098503            0.50000000         9081.39355469        22526.19335937          847.99432373 
        4979.00339599            0.50000000         9202.39355469        22547.19335937          829.99432373 
        4979.48048149            0.50000000         9096.39355469        21979.19335937          789.99432373 
        4980.06818737            0.50000000         9215.39355469        21651.19335937          759.99432373 
        4980.46510022            0.50000000         9022.39355469        20662.19335937          749.99432373 
        4981.02290481            0.50000000         9007.39355469        20070.19335937          708.99432373 
        4981.47527912            0.50000000         9016.39355469        19715.19335937          703.99432373 
        4982.00316272            0.50000000         8989.39355469        19308.19335937          712.99432373 
        4982.42052871            0.50000000         8996.39355469        18996.19335937          696.99432373 
        4982.99893329            0.50000000         9017.39355469        18670.19335937          673.99432373 
        4983.47182523            0.50000000         8913.39355469        18337.19335937          644.99432373 
        4984.04546418            0.50000000         8985.39355469        18192.19335937          671.99432373 
        4984.46320443            0.50000000         8951.39355469        17954.19335937          662.99432373 
        4985.00185004            0.50000000         8942.39355469        17669.19335937          654.99432373 
        4985.46508635            0.50000000         8906.39355469        17319.19335937          652.99432373 
        4985.98382131            0.50000000         8872.39355469        16901.19335937          634.99432373 
        4986.42206804            0.50000000         8911.39355469        16680.19335937          623.99432373 
        4986.99644987            0.50000000         8867.39355469        16195.19433594          638.99432373 
        4987.47017180            0.50000000         8833.39355469        15913.19433594          649.99432373 
        4988.05490045            0.50000000         8949.39355469        15693.19433594          628.99432373 
        4988.46833355            0.50000000         8842.39355469        15236.19433594          616.99432373 
        4989.00288250            0.50000000         8907.39355469        15030.19433594          628.99432373 
        4989.46693217            0.50000000         8788.39355469        14582.19433594          606.99432373 
        4989.97648668            0.50000000         8751.39355469        14416.19433594          585.99432373 
        4990.41550109            0.50000000         8806.39355469        14569.19433594          594.99432373 
        4990.99088918            0.50000000         8794.39355469        14790.19433594          612.99432373 
        4991.46544110            0.50000000         8691.39355469        14938.19433594          615.99432373 
        4992.02089308            0.50000000         8732.39355469        15525.19433594          603.99432373 
        4992.46030081            0.50000000         8699.39355469        15821.19433594          611.99432373 
        4992.99073309            0.50000000         8657.39355469        16127.19433594          606.99432373 
        4993.46064743            0.50000000         8754.39355469        16536.19335937          635.99432373 
        4993.94582171            0.50000000         8618.39355469        16423.19335937          614.99432373 
        4994.42604354            0.50000000         8664.39355469        16669.19335937          623.99432373 
        4994.96704585            0.50000000         8721.39355469        16827.19335937          624.99432373 
        4995.44748237            0.50000000         8612.39355469        16721.19335937          622.99432373 
        4996.00390349            0.50000000         8537.39355469        16601.19335937          596.99432373 
        4996.47443794            0.50000000         8652.39355469        16800.19335937          616.99432373 
        4996.97543589            0.50000000         8595.39355469        16676.19335937          607.99432373 
        4997.45123255            0.50000000         8492.39355469        16420.19335937          592.99432373 
        4997.92206499            0.50000000         8452.39355469        16292.19433594          577.99432373 
        4998.44870213            0.50000000         8500.39355469        16258.19433594          585.99432373 
        4998.95519838            0.50000000         8408.39355469        15978.19433594          576.99432373 
        4999.45167354            0.50000000         8549.39355469        16048.19433594          571.99432373 
        4999.99386642            0.50000000         8506.39355469        15823.19433594          544.99432373 
        5000.49563599            0.50000000         8472.39355469        15616.19433594          546.99432373 
        5000.97216550            0.50000000         8435.39355469        15381.19433594          544.99432373 
        5001.47414964            0.50000000         8506.39355469        15391.19433594          541.99432373 
        5001.93059442            0.50000000         8439.39355469        15256.19433594          550.99432373 
        5002.45815509            0.50000000         8449.39355469        15252.19433594          537.99432373 
        5002.93509340            0.50000000         8342.39355469        15065.19433594          527.99432373 
        5003.46288562            0.50000000         8405.39355469        15300.19433594          530.99432373 
        5003.97049288            0.50000000         8231.39355469        15051.19433594          518.99432373 
        5004.50867945            0.50000000         8328.39355469        15416.19433594          521.99432373 
        5004.95049312            0.50000000         8282.39355469        15455.19433594          524.99432373 
        5005.47367006            0.50000000         8372.39355469        15708.19433594          532.99432373 
        5005.92583181            0.50000000         8230.39355469        15637.19433594          496.99432373 
        5007.60316580            0.50000000         8228.39355469        16176.19433594          536.99432373 
        5009.40385331            0.50000000         8193.39355469        16554.19335937          552.99432373 
        5011.20086323            0.50000000         8055.39404297        16659.19335937          549.99432373 
        5013.02986206            0.50000000         7994.39404297        16817.19335937          546.99432373 
        5014.83991647            0.50000000         7918.39404297        16901.19335937          558.99432373 
        5016.81986279            0.50000000         7872.39404297        17024.19335937          563.99432373 
        5018.75553150            0.50000000         7811.39404297        17035.19335937          567.99432373 
        5020.80022340            0.50000000         7737.39404297        17019.19335937          559.99432373 
        5022.79043168            0.50000000         7734.39404297        17092.19335937          555.99432373 
        5024.88482276            0.50000000         7613.39404297        16922.19335937          573.99432373 
        5026.92471671            0.50000000         7540.39404297        16838.19335937          555.99432373 
        5029.06906517            0.50000000         7400.39404297        16569.19335937          542.99432373 
        5031.21541128            0.50000000         7447.39404297        16643.19335937          534.99432373 
        5033.48202632            0.50000000         7379.39404297        16514.19335937          509.99432373 
        5035.75601840            0.50000000         7288.39404297        16296.19433594          493.99432373 
        5038.02710115            0.50000000         7253.39404297        16245.19433594          469.99432373 
        5040.29010512            0.50000000         7091.39404297        15788.19433594          443.99432373 
        5042.67406846            0.50000000         7115.39404297        15848.19433594          439.99432373 
        5045.13284748            0.50000000         7023.39404297        15712.19433594          432.99432373 
        5047.46490313            0.50000000         6936.39404297        15678.19433594          435.99432373 
        5049.99610963            0.50000000         6956.39404297        15841.19433594          430.99432373 
        5052.44194646            0.50000000         6755.39404297        15579.19433594          448.99432373 
        5054.96303029            0.50000000         6718.39404297        15636.19433594          448.99432373 
        5057.58558288            0.50000000         6629.39404297        15451.19433594          445.99432373 
        5060.17469022            0.50000000         6584.39404297        15364.19433594          443.99432373 
        5062.80314330            0.50000000         6485.39404297        15276.19433594          446.99432373 
        5065.57013484            0.50000000         6425.39404297        15181.19433594          437.99432373 
        5068.26734273            0.50000000         6350.39404297        15189.19433594          458.99432373 
        5071.07743389            0.50000000         6122.39404297        14830.19433594          435.99432373 
        5073.96941438            0.50000000         6178.39404297        15049.19433594          457.99432373 
        5076.79164087            0.50000000         6042.39404297        14921.19433594          447.99432373 
        5079.67499175            0.50000000         5820.39404297        14544.19433594          408.99432373 
        5082.71948375            0.50000000         5778.39404297        14575.19433594          420.99432373 
        5085.73113767            0.50000000         5647.39404297        14425.19433594          377.99432373 
        5088.71508442            0.50000000         5678.39404297        14544.19433594          386.99432373 
        5091.84521627            0.50000000         5536.39404297        14413.19433594          377.99432373 
        5094.96370323            0.50000000         5395.39404297        14234.19433594          356.99432373 
        5098.07049004            0.50000000         5350.39404297        14198.19433594          362.99432373 
        5101.23964079            0.50000000         5234.39404297        14172.19433594          372.99432373 
        5104.50851173            0.50000000         5158.39404297        14182.19433594          385.99432373 
        5107.78725428            0.50000000         5075.39404297        14028.19433594          389.99432373 
        5111.07058345            0.50000000         5074.39404297        14134.19433594          392.99432373 
        5114.40110086            0.50000000         4987.39404297        13973.19433594          392.99432373 
        5117.78432897            0.50000000         4867.39404297        13845.19433594          379.99432373 
        5121.18310842            0.50000000         4755.39404297        13711.19433594          384.99432373 
        5124.60819017            0.50000000         4664.39404297        13477.19433594          372.99432373 
        5128.09180859            0.50000000         4729.39404297        13857.19433594          386.99432373 
        5131.61812249            0.50000000         4571.39404297        13439.19433594          374.99432373 
        5135.14434185            0.50000000         4527.39404297        13490.19433594          363.99432373 
        5138.71886720            0.50000000         4416.39404297        13309.19433594          359.99432373 
        5142.42810781            0.50000000         4420.39404297        13373.19433594          359.99432373 
        5145.98668794            0.50000000         4188.39404297        12979.19433594          338.99432373 
        5149.70193983            0.50000000         4130.39404297        12878.19433594          333.99432373 
        5153.42843777            0.50000000         4086.39404297        12811.19433594          321.99432373 
        5157.18248472            0.50000000         3953.39404297        12625.19433594          335.99432373 
        5161.04564888            0.50000000         3883.39404297        12560.19433594          333.99432373 
        5164.84983618            0.50000000         3746.39404297        12269.19433594          329.99432373 
        5168.75272961            0.50000000         3723.39404297        12389.19433594          333.99432373 
        5172.70568737            0.50000000         3605.39404297        12050.19433594          323.99432373 
        5176.55043219            0.50000000         3462.39404297        11787.19433594          344.99432373 
        5180.56015224            0.50000000         2783.39404297         9613.19433594          301.99432373 
        5184.55468336            0.50000000         3358.39404297        11666.19433594          330.99432373 
        5188.54491822            0.50000000         3273.39404297        11611.19433594          330.99432373 
        5192.71240326            0.50000000         3127.39404297        11198.19433594          324.99432373 
        5196.83754631            0.50000000         2999.39404297        10854.19433594          328.99432373 
        5200.95323931            0.50000000         2879.39404297        10593.19433594          309.99432373 
        5205.15897853            0.50000000         2743.39404297        10193.19433594          299.99432373 
        5208.93438865            0.50000000         2554.39404297         9509.19433594          278.99432373 
