# 1-D Scan File created by LabVIEW Control Panel  12/5/2011  11:31:05 PM; Scan time 0 hrs 4 min 28 sec. 
#
# Beamline 20 BM
#
# Scan config: 
#                 E0: 4966.00 eV   223 points
#        Scan bounds:  -100.00 -30.00 40.00 243.35 (7.99 (k))
#       Scan step(s):  5.00 0.50 0.07
#  Integration times:  0.50 0.50 0.50    kwgt in EXAFS region: 0.0 
#
# User Comment:
# 50oC
#
#
# Amplifier Sensitivities:
# Preslit: 20 nA/V  I0: 20 nA/V  I: 100 pA/V  IREF: 50 pA/V  
#
# Analog Input Voltages at start/end of scan:
# Preslit: 0.035/0.032  I0: 0.694/0.502  Ignore: 0.019/0.014  I: 0.911/0.895  IREF: 0.241/0.148  
#
# Mono Info:
# 
#
# ID Info:
# 
#
# Slit Info:
# Kappa S1:  Center is at -542 (H), 500 (V)   Size is 8000 wide x 2000 high
# Vacuum Slits:  Center is at 850 (H), -25 (V)   Size is 899 wide x 1000 high
#
# Motor Positions:
# SMV (20bm:m29): -37594.243125 SMH (20bm:m30): 4802.187500 
#
# Detector Names/PVs:
# I0/20bm:scaler1_netA.C  I/20bm:scaler1_netA.E  IREF/20bm:scaler1_netA.F  
#
# Positioner names/Drive PVs/Readback PVs:
# Mono Energy */20bm:monoE.VAL/20bm:EnctoE.VAL  Scaler preset time */20bm:scaler1.TP/  
# Here is a readable list of column headings:
#  1) Mono Energy *        
#  2) Scaler preset time * 
#  3) I0                   
#  4) I                    
#  5) IREF                 
#
# Column Headings:
#Mono Energy *        Scaler preset time * I0                   I                    IREF                 
        4865.41045621            0.50000000        29954.39453125        40536.19531250         5778.99414062 
        4870.46676900            0.50000000        29829.39453125        40649.19531250         5725.99414062 
        4875.48189209            0.50000000        29748.39453125        40934.19531250         5701.99414062 
        4880.55163053            0.50000000        29591.39453125        41094.19531250         5550.99414062 
        4885.60405772            0.50000000        29409.39453125        41168.19531250         5498.99414062 
        4890.59073303            0.50000000        29442.39453125        41628.19531250         5472.99414062 
        4895.68053777            0.50000000        29374.39453125        41952.19531250         5420.99414062 
        4900.79653417            0.50000000        29299.39453125        42259.19531250         5322.99414062 
        4905.82218997            0.50000000        29193.39453125        42534.19531250         5305.99414062 
        4910.83480583            0.50000000        29162.39453125        43017.19531250         5275.99414062 
        4915.85378656            0.50000000        28784.39453125        42861.19531250         5120.99414062 
        4920.87913585            0.50000000        28935.39453125        43538.19531250         5158.99414062 
        4925.91085739            0.50000000        28836.39453125        43903.19531250         5151.99414062 
        4930.91945942            0.50000000        28840.39453125        44431.19531250         5116.99414062 
        4935.98850481            0.50000000        28728.39453125        44759.19531250         5145.99414062 
        4936.49110943            0.50000000        28847.39453125        45083.19531250         5138.99414062 
        4936.96425152            0.50000000        28886.39453125        45163.19531250         5173.99414062 
        4937.46707387            0.50000000        28909.39453125        45256.19531250         5195.99414062 
        4937.95028340            0.50000000        28717.39453125        45043.19531250         5103.99414062 
        4938.45332581            0.50000000        28803.39453125        45183.19531250         5182.99414062 
        4938.97128088            0.50000000        28848.39453125        45284.19531250         5174.99414062 
        4939.46468209            0.50000000        28726.39453125        45194.19531250         5130.99414062 
        4940.01248389            0.50000000        28787.39453125        45260.19531250         5176.99414062 
        4940.48636577            0.50000000        28815.39453125        45372.19531250         5171.99414062 
        4940.99491229            0.50000000        28776.39453125        45404.19531250         5127.99414062 
        4941.46900066            0.50000000        28632.39453125        45294.19531250         5110.99414062 
        4941.97282874            0.50000000        28678.39453125        45408.19531250         5152.99414062 
        4942.45206377            0.50000000        28790.39453125        45570.19531250         5168.99414062 
        4942.99564937            0.50000000        28634.39453125        45498.19531250         5141.99414062 
        4943.48004504            0.50000000        28644.39453125        45489.19531250         5112.99414062 
        4944.03871198            0.50000000        28707.39453125        45653.19531250         5177.99414062 
        4944.49365801            0.50000000        28545.39453125        45392.19531250         5117.99414062 
        4945.02289537            0.50000000        28572.39453125        45485.19531250         5108.99414062 
        4945.48793525            0.50000000        28480.39453125        45403.19531250         5093.99414062 
        4945.98771252            0.50000000        28527.39453125        45572.19531250         5073.99414062 
        4946.45790102            0.50000000        28670.39453125        45731.19531250         5185.99414062 
        4947.01235427            0.50000000        28610.39453125        45905.19531250         5142.99414062 
        4947.50256469            0.50000000        28620.39453125        45969.19531250         5159.99414062 
        4948.07708802            0.50000000        28628.39453125        45972.19531250         5175.99414062 
        4948.49816771            0.50000000        28481.39453125        45851.19531250         5150.99414062 
        4949.03825534            0.50000000        28534.39453125        46003.19531250         5129.99414062 
        4949.50412266            0.50000000        28617.39453125        46109.19531250         5173.99414062 
        4950.01470457            0.50000000        28493.39453125        46027.19531250         5140.99414062 
        4950.46093854            0.50000000        28549.39453125        46141.19531250         5192.99414062 
        4951.03621449            0.50000000        28673.39453125        46432.19531250         5233.99414062 
        4951.50745470            0.50000000        28581.39453125        46257.19531250         5165.99414062 
        4952.10284590            0.50000000        28657.39453125        46455.19531250         5209.99414062 
        4952.50482358            0.50000000        28626.39453125        46483.19531250         5188.99414062 
        4953.04586929            0.50000000        28606.39453125        46438.19531250         5164.99414062 
        4953.51256311            0.50000000        28659.39453125        46650.19531250         5205.99414062 
        4954.02405094            0.50000000        28575.39453125        46616.19531250         5182.99414062 
        4954.46610928            0.50000000        28569.39453125        46629.19531250         5160.99414062 
        4955.03743618            0.50000000        28677.39453125        46884.19531250         5208.99414062 
        4955.50454097            0.50000000        28510.39453125        46642.19531250         5101.99414062 
        4956.10098505            0.50000000        28640.39453125        46958.19531250         5170.99414062 
        4956.51361750            0.50000000        28398.39453125        46612.19531250         5149.99414062 
        4957.06059569            0.50000000        28510.39453125        46749.19531250         5159.99414062 
        4957.51319571            0.50000000        28547.39453125        46868.19531250         5164.99414062 
        4958.05046479            0.50000000        28485.39453125        46877.19531250         5152.99414062 
        4958.47340510            0.50000000        28457.39453125        46866.19531250         5152.99414062 
        4959.04076670            0.50000000        28544.39453125        47120.19531250         5153.99414062 
        4959.51865512            0.50000000        28458.39453125        46984.19531250         5146.99414062 
        4960.10121795            0.50000000        28544.39453125        47202.19531250         5198.99414062 
        4960.51457984            0.50000000        28463.39453125        47139.19531250         5124.99414062 
        4961.05256124            0.50000000        28675.39453125        47522.19531250         5183.99414062 
        4961.50595952            0.50000000        28361.39453125        47020.19531250         5108.99414062 
        4962.03919222            0.50000000        28644.39453125        47571.19531250         5162.99414062 
        4962.45789269            0.50000000        28361.39453125        47174.19531250         5081.99414062 
        4963.03622526            0.50000000        28613.39453125        47587.19531250         5127.99414062 
        4963.51495688            0.50000000        28256.39453125        47096.19531250         5021.99414062 
        4964.11351354            0.50000000        28457.39453125        47500.19531250         5007.99414062 
        4964.50266010            0.50000000        28297.39453125        47320.19531250         4869.99414062 
        4965.04657931            0.50000000        28437.39453125        47437.19531250         4803.99414062 
        4965.50576858            0.50000000        28282.39453125        47423.19531250         4526.99414062 
        4966.03994259            0.50000000        28375.39453125        47457.19531250         3968.99438477 
        4966.45438849            0.50000000        28242.39453125        47383.19531250         3175.99438477 
        4967.03873596            0.50000000        28345.39453125        47392.19531250         2775.99438477 
        4967.50332462            0.50000000        28206.39453125        47142.19531250         2926.99438477 
        4968.10293439            0.50000000        28411.39453125        47408.19531250         3318.99438477 
        4968.49276568            0.50000000        28267.39453125        47067.19531250         3418.99438477 
        4969.03764204            0.50000000        28349.39453125        46932.19531250         3398.99438477 
        4969.48763851            0.50000000        28268.39453125        46736.19531250         3272.99438477 
        4970.02775200            0.50000000        28334.39453125        46501.19531250         3069.99438477 
        4970.43792395            0.50000000        28209.39453125        46236.19531250         2944.99438477 
        4971.02830139            0.50000000        28312.39453125        46215.19531250         2880.99438477 
        4971.49370698            0.50000000        28167.39453125        46249.19531250         2823.99438477 
        4972.09437122            0.50000000        28269.39453125        46618.19531250         2821.99438477 
        4972.47988107            0.50000000        28148.39453125        46574.19531250         2743.99438477 
        4973.03573114            0.50000000        28289.39453125        46746.19531250         2695.99438477 
        4973.48652020            0.50000000        28128.39453125        46443.19531250         2537.99438477 
        4974.02257462            0.50000000        28250.39453125        46134.19531250         2404.99438477 
        4974.44349097            0.50000000        28171.39453125        45461.19531250         2280.99438477 
        4975.02989718            0.50000000        28191.39453125        44412.19531250         2122.99438477 
        4975.48609545            0.50000000        28133.39453125        43520.19531250         2023.99438477 
        4976.08280052            0.50000000        28304.39453125        42649.19531250         1962.99438477 
        4976.47901892            0.50000000        28003.39453125        41655.19531250         1812.99438477 
        4977.02581332            0.50000000        28325.39453125        41571.19531250         1787.99438477 
        4977.48743013            0.50000000        28064.39453125        40788.19531250         1683.99438477 
        4978.01940911            0.50000000        28256.39453125        40654.19531250         1665.99438477 
        4978.43102534            0.50000000        28070.39453125        40122.19531250         1572.99438477 
        4979.01846032            0.50000000        28199.39453125        39969.19531250         1570.99438477 
        4979.49052647            0.50000000        28078.39453125        39596.19531250         1528.99438477 
        4980.08325875            0.50000000        28263.39453125        39606.19531250         1463.99438477 
        4980.48017423            0.50000000        28005.39453125        38852.19531250         1442.99438477 
        4981.03295660            0.50000000        28046.39453125        38401.19531250         1418.99438477 
        4981.49035981            0.50000000        28075.39453125        37893.19531250         1400.99438477 
        4982.02327499            0.50000000        28015.39453125        36948.19531250         1339.99438477 
        4982.44064467            0.50000000        28011.39453125        36111.19531250         1342.99438477 
        4983.01905435            0.50000000        28086.39453125        34903.19531250         1320.99438477 
        4983.48691914            0.50000000        27949.39453125        33640.19531250         1282.99438477 
        4984.06056189            0.50000000        27991.39453125        32178.19335937         1267.99438477 
        4984.47830491            0.50000000        28007.39453125        31074.19335937         1243.99438477 
        4985.01695408            0.50000000        27954.39453125        29883.19335937         1239.99438477 
        4985.48019347            0.50000000        27954.39453125        29101.19335937         1226.99438477 
        4986.00396874            0.50000000        27868.39453125        28362.19335937         1200.99438477 
        4986.43214366            0.50000000        28015.39453125        28136.19335937         1193.99438477 
        4987.01156714            0.50000000        27933.39453125        27748.19335937         1187.99438477 
        4987.48025205            0.50000000        27851.39453125        27647.19335937         1205.99438477 
        4988.07002473            0.50000000        27979.39453125        27841.19335937         1214.99438477 
        4988.48346058            0.50000000        27727.39453125        27819.19335937         1195.99438477 
        4989.01296954            0.50000000        27929.39453125        28494.19335937         1206.99438477 
        4989.47702126            0.50000000        27767.39453125        28817.19335937         1233.99438477 
        4989.98657802            0.50000000        27731.39453125        29378.19335937         1229.99438477 
        4990.43064102            0.50000000        27770.39453125        30066.19335937         1219.99438477 
        4991.00603293            0.50000000        27727.39453125        30679.19335937         1248.99438477 
        4991.48058800            0.50000000        27651.39453125        31203.19335937         1247.99438477 
        4992.04109388            0.50000000        27708.39453125        31858.19335937         1244.99438477 
        4992.47040313            0.50000000        27626.39453125        32237.19335937         1243.99438477 
        4993.00589011            0.50000000        27580.39453125        32442.19335937         1242.99438477 
        4993.47075418            0.50000000        27675.39453125        32789.19531250         1252.99438477 
        4993.95593060            0.50000000        27546.39453125        32808.19531250         1256.99438477 
        4994.43615456            0.50000000        27568.39453125        32860.19531250         1250.99438477 
        4994.98221599            0.50000000        27708.39453125        33059.19531250         1260.99438477 
        4995.46771349            0.50000000        27629.39453125        32889.19531250         1228.99438477 
        4996.02413953            0.50000000        27473.39453125        32612.19335937         1206.99438477 
        4996.48961808            0.50000000        27680.39453125        32708.19335937         1225.99438477 
        4996.99568054            0.50000000        27647.39453125        32432.19335937         1198.99438477 
        4997.47148141            0.50000000        27452.39453125        31979.19335937         1171.99438477 
        4997.93725475            0.50000000        27563.39453125        31813.19335937         1178.99438477 
        4998.45883096            0.50000000        27424.39453125        31411.19335937         1140.99438477 
        4998.97039500            0.50000000        27360.39453125        30995.19335937         1126.99438477 
        4999.46687346            0.50000000        27548.39453125        31015.19335937         1104.99438477 
        5000.00906995            0.50000000        27530.39453125        30882.19335937         1132.99438477 
        5000.50070493            0.50000000        27478.39453125        30736.19335937         1094.99438477 
        5000.98230551            0.50000000        27407.39453125        30649.19335937         1080.99438477 
        5001.47922075            0.50000000        27610.39453125        30875.19335937         1102.99438477 
        5001.94073867            0.50000000        27499.39453125        30932.19335937         1072.99438477 
        5002.45815509            0.50000000        27470.39453125        31011.19335937         1088.99438477 
        5002.93509340            0.50000000        27265.39453125        30984.19335937         1068.99438477 
        5003.47303666            0.50000000        27438.39453125        31507.19335937         1084.99438477 
        5003.99079951            0.50000000        27218.39453125        31538.19335937         1053.99438477 
        5004.51375728            0.50000000        27311.39453125        31982.19335937         1065.99438477 
        5004.96065075            0.50000000        27188.39453125        32178.19335937         1064.99438477 
        5005.48383002            0.50000000        27385.39453125        32854.19531250         1106.99438477 
        5005.92583181            0.50000000        27206.39453125        33050.19531250         1069.99438477 
        5007.60316580            0.50000000        27239.39453125        34352.19531250         1103.99438477 
        5009.40894200            0.50000000        27227.39453125        35324.19531250         1122.99438477 
        5011.20086323            0.50000000        26974.39453125        35592.19531250         1131.99438477 
        5013.02476533            0.50000000        26953.39453125        35734.19531250         1175.99438477 
        5014.83991647            0.50000000        26785.39453125        35444.19531250         1158.99438477 
        5016.81475764            0.50000000        26797.39453125        35448.19531250         1156.99438477 
        5018.75553150            0.50000000        26675.39453125        35537.19531250         1154.99438477 
        5020.79510940            0.50000000        26670.39453125        35900.19531250         1163.99438477 
        5022.78019484            0.50000000        26679.39453125        36407.19531250         1176.99438477 
        5024.87457660            0.50000000        26507.39453125        36534.19531250         1171.99438477 
        5026.91958908            0.50000000        26461.39453125        36633.19531250         1163.99438477 
        5029.06393276            0.50000000        26303.39453125        36358.19531250         1153.99438477 
        5031.19999976            0.50000000        26358.39453125        36376.19531250         1121.99438477 
        5033.47174186            0.50000000        26296.39453125        36163.19531250         1093.99438477 
        5035.74057651            0.50000000        26151.39453125        35590.19531250         1034.99438477 
        5038.01679641            0.50000000        26088.39453125        35063.19531250         1000.99432373 
        5040.27463287            0.50000000        25865.39453125        34602.19531250          949.99432373 
        5042.65858025            0.50000000        25957.39453125        34876.19531250          962.99432373 
        5045.12251101            0.50000000        25779.39453125        34987.19531250          965.99432373 
        5047.45972967            0.50000000        25685.39453125        35212.19531250          969.99432373 
        5049.99093051            0.50000000        25633.39453125        35433.19531250          979.99432373 
        5052.43676187            0.50000000        25329.39453125        35208.19531250          986.99432373 
        5054.95784006            0.50000000        25344.39453125        35437.19531250         1027.99438477 
        5057.58558288            0.50000000        25166.39453125        35551.19531250         1016.99432373 
        5060.17469022            0.50000000        25115.39453125        35880.19531250         1040.99438477 
        5062.79793550            0.50000000        25019.39453125        36209.19531250         1061.99438477 
        5065.57013484            0.50000000        24970.39453125        36401.19531250         1067.99438477 
        5068.27778288            0.50000000        24813.39453125        36452.19531250         1060.99438477 
        5071.08266027            0.50000000        24437.39453125        36232.19531250         1068.99438477 
        5073.97464726            0.50000000        24671.39453125        37043.19531250         1087.99438477 
        5076.79688009            0.50000000        24338.39453125        36964.19531250         1057.99438477 
        5079.68548317            0.50000000        24004.39453125        36666.19531250         1010.99432373 
        5082.72473631            0.50000000        23987.39453125        37091.19531250          979.99432373 
        5085.73639701            0.50000000        23750.39453125        37128.19531250          957.99432373 
        5088.72561655            0.50000000        23891.39453125        37703.19531250          922.99432373 
        5091.85576252            0.50000000        23642.39453125        37577.19531250          904.99432373 
        5094.97954372            0.50000000        23407.39453125        37530.19531250          896.99432373 
        5098.08635157            0.50000000        23356.39453125        37812.19531250          947.99432373 
        5101.25552379            0.50000000        23113.39453125        37840.19531250          974.99432373 
        5104.52971864            0.50000000        23042.39453125        38154.19531250         1012.99432373 
        5107.81380002            0.50000000        22910.39453125        38307.19531250         1050.99438477 
        5111.09184973            0.50000000        22917.39453125        38608.19531250         1064.99438477 
        5114.41707317            0.50000000        22785.39453125        38723.19531250         1060.99438477 
        5117.78966073            0.50000000        22522.39453125        38493.19531250         1061.99438477 
        5121.19378736            0.50000000        22189.39453125        38202.19531250         1040.99438477 
        5124.62957918            0.50000000        22010.39453125        38137.19531250         1056.99438477 
        5128.10787405            0.50000000        22164.39453125        38800.19531250         1067.99438477 
        5131.62884880            0.50000000        21951.39453125        38796.19531250         1063.99438477 
        5135.14971302            0.50000000        21627.39453125        38637.19531250         1046.99438477 
        5138.72962582            0.50000000        21492.39453125        38759.19531250         1044.99438477 
        5142.43349555            0.50000000        21458.39453125        39054.19531250         1025.99438477 
        5145.99747965            0.50000000        20886.39453125        38449.19531250          975.99432373 
        5149.71274848            0.50000000        20816.39453125        38823.19531250          990.99432373 
        5153.43926342            0.50000000        20663.39453125        38941.19531250          986.99432373 
        5157.18790611            0.50000000        20492.39453125        39137.19531250          983.99432373 
        5161.04564888            0.50000000        20350.39453125        39420.19531250         1031.99438477 
        5164.86615295            0.50000000        19963.39453125        39294.19531250         1011.99432373 
        5168.75272961            0.50000000        19860.39453125        39591.19531250         1025.99438477 
        5172.71114426            0.50000000        19571.39453125        39547.19531250         1064.99438477 
        5176.55589789            0.50000000        19173.39453125        39313.19531250         1071.99438477 
        5180.56562714            0.50000000        15935.39355469        33235.19531250          935.99432373 
        5184.56016742            0.50000000        19219.39453125        40211.19531250         1101.99438477 
        5188.55041144            0.50000000        18909.39453125        40217.19531250         1105.99438477 
        5192.71240326            0.50000000        18419.39453125        39727.19531250         1119.99438477 
        5196.84305860            0.50000000        17989.39453125        39241.19531250         1093.99438477 
        5200.95876107            0.50000000        17702.39453125        39096.19531250         1108.99438477 
        5205.15897853            0.50000000        17360.39453125        38813.19531250         1067.99438477 
        5208.93438865            0.50000000        16626.39453125        37717.19531250         1051.99438477 
