# 1-D Scan File created by LabVIEW Control Panel  12/5/2011  9:25:35 PM; Scan time 0 hrs 4 min 29 sec. 
#
# Beamline 20 BM
#
# Scan config: 
#                 E0: 4966.00 eV   223 points
#        Scan bounds:  -100.00 -30.00 40.00 243.35 (7.99 (k))
#       Scan step(s):  5.00 0.50 0.07
#  Integration times:  0.50 0.50 0.50    kwgt in EXAFS region: 0.0 
#
# User Comment:
# 50oC
#
#
# Amplifier Sensitivities:
# Preslit: 20 nA/V  I0: 20 nA/V  I: 100 pA/V  IREF: 50 pA/V  
#
# Analog Input Voltages at start/end of scan:
# Preslit: 0.033/0.033  I0: 0.941/0.755  Ignore: 0.027/0.021  I: 0.979/1.223  IREF: 0.253/0.156  
#
# Mono Info:
# 
#
# ID Info:
# 
#
# Slit Info:
# Kappa S1:  Center is at -542 (H), 500 (V)   Size is 8000 wide x 2000 high
# Vacuum Slits:  Center is at 850 (H), -25 (V)   Size is 899 wide x 1000 high
#
# Motor Positions:
# SMV (20bm:m29): -37594.243125 SMH (20bm:m30): 4802.187500 
#
# Detector Names/PVs:
# I0/20bm:scaler1_netA.C  I/20bm:scaler1_netA.E  IREF/20bm:scaler1_netA.F  
#
# Positioner names/Drive PVs/Readback PVs:
# Mono Energy */20bm:monoE.VAL/20bm:EnctoE.VAL  Scaler preset time */20bm:scaler1.TP/  
# Here is a readable list of column headings:
#  1) Mono Energy *        
#  2) Scaler preset time * 
#  3) I0                   
#  4) I                    
#  5) IREF                 
#
# Column Headings:
#Mono Energy *        Scaler preset time * I0                   I                    IREF                 
        4865.42477727            0.50000000        42119.39453125        43900.19531250         6399.99414062 
        4870.49547667            0.50000000        42046.39453125        44220.19531250         6416.99414062 
        4875.51066475            0.50000000        42170.39453125        44876.19531250         6392.99414062 
        4880.59488829            0.50000000        42103.39453125        45107.19531250         6250.99414062 
        4885.64741389            0.50000000        41961.39453125        45382.19531250         6150.99414062 
        4890.64384284            0.50000000        42060.39453125        45936.19531250         6162.99414062 
        4895.72892974            0.50000000        42070.39453125        46533.19531250         6151.99414062 
        4900.83533650            0.50000000        42023.39453125        46774.19531250         5997.99414062 
        4905.86107966            0.50000000        41895.39453125        47221.19531250         6054.99414062 
        4910.87378275            0.50000000        41985.39453125        47793.19531250         6103.99414062 
        4915.89285089            0.50000000        41666.39453125        48000.19531250         5942.99414062 
        4920.92318185            0.50000000        41744.39453125        48623.19531250         5868.99414062 
        4925.95990720            0.50000000        41720.39453125        49230.19531250         5863.99414062 
        4930.97353460            0.50000000        41698.39453125        49688.19531250         5826.99414062 
        4936.03284777            0.50000000        41655.39453125        50321.19531250         5830.99414062 
        4936.53546228            0.50000000        41784.39453125        50513.19531250         5870.99414062 
        4937.01847206            0.50000000        41853.39453125        50618.19531250         5892.99414062 
        4937.52130651            0.50000000        41846.39453125        50715.19531250         5883.99414062 
        4937.99959632            0.50000000        41607.39453125        50498.19531250         5839.99414062 
        4938.49278487            0.50000000        41732.39453125        50668.19531250         5908.99414062 
        4939.02061614            0.50000000        41746.39453125        50803.19531250         5929.99414062 
        4939.51896281            0.50000000        41680.39453125        50796.19531250         5860.99414062 
        4940.07664957            0.50000000        41671.39453125        50742.19531250         5902.99414062 
        4940.53573420            0.50000000        41786.39453125        50969.19531250         5867.99414062 
        4941.04922986            0.50000000        41816.39453125        51127.19531250         5862.99414062 
        4941.52332965            0.50000000        41522.39453125        50871.19531250         5822.99414062 
        4942.02222971            0.50000000        41647.39453125        51044.19531250         5812.99414062 
        4942.48665168            0.50000000        41839.39453125        51364.19531250         5889.99414062 
        4943.04013035            0.50000000        41694.39453125        51227.19531250         5843.99414062 
        4943.53442247            0.50000000        41653.39453125        51261.19531250         5863.99414062 
        4944.09804757            0.50000000        41834.39453125        51522.19531250         5891.99414062 
        4944.53816852            0.50000000        41607.39453125        51381.19531250         5839.99414062 
        4945.06246950            0.50000000        41527.39453125        51256.19531250         5804.99414062 
        4945.54236107            0.50000000        41560.39453125        51381.19531250         5782.99414062 
        4946.04215039            0.50000000        41581.39453125        51418.19531250         5832.99414062 
        4946.50245027            0.50000000        41696.39453125        51667.19531250         5914.99414062 
        4947.05691446            0.50000000        41652.39453125        51747.19531250         5884.99414062 
        4947.55208681            0.50000000        41633.39453125        51806.19531250         5928.99414062 
        4948.12662273            0.50000000        41631.39453125        51820.19531250         5858.99414062 
        4948.54771166            0.50000000        41567.39453125        51846.19531250         5899.99414062 
        4949.08285550            0.50000000        41538.39453125        51870.19531250         5881.99414062 
        4949.54873201            0.50000000        41568.39453125        51967.19531250         5855.99414062 
        4950.06428177            0.50000000        41470.39453125        51899.19531250         5854.99414062 
        4950.51052552            0.50000000        41496.39453125        51949.19531250         5832.99414062 
        4951.07589409            0.50000000        41795.39453125        52440.19531250         5916.99414062 
        4951.55210361            0.50000000        41495.39453125        52150.19531250         5877.99414062 
        4952.14750656            0.50000000        41664.39453125        52422.19531250         5951.99414062 
        4952.55445541            0.50000000        41685.39453125        52464.19531250         5922.99414062 
        4953.09551299            0.50000000        41581.39453125        52433.19531250         5891.99414062 
        4953.55725161            0.50000000        41720.39453125        52614.19531250         5911.99414062 
        4954.07868268            0.50000000        41617.39453125        52651.19531250         5885.99414062 
        4954.51578416            0.50000000        41684.39453125        52728.19531250         5931.99414062 
        4955.07718603            0.50000000        41707.39453125        52809.19531250         5921.99414062 
        4955.55423864            0.50000000        41521.39453125        52714.19531250         5832.99414062 
        4956.14572470            0.50000000        41739.39453125        53005.19531250         5907.99414062 
        4956.55836530            0.50000000        41391.39453125        52646.19531250         5826.99414062 
        4957.10038107            0.50000000        41568.39453125        52931.19531250         5894.99414062 
        4957.55796326            0.50000000        41624.39453125        53092.19531250         5871.99414062 
        4958.09026757            0.50000000        41563.39453125        53077.19531250         5854.99414062 
        4958.51819164            0.50000000        41562.39453125        53141.19531250         5878.99414062 
        4959.08058688            0.50000000        41562.39453125        53209.19531250         5886.99414062 
        4959.56346233            0.50000000        41506.39453125        53169.19531250         5822.99414062 
        4960.14603668            0.50000000        41563.39453125        53371.19531250         5858.99414062 
        4960.56936840            0.50000000        41493.39453125        53323.19531250         5838.99414062 
        4961.09241679            0.50000000        41709.39453125        53658.19531250         5892.99414062 
        4961.55080604            0.50000000        41302.39453125        53208.19531250         5785.99414062 
        4962.08903346            0.50000000        41683.39453125        53680.19531250         5828.99414062 
        4962.50774314            0.50000000        41402.39453125        53470.19531250         5763.99414062 
        4963.07611570            0.50000000        41761.39453125        53840.19531250         5810.99414062 
        4963.55984315            0.50000000        41524.39453125        53726.19531250         5726.99414062 
        4964.15342294            0.50000000        41697.39453125        53992.19531250         5705.99414062 
        4964.54756592            0.50000000        41587.39453125        53940.19531250         5626.99414062 
        4965.09149590            0.50000000        41694.39453125        54063.19531250         5492.99414062 
        4965.54570248            0.50000000        41503.39453125        53938.19531250         5166.99414062 
        4966.08487885            0.50000000        41605.39453125        54089.19531250         4429.99414062 
        4966.49933295            0.50000000        41573.39453125        54094.19531250         3567.99438477 
        4967.07869684            0.50000000        41638.39453125        54060.19531250         3170.99438477 
        4967.55328606            0.50000000        41507.39453125        53872.19531250         3408.99438477 
        4968.14291401            0.50000000        41613.39453125        53829.19531250         3850.99438477 
        4968.53775051            0.50000000        41578.39453125        53682.19531250         3974.99438477 
        4969.08263767            0.50000000        41655.39453125        53488.19531250         3892.99438477 
        4969.53264307            0.50000000        41430.39453125        53025.19531250         3709.99438477 
        4970.07776900            0.50000000        41634.39453125        53055.19531250         3568.99438477 
        4970.48794999            0.50000000        41504.39453125        52753.19531250         3411.99438477 
        4971.07333647            0.50000000        41588.39453125        52792.19531250         3292.99438477 
        4971.54375627            0.50000000        41418.39453125        52867.19531250         3244.99438477 
        4972.13442114            0.50000000        41583.39453125        53297.19531250         3235.99438477 
        4972.53495924            0.50000000        41485.39453125        53212.19531250         3209.99438477 
        4973.08080602            0.50000000        41525.39453125        53292.19531250         3089.99438477 
        4973.53160402            0.50000000        41391.39453125        52879.19531250         2890.99438477 
        4974.07769019            0.50000000        41570.39453125        52616.19531250         2775.99438477 
        4974.48859377            0.50000000        41509.39453125        51815.19531250         2646.99438477 
        4975.07501161            0.50000000        41564.39453125        50490.19531250         2487.99438477 
        4975.53623271            0.50000000        41448.39453125        49320.19531250         2334.99438477 
        4976.12793584            0.50000000        41650.39453125        48319.19531250         2232.99438477 
        4976.52917807            0.50000000        41341.39453125        47313.19531250         2137.99438477 
        4977.07096735            0.50000000        41661.39453125        47041.19531250         2088.99438477 
        4977.53259333            0.50000000        41337.39453125        46193.19531250         1962.99438477 
        4978.06960222            0.50000000        41631.39453125        46213.19531250         1920.99438477 
        4978.48122753            0.50000000        41366.39453125        45606.19531250         1850.99438477 
        4979.05863235            0.50000000        41703.39453125        45591.19531250         1850.99438477 
        4979.54075204            0.50000000        41426.39453125        45049.19531250         1790.99438477 
        4980.13349739            0.50000000        41703.39453125        45008.19531250         1765.99438477 
        4980.53042163            0.50000000        41402.39453125        44403.19531250         1697.99438477 
        4981.07819019            0.50000000        41407.39453125        43811.19531250         1643.99438477 
        4981.54062950            0.50000000        41483.39453125        43239.19531250         1618.99438477 
        4982.07355644            0.50000000        41376.39453125        42054.19531250         1601.99438477 
        4982.48087711            0.50000000        41450.39453125        41084.19531250         1580.99438477 
        4983.05929701            0.50000000        41502.39453125        39493.19531250         1543.99438477 
        4983.53723290            0.50000000        41298.39453125        37838.19531250         1514.99438477 
        4984.11592102            0.50000000        41434.39453125        36287.19531250         1506.99438477 
        4984.53367419            0.50000000        41416.39453125        35010.19531250         1472.99438477 
        4985.06226683            0.50000000        41434.39453125        33684.19531250         1425.99438477 
        4985.53055125            0.50000000        41437.39453125        32834.19531250         1456.99438477 
        4986.04930110            0.50000000        41270.39453125        31973.19335937         1430.99438477 
        4986.48252247            0.50000000        41451.39453125        31679.19335937         1450.99438477 
        4987.05691953            0.50000000        41379.39453125        31447.19335937         1446.99438477 
        4987.53569427            0.50000000        41339.39453125        31337.19335937         1435.99438477 
        4988.11539818            0.50000000        41480.39453125        31666.19335937         1445.99438477 
        4988.52884224            0.50000000        41278.39453125        31857.19335937         1454.99438477 
        4989.05836174            0.50000000        41382.39453125        32558.19335937         1458.99438477 
        4989.53251202            0.50000000        41201.39453125        33062.19531250         1443.99438477 
        4990.03703537            0.50000000        41136.39453125        33730.19531250         1450.99438477 
        4990.47606143            0.50000000        41224.39453125        34580.19531250         1444.99438477 
        4991.04641676            0.50000000        41250.39453125        35424.19531250         1488.99438477 
        4991.52602929            0.50000000        41110.39453125        35972.19531250         1491.99438477 
        4992.09664700            0.50000000        41203.39453125        36752.19531250         1521.99438477 
        4992.52091541            0.50000000        41062.39453125        36975.19531250         1504.99438477 
        4993.04630932            0.50000000        41054.39453125        37373.19531250         1489.99438477 
        4993.52634208            0.50000000        41104.39453125        37546.19531250         1509.99438477 
        4994.01658490            0.50000000        41029.39453125        37726.19531250         1463.99438477 
        4994.48165469            0.50000000        41153.39453125        37932.19531250         1511.99438477 
        4995.02267018            0.50000000        41266.39453125        38033.19531250         1506.99438477 
        4995.51323417            0.50000000        41226.39453125        37958.19531250         1532.99438477 
        4996.07473044            0.50000000        40961.39453125        37484.19531250         1473.99438477 
        4996.53009895            0.50000000        41213.39453125        37487.19531250         1477.99438477 
        4997.04123166            0.50000000        41140.39453125        37193.19531250         1458.99438477 
        4997.52210436            0.50000000        41008.39453125        36816.19531250         1447.99438477 
        4997.98788800            0.50000000        41110.39453125        36571.19531250         1429.99438477 
        4998.49934671            0.50000000        40933.39453125        36091.19531250         1388.99438477 
        4999.01091982            0.50000000        40962.39453125        35812.19531250         1375.99438477 
        4999.50740707            0.50000000        41134.39453125        35752.19531250         1369.99438477 
        5000.05468112            0.50000000        41204.39453125        35641.19531250         1362.99438477 
        5000.54125686            0.50000000        41130.39453125        35469.19531250         1349.99438477 
        5001.02286597            0.50000000        40946.39453125        35337.19531250         1329.99438477 
        5001.52993245            0.50000000        41198.39453125        35671.19531250         1347.99438477 
        5001.98638835            0.50000000        41083.39453125        35719.19531250         1326.99438477 
        5002.49366835            0.50000000        41134.39453125        35955.19531250         1330.99438477 
        5002.99091182            0.50000000        40898.39453125        36013.19531250         1302.99438477 
        5003.51364128            0.50000000        41124.39453125        36608.19531250         1321.99438477 
        5004.03141331            0.50000000        40809.39453125        36695.19531250         1304.99438477 
        5004.54930243            0.50000000        40928.39453125        37281.19531250         1323.99438477 
        5005.00128176            0.50000000        40831.39453125        37540.19531250         1312.99438477 
        5005.52955039            0.50000000        41045.39453125        38219.19531250         1341.99438477 
        5005.97156100            0.50000000        40892.39453125        38516.19531250         1322.99438477 
        5007.65401327            0.50000000        40935.39453125        40108.19531250         1378.99438477 
        5009.44965194            0.50000000        41035.39453125        41403.19531250         1393.99438477 
        5011.25179054            0.50000000        40761.39453125        41737.19531250         1433.99438477 
        5013.08592683            0.50000000        40784.39453125        42033.19531250         1430.99438477 
        5014.89092459            0.50000000        40610.39453125        41753.19531250         1434.99438477 
        5016.86070439            0.50000000        40696.39453125        41757.19531250         1464.99438477 
        5018.79640751            0.50000000        40521.39453125        41856.19531250         1450.99438477 
        5020.84113579            0.50000000        40566.39453125        42473.19531250         1478.99438477 
        5022.82626097            0.50000000        40567.39453125        43073.19531250         1431.99438477 
        5024.92068468            0.50000000        40374.39453125        43306.19531250         1463.99438477 
        5026.96061042            0.50000000        40401.39453125        43415.19531250         1444.99438477 
        5029.11012480            0.50000000        40223.39453125        43308.19531250         1450.99438477 
        5031.25650918            0.50000000        40354.39453125        43356.19531250         1409.99438477 
        5033.52316464            0.50000000        40407.39453125        43118.19531250         1394.99438477 
        5035.79719729            0.50000000        40207.39453125        42408.19531250         1319.99438477 
        5038.05801565            0.50000000        40236.39453125        41974.19531250         1287.99438477 
        5040.32620743            0.50000000        39996.39453125        41602.19531250         1222.99438477 
        5042.69988239            0.50000000        40233.39453125        42039.19531250         1211.99438477 
        5045.16902551            0.50000000        40120.39453125        42396.19531250         1226.99438477 
        5047.49594411            0.50000000        40042.39453125        42714.19531250         1211.99438477 
        5050.03236377            0.50000000        40074.39453125        43117.19531250         1237.99438477 
        5052.47305423            0.50000000        39786.39453125        43019.19531250         1273.99438477 
        5054.99936224            0.50000000        39778.39453125        43289.19531250         1315.99438477 
        5057.62715214            0.50000000        39718.39453125        43653.19531250         1328.99438477 
        5060.21110389            0.50000000        39622.39453125        44104.19531250         1324.99438477 
        5062.83439034            0.50000000        39651.39453125        44622.19531250         1334.99438477 
        5065.61184730            0.50000000        39590.39453125        45000.19531250         1367.99438477 
        5068.31432378            0.50000000        39545.39453125        45252.19531250         1391.99438477 
        5071.12447173            0.50000000        39133.39453125        45213.19531250         1381.99438477 
        5074.02174367            0.50000000        39462.39453125        46132.19531250         1400.99438477 
        5076.84403361            0.50000000        39286.39453125        46455.19531250         1373.99438477 
        5079.72744933            0.50000000        38804.39453125        46216.19531250         1332.99438477 
        5082.78251522            0.50000000        38952.39453125        46847.19531250         1277.99438477 
        5085.78899104            0.50000000        38606.39453125        46977.19531250         1251.99438477 
        5088.76774556            0.50000000        38895.39453125        47773.19531250         1222.99438477 
        5091.91376772            0.50000000        38649.39453125        47812.19531250         1206.99438477 
        5095.03762644            0.50000000        38414.39453125        47783.19531250         1209.99438477 
        5098.15508610            0.50000000        38352.39453125        48182.19531250         1236.99438477 
        5101.31376238            0.50000000        38114.39453125        48413.19531250         1268.99438477 
        5104.59334051            0.50000000        37979.39453125        48837.19531250         1321.99438477 
        5107.86689239            0.50000000        37836.39453125        49086.19531250         1367.99438477 
        5111.14501627            0.50000000        38042.39453125        49809.19531250         1383.99438477 
        5114.47563926            0.50000000        37889.39453125        49902.19531250         1386.99438477 
        5117.84297898            0.50000000        37499.39453125        49735.19531250         1372.99438477 
        5121.24184319            0.50000000        37188.39453125        49497.19531250         1396.99438477 
        5124.67770516            0.50000000        37123.39453125        49788.19531250         1398.99438477 
        5128.15607109            0.50000000        37434.39453125        50682.19531250         1433.99438477 
        5131.67711783            0.50000000        37035.39453125        50703.19531250         1412.99438477 
        5135.20342537            0.50000000        36917.39453125        51013.19531250         1403.99438477 
        5138.78879905            0.50000000        36746.39453125        51205.19531250         1406.99438477 
        5142.48737365            0.50000000        36776.39453125        51733.19531250         1390.99438477 
        5146.05143894            0.50000000        36189.39453125        51346.19531250         1343.99438477 
        5149.76679246            0.50000000        36144.39453125        51993.19531250         1333.99438477 
        5153.48256651            0.50000000        36051.39453125        52473.19531250         1341.99438477 
        5157.24212066            0.50000000        35725.39453125        52532.19531250         1363.99438477 
        5161.10538190            0.50000000        35676.39453125        53133.19531250         1385.99438477 
        5164.91510392            0.50000000        35239.39453125        53115.19531250         1404.99438477 
        5168.80176060            0.50000000        35161.39453125        53829.19531250         1426.99438477 
        5172.76571383            0.50000000        34777.39453125        54008.19531250         1461.99438477 
        5176.60508973            0.50000000        34280.39453125        53886.19531250         1502.99438477 
        5180.62585177            0.50000000        28947.39453125        46399.19531250         1350.99438477 
        5184.61500869            0.50000000        34892.39453125        55913.19531250         1582.99438477 
        5188.61083770            0.50000000        34443.39453125        55951.19531250         1583.99438477 
        5192.75642600            0.50000000        33795.39453125        55515.19531250         1597.99438477 
        5196.89818216            0.50000000        33371.39453125        55474.19531250         1587.99438477 
        5201.00845748            0.50000000        33029.39453125        55432.19531250         1576.99438477 
        5205.20876203            0.50000000        32529.39453125        55394.19531250         1589.99438477 
        5208.97871022            0.50000000        31815.39453125        54945.19531250         1549.99438477 
