# 1-D Scan File created by LabVIEW Control Panel  12/5/2011  10:25:50 PM; Scan time 0 hrs 4 min 28 sec. 
#
# Beamline 20 BM
#
# Scan config: 
#                 E0: 4966.00 eV   223 points
#        Scan bounds:  -100.00 -30.00 40.00 243.35 (7.99 (k))
#       Scan step(s):  5.00 0.50 0.07
#  Integration times:  0.50 0.50 0.50    kwgt in EXAFS region: 0.0 
#
# User Comment:
# 50oC
#
#
# Amplifier Sensitivities:
# Preslit: 20 nA/V  I0: 20 nA/V  I: 100 pA/V  IREF: 50 pA/V  
#
# Analog Input Voltages at start/end of scan:
# Preslit: 0.035/0.032  I0: 0.817/0.604  Ignore: 0.022/0.016  I: 0.956/1.068  IREF: 0.252/0.155  
#
# Mono Info:
# 
#
# ID Info:
# 
#
# Slit Info:
# Kappa S1:  Center is at -542 (H), 500 (V)   Size is 8000 wide x 2000 high
# Vacuum Slits:  Center is at 850 (H), -25 (V)   Size is 899 wide x 1000 high
#
# Motor Positions:
# SMV (20bm:m29): -37594.243125 SMH (20bm:m30): 4802.187500 
#
# Detector Names/PVs:
# I0/20bm:scaler1_netA.C  I/20bm:scaler1_netA.E  IREF/20bm:scaler1_netA.F  
#
# Positioner names/Drive PVs/Readback PVs:
# Mono Energy */20bm:monoE.VAL/20bm:EnctoE.VAL  Scaler preset time */20bm:scaler1.TP/  
# Here is a readable list of column headings:
#  1) Mono Energy *        
#  2) Scaler preset time * 
#  3) I0                   
#  4) I                    
#  5) IREF                 
#
# Column Headings:
#Mono Energy *        Scaler preset time * I0                   I                    IREF                 
        4865.41522989            0.50000000        35837.39453125        42850.19531250         6320.99414062 
        4870.47155359            0.50000000        35754.39453125        43156.19531250         6277.99414062 
        4875.48668751            0.50000000        35684.39453125        43439.19531250         6143.99414062 
        4880.55643691            0.50000000        35595.39453125        43641.19531250         6091.99414062 
        4885.60887503            0.50000000        35486.39453125        43878.19531250         6011.99414062 
        4890.60038926            0.50000000        35518.39453125        44388.19531250         6011.99414062 
        4895.69021608            0.50000000        35385.39453125        44612.19531250         5930.99414062 
        4900.80138442            0.50000000        35333.39453125        44982.19531250         5834.99414062 
        4905.83191233            0.50000000        35286.39453125        45404.19531250         5829.99414062 
        4910.84455000            0.50000000        35230.39453125        45781.19531250         5811.99414062 
        4915.86355258            0.50000000        34912.39453125        45870.19531250         5620.99414062 
        4920.88892378            0.50000000        35201.39453125        46687.19531250         5736.99414062 
        4925.92557222            0.50000000        35019.39453125        47045.19531250         5660.99414062 
        4930.93912297            0.50000000        35022.39453125        47586.19531250         5634.99414062 
        4936.00328570            0.50000000        34968.39453125        48005.19531250         5652.99414062 
        4936.50589362            0.50000000        35074.39453125        48330.19531250         5646.99414062 
        4936.98889706            0.50000000        35095.39453125        48399.19531250         5676.99414062 
        4937.48186446            0.50000000        35174.39453125        48559.19531250         5663.99414062 
        4937.96014590            0.50000000        34925.39453125        48289.19531250         5585.99414062 
        4938.46319051            0.50000000        35002.39453125        48413.19531250         5609.99414062 
        4938.98114785            0.50000000        35055.39453125        48511.19531250         5664.99414062 
        4939.47948579            0.50000000        34974.39453125        48529.19531250         5601.99414062 
        4940.03716278            0.50000000        34963.39453125        48464.19531250         5652.99414062 
        4940.50117619            0.50000000        34993.39453125        48600.19531250         5642.99414062 
        4941.01466398            0.50000000        34993.39453125        48736.19531250         5615.99414062 
        4941.48875650            0.50000000        34819.39453125        48545.19531250         5576.99414062 
        4941.98764892            0.50000000        34916.39453125        48726.19531250         5629.99414062 
        4942.46194598            0.50000000        35064.39453125        48989.19531250         5668.99414062 
        4943.00553395            0.50000000        34941.39453125        48857.19531250         5630.99414062 
        4943.49487512            0.50000000        34930.39453125        48935.19531250         5622.99414062 
        4944.05849034            0.50000000        35112.39453125        49228.19531250         5661.99414062 
        4944.50354916            0.50000000        34842.39453125        48880.19531250         5605.99414062 
        4945.03278883            0.50000000        34871.39453125        48929.19531250         5588.99414062 
        4945.50772630            0.50000000        34737.39453125        48946.19531250         5558.99414062 
        4946.00750796            0.50000000        34743.39453125        48971.19531250         5578.99414062 
        4946.47275067            0.50000000        34949.39453125        49287.19531250         5654.99414062 
        4947.02720757            0.50000000        34886.39453125        49299.19531250         5677.99414062 
        4947.51742121            0.50000000        34795.39453125        49263.19531250         5638.99414062 
        4948.09194832            0.50000000        34896.39453125        49469.19531250         5632.99414062 
        4948.51303078            0.50000000        34780.39453125        49483.19531250         5632.99414062 
        4949.05807752            0.50000000        34724.39453125        49331.19531250         5604.99414062 
        4949.51899234            0.50000000        34825.39453125        49577.19531250         5670.99414062 
        4950.03453532            0.50000000        34803.39453125        49586.19531250         5638.99414062 
        4950.47581452            0.50000000        34798.39453125        49617.19531250         5625.99414062 
        4951.04613432            0.50000000        34959.39453125        49905.19531250         5654.99414062 
        4951.52729855            0.50000000        34808.39453125        49755.19531250         5599.99414062 
        4952.12269497            0.50000000        34923.39453125        49936.19531250         5696.99414062 
        4952.52467618            0.50000000        34953.39453125        49997.19531250         5648.99414062 
        4953.06076229            0.50000000        34935.39453125        50043.19531250         5646.99414062 
        4953.52249381            0.50000000        34988.39453125        50225.19531250         5657.99414062 
        4954.04391687            0.50000000        34895.39453125        50201.19531250         5637.99414062 
        4954.48101163            0.50000000        34919.39453125        50235.19531250         5660.99414062 
        4955.05234229            0.50000000        35030.39453125        50467.19531250         5680.99414062 
        4955.52441990            0.50000000        34783.39453125        50238.19531250         5614.99414062 
        4956.11589817            0.50000000        34960.39453125        50486.19531250         5628.99414062 
        4956.52853334            0.50000000        34861.39453125        50419.19531250         5606.99414062 
        4957.07054197            0.50000000        35059.39453125        50722.19531250         5656.99414062 
        4957.52811813            0.50000000        35016.39453125        50777.19531250         5654.99414062 
        4958.06539075            0.50000000        34968.39453125        50758.19531250         5624.99414062 
        4958.48833385            0.50000000        35004.39453125        50873.19531250         5657.99414062 
        4959.06067670            0.50000000        35077.39453125        51021.19531250         5650.99414062 
        4959.52861220            0.50000000        34901.39453125        50853.19531250         5587.99414062 
        4960.12113728            0.50000000        34961.39453125        50992.19531250         5623.99414062 
        4960.52952205            0.50000000        34930.39453125        51043.19531250         5604.99414062 
        4961.06750699            0.50000000        35155.39453125        51340.19531250         5663.99414062 
        4961.52589120            0.50000000        34804.39453125        50973.19531250         5569.99414062 
        4962.05414447            0.50000000        35186.39453125        51526.19531250         5685.99414062 
        4962.47783274            0.50000000        34829.39453125        51141.19531250         5546.99414062 
        4963.05617039            0.50000000        35138.39453125        51531.19531250         5606.99414062 
        4963.53490622            0.50000000        34827.39453125        51252.19531250         5496.99414062 
        4964.12847948            0.50000000        34963.39453125        51519.19531250         5460.99414062 
        4964.52261813            0.50000000        34818.39453125        51356.19531250         5357.99414062 
        4965.06654213            0.50000000        34978.39453125        51547.19531250         5263.99414062 
        4965.51575199            0.50000000        34805.39453125        51403.19531250         4955.99414062 
        4966.05991415            0.50000000        34918.39453125        51517.19531250         4306.99414062 
        4966.47436369            0.50000000        34783.39453125        51371.19531250         3460.99438477 
        4967.05372121            0.50000000        34978.39453125        51646.19531250         3063.99438477 
        4967.52330907            0.50000000        34695.39453125        51185.19531250         3260.99438477 
        4968.11792666            0.50000000        34913.39453125        51419.19531250         3713.99438477 
        4968.51275883            0.50000000        34799.39453125        51076.19531250         3747.99438477 
        4969.05763999            0.50000000        34885.39453125        50952.19531250         3707.99438477 
        4969.50764043            0.50000000        34750.39453125        50604.19531250         3606.99438477 
        4970.04775867            0.50000000        34865.39453125        50456.19531250         3429.99438477 
        4970.46293683            0.50000000        34783.39453125        50274.19531250         3256.99438477 
        4971.04831687            0.50000000        34902.39453125        50302.19531250         3175.99438477 
        4971.51372657            0.50000000        34792.39453125        50464.19531250         3135.99438477 
        4972.10938986            0.50000000        34857.39453125        50716.19531250         3118.99438477 
        4972.49990934            0.50000000        34757.39453125        50702.19531250         3038.99438477 
        4973.05576431            0.50000000        34892.39453125        50858.19531250         2957.99438477 
        4973.50655734            0.50000000        34693.39453125        50515.19531250         2833.99438477 
        4974.04261649            0.50000000        34857.39453125        50166.19531250         2657.99438477 
        4974.45852514            0.50000000        34723.39453125        49364.19531250         2541.99438477 
        4975.04493522            0.50000000        34823.39453125        48337.19531250         2368.99438477 
        4975.51116394            0.50000000        34705.39453125        47137.19531250         2260.99438477 
        4976.10286056            0.50000000        34989.39453125        46431.19531250         2176.99438477 
        4976.49908245            0.50000000        34667.39453125        45394.19531250         2035.99438477 
        4977.05089878            0.50000000        34975.39453125        45195.19531250         2039.99438477 
        4977.50750255            0.50000000        34668.39453125        44267.19531250         1890.99438477 
        4978.03948622            0.50000000        34984.39453125        44297.19531250         1888.99438477 
        4978.45110608            0.50000000        34651.39453125        43619.19531250         1810.99438477 
        4979.03352475            0.50000000        34889.39453125        43596.19531250         1755.99438477 
        4979.51563912            0.50000000        34723.39453125        43149.19531250         1693.99438477 
        4980.10335407            0.50000000        34894.39453125        43020.19531250         1705.99438477 
        4980.50027305            0.50000000        34678.39453125        42461.19531250         1613.99438477 
        4981.04803436            0.50000000        34741.39453125        41970.19531250         1592.99438477 
        4981.50544060            0.50000000        34809.39453125        41426.19531250         1588.99438477 
        4982.04338744            0.50000000        34658.39453125        40311.19531250         1522.99438477 
        4982.45573175            0.50000000        34728.39453125        39369.19531250         1525.99438477 
        4983.03917559            0.50000000        34864.39453125        38083.19531250         1487.99438477 
        4983.50704451            0.50000000        34592.39453125        36472.19531250         1433.99438477 
        4984.08572497            0.50000000        34735.39453125        35036.19531250         1435.99438477 
        4984.49843904            0.50000000        34684.39453125        33757.19531250         1451.99438477 
        4985.03709297            0.50000000        34661.39453125        32404.19335937         1417.99438477 
        4985.50033645            0.50000000        34652.39453125        31635.19335937         1394.99438477 
        4986.02411635            0.50000000        34558.39453125        30840.19335937         1360.99438477 
        4986.45733293            0.50000000        34703.39453125        30573.19335937         1395.99438477 
        4987.02668450            0.50000000        34627.39453125        30211.19335937         1401.99438477 
        4987.50041271            0.50000000        34556.39453125        30105.19335937         1387.99438477 
        4988.09019060            0.50000000        34669.39453125        30311.19335937         1391.99438477 
        4988.49858770            0.50000000        34511.39453125        30488.19335937         1360.99438477 
        4989.03314373            0.50000000        34662.39453125        31178.19335937         1372.99438477 
        4989.50224416            0.50000000        34461.39453125        31583.19335937         1386.99438477 
        4990.01180656            0.50000000        34425.39453125        32230.19335937         1358.99438477 
        4990.45082776            0.50000000        34482.39453125        33032.19531250         1374.99438477 
        4991.02117678            0.50000000        34491.39453125        33764.19531250         1401.99438477 
        4991.50078402            0.50000000        34395.39453125        34295.19531250         1405.99438477 
        4992.06634513            0.50000000        34467.39453125        35034.19531250         1423.99438477 
        4992.49060791            0.50000000        34391.39453125        35375.19531250         1425.99438477 
        4993.02609962            0.50000000        34356.39453125        35717.19531250         1413.99438477 
        4993.49602124            0.50000000        34472.39453125        36050.19531250         1411.99438477 
        4993.98625755            0.50000000        34309.39453125        36013.19531250         1412.99438477 
        4994.45132117            0.50000000        34333.39453125        36139.19531250         1408.99438477 
        4995.00244299            0.50000000        34509.39453125        36343.19531250         1423.99438477 
        4995.48794479            0.50000000        34394.39453125        36116.19531250         1412.99438477 
        4996.04437576            0.50000000        34226.39453125        35819.19531250         1390.99438477 
        4996.50985843            0.50000000        34476.39453125        35894.19531250         1387.99438477 
        4997.01592537            0.50000000        34423.39453125        35574.19531250         1370.99438477 
        4997.49173046            0.50000000        34219.39453125        35143.19531250         1361.99438477 
        4997.95750792            0.50000000        34411.39453125        35045.19531250         1348.99438477 
        4998.47402428            0.50000000        34230.39453125        34575.19531250         1316.99438477 
        4998.99572293            0.50000000        34166.39453125        34136.19531250         1285.99438477 
        4999.47700679            0.50000000        34377.39453125        34168.19531250         1272.99438477 
        5000.02934147            0.50000000        34392.39453125        33988.19531250         1273.99438477 
        5000.51084284            0.50000000        34321.39453125        33856.19531250         1283.99438477 
        5000.99751560            0.50000000        34169.39453125        33703.19531250         1238.99438477 
        5001.49950530            0.50000000        34391.39453125        34029.19531250         1268.99438477 
        5001.96102730            0.50000000        34320.39453125        34061.19531250         1251.99438477 
        5002.47337499            0.50000000        34311.39453125        34216.19531250         1242.99438477 
        5002.95539085            0.50000000        34077.39453125        34238.19531250         1224.99438477 
        5003.48826331            0.50000000        34252.39453125        34800.19531250         1258.99438477 
        5004.00095290            0.50000000        34004.39453125        34856.19531250         1219.99438477 
        5004.52391298            0.50000000        34084.39453125        35334.19531250         1253.99438477 
        5004.97588730            0.50000000        34056.39453125        35649.19531250         1233.99438477 
        5005.49399002            0.50000000        34280.39453125        36372.19531250         1264.99438477 
        5005.94107478            0.50000000        34008.39453125        36454.19531250         1226.99438477 
        5007.62350465            0.50000000        34090.39453125        38062.19531250         1258.99438477 
        5009.42420814            0.50000000        34080.39453125        39075.19531250         1306.99438477 
        5011.22123402            0.50000000        33915.39453125        39551.19531250         1344.99438477 
        5013.04515232            0.50000000        33824.39453125        39663.19531250         1318.99438477 
        5014.85521879            0.50000000        33768.39453125        39450.19531250         1328.99438477 
        5016.82496795            0.50000000        33816.39453125        39532.19531250         1370.99438477 
        5018.76575043            0.50000000        33597.39453125        39514.19531250         1342.99438477 
        5020.80533741            0.50000000        33592.39453125        40000.19531250         1353.99438477 
        5022.79555011            0.50000000        33616.39453125        40571.19531250         1372.99438477 
        5024.88994585            0.50000000        33465.39453125        40836.19531250         1372.99438477 
        5026.92984435            0.50000000        33404.39453125        40918.19531250         1333.99438477 
        5029.07933001            0.50000000        33275.39453125        40673.19531250         1323.99438477 
        5031.22054848            0.50000000        33388.39453125        40740.19531250         1304.99438477 
        5033.48716857            0.50000000        33323.39453125        40507.19531250         1289.99438477 
        5035.76116572            0.50000000        33221.39453125        39874.19531250         1201.99438477 
        5038.03225354            0.50000000        33178.39453125        39405.19531250         1131.99438477 
        5040.29010512            0.50000000        32940.39453125        38922.19531250         1124.99438477 
        5042.66890571            0.50000000        32971.39453125        39160.19531250         1121.99438477 
        5045.13801574            0.50000000        32821.39453125        39382.19531250         1127.99438477 
        5047.47525008            0.50000000        32747.39453125        39700.19531250         1135.99438477 
        5050.00646790            0.50000000        32713.39453125        39971.19531250         1140.99438477 
        5052.44713106            0.50000000        32348.39453125        39674.19531250         1172.99438477 
        5054.96822053            0.50000000        32387.39453125        40053.19531250         1202.99438477 
        5057.59597512            0.50000000        32267.39453125        40196.19531250         1189.99438477 
        5060.18509407            0.50000000        32145.39453125        40567.19531250         1206.99438477 
        5062.80835111            0.50000000        32070.39453125        40922.19531250         1233.99438477 
        5065.58577693            0.50000000        32097.39453125        41386.19531250         1232.99438477 
        5068.29344319            0.50000000        32052.39453125        41579.19531250         1254.99438477 
        5071.09833948            0.50000000        31576.39453125        41345.19531250         1269.99438477 
        5073.99034596            0.50000000        31844.39453125        42227.19531250         1270.99438477 
        5076.80735857            0.50000000        31582.39453125        42247.19531250         1247.99438477 
        5079.69597464            0.50000000        31170.39453125        42035.19531250         1192.99438477 
        5082.74049405            0.50000000        31309.39453125        42675.19531250         1162.99438477 
        5085.75217509            0.50000000        31023.39453125        42768.19531250         1128.99438477 
        5088.74141484            0.50000000        31295.39453125        43611.19531250         1110.99438477 
        5091.87158198            0.50000000        30972.39453125        43435.19531250         1073.99438477 
        5094.99538432            0.50000000        30721.39453125        43391.19531250         1058.99438477 
        5098.09692598            0.50000000        30670.39453125        43741.19531250         1086.99438477 
        5101.27670129            0.50000000        30407.39453125        43853.19531250         1148.99438477 
        5104.54032216            0.50000000        30240.39453125        44169.19531250         1183.99438477 
        5107.82441840            0.50000000        30118.39453125        44351.19531250         1222.99438477 
        5111.10248294            0.50000000        30086.39453125        44729.19531250         1244.99438477 
        5114.43304560            0.50000000        30102.39453125        44998.19531250         1245.99438477 
        5117.80565608            0.50000000        29698.39453125        44642.19531250         1221.99438477 
        5121.20980586            0.50000000        29332.39453125        44321.19531250         1218.99438477 
        5124.63492646            0.50000000        29077.39453125        44339.19531250         1216.99438477 
        5128.11858442            0.50000000        29345.39453125        45076.19531250         1253.99438477 
        5131.63957517            0.50000000        29011.39453125        45121.19531250         1253.99438477 
        5135.16582659            0.50000000        28900.39453125        45271.19531250         1271.99438477 
        5138.74576382            0.50000000        28718.39453125        45443.19531250         1208.99438477 
        5142.44965885            0.50000000        28723.39453125        45861.19531250         1218.99438477 
        5146.00827141            0.50000000        28041.39453125        45234.19531250         1169.99438477 
        5149.72896155            0.50000000        28005.39453125        45745.19531250         1151.99438477 
        5153.44467626            0.50000000        27906.39453125        46119.19531250         1178.99438477 
        5157.19874892            0.50000000        27607.39453125        46136.19531250         1194.99438477 
        5161.06736981            0.50000000        27454.39453125        46455.19531250         1215.99438477 
        5164.86615295            0.50000000        27039.39453125        46434.19531250         1218.99438477 
        5168.75817745            0.50000000        27027.39453125        47108.19531250         1264.99438477 
        5172.71114426            0.50000000        26654.39453125        47151.19531250         1274.99438477 
        5176.55589789            0.50000000        26244.39453125        47007.19531250         1299.99438477 
        5180.56562714            0.50000000        22041.39453125        40222.19531250         1178.99438477 
        5184.56565149            0.50000000        26468.39453125        48375.19531250         1364.99438477 
        5188.55041144            0.50000000        26020.39453125        48268.19531250         1368.99438477 
        5192.71240326            0.50000000        25567.39453125        47953.19531250         1380.99438477 
        5196.83754631            0.50000000        25092.39453125        47658.19531250         1351.99438477 
        5200.95323931            0.50000000        24774.39453125        47555.19531250         1354.99438477 
        5205.15344710            0.50000000        24271.39453125        47224.19531250         1345.99438477 
        5208.92884851            0.50000000        23614.39453125        46645.19531250         1315.99438477 
