# 1-D Scan File created by LabVIEW Control Panel  12/6/2011  4:22:19 AM; Scan time 0 hrs 4 min 28 sec. 
#
# Beamline 20 BM
#
# Scan config: 
#                 E0: 4966.00 eV   223 points
#        Scan bounds:  -100.00 -30.00 40.00 243.35 (7.99 (k))
#       Scan step(s):  5.00 0.50 0.07
#  Integration times:  0.50 0.50 0.50    kwgt in EXAFS region: 0.0 
#
# User Comment:
# 50oC
#
#
# Amplifier Sensitivities:
# Preslit: 20 nA/V  I0: 20 nA/V  I: 100 pA/V  IREF: 50 pA/V  
#
# Analog Input Voltages at start/end of scan:
# Preslit: 0.035/0.030  I0: 0.388/0.209  Ignore: 0.011/0.007  I: 0.723/0.403  IREF: 0.212/0.133  
#
# Mono Info:
# 
#
# ID Info:
# 
#
# Slit Info:
# Kappa S1:  Center is at -542 (H), 500 (V)   Size is 8000 wide x 2000 high
# Vacuum Slits:  Center is at 850 (H), -25 (V)   Size is 899 wide x 1000 high
#
# Motor Positions:
# SMV (20bm:m29): -37594.243125 SMH (20bm:m30): 4802.187500 
#
# Detector Names/PVs:
# I0/20bm:scaler1_netA.C  I/20bm:scaler1_netA.E  IREF/20bm:scaler1_netA.F  
#
# Positioner names/Drive PVs/Readback PVs:
# Mono Energy */20bm:monoE.VAL/20bm:EnctoE.VAL  Scaler preset time */20bm:scaler1.TP/  
# Here is a readable list of column headings:
#  1) Mono Energy *        
#  2) Scaler preset time * 
#  3) I0                   
#  4) I                    
#  5) IREF                 
#
# Column Headings:
#Mono Energy *        Scaler preset time * I0                   I                    IREF                 
        4865.37704075            0.50000000        14438.39355469        31164.19335937         4292.99414062 
        4870.44763076            0.50000000        14198.39355469        30772.19335937         4188.99414062 
        4875.45791516            0.50000000        14066.39355469        30821.19335937         4090.99438477 
        4880.53240513            0.50000000        13904.39355469        30758.19335937         3978.99438477 
        4885.57997133            0.50000000        13730.39355469        30615.19335937         3914.99438477 
        4890.56659262            0.50000000        13629.39355469        30649.19335937         3874.99438477 
        4895.65150310            0.50000000        13509.39355469        30624.19335937         3772.99438477 
        4900.76258268            0.50000000        13411.39355469        30835.19335937         3724.99438477 
        4905.80274538            0.50000000        13268.39355469        30691.19335937         3703.99438477 
        4910.81044561            0.50000000        13144.39355469        30728.19335937         3653.99438477 
        4915.81960583            0.50000000        12907.39355469        30576.19335937         3581.99438477 
        4920.84977234            0.50000000        12919.39355469        30905.19335937         3570.99438477 
        4925.88633288            0.50000000        12769.39355469        30819.19335937         3518.99438477 
        4930.88996442            0.50000000        12654.39355469        31003.19335937         3526.99438477 
        4935.96879711            0.50000000        12549.39355469        31018.19335937         3484.99438477 
        4936.47632534            0.50000000        12607.39355469        31326.19335937         3487.99438477 
        4936.94946433            0.50000000        12622.39355469        31348.19335937         3514.99438477 
        4937.44735323            0.50000000        12626.39355469        31386.19335937         3502.99438477 
        4937.92562734            0.50000000        12494.39355469        31135.19335937         3484.99438477 
        4938.43359654            0.50000000        12575.39355469        31348.19335937         3510.99438477 
        4938.94661366            0.50000000        12538.39355469        31187.19335937         3488.99438477 
        4939.44000946            0.50000000        12512.39355469        31332.19335937         3490.99438477 
        4939.98780527            0.50000000        12485.39355469        31204.19335937         3471.99438477 
        4940.47155546            0.50000000        12536.39355469        31349.19335937         3496.99438477 
        4940.98009864            0.50000000        12482.39355469        31342.19335937         3469.99438477 
        4941.44924499            0.50000000        12393.39355469        31151.19335937         3421.99438477 
        4941.94318868            0.50000000        12437.39355469        31334.19335937         3440.99438477 
        4942.42735845            0.50000000        12529.39355469        31492.19335937         3479.99438477 
        4942.97093809            0.50000000        12419.39355469        31293.19335937         3466.99438477 
        4943.46027175            0.50000000        12394.39355469        31227.19335937         3441.99438477 
        4944.02387833            0.50000000        12433.39355469        31357.19335937         3465.99438477 
        4944.46893032            0.50000000        12330.39355469        31127.19335937         3416.99438477 
        4944.99816189            0.50000000        12333.39355469        31145.19335937         3419.99438477 
        4945.46319667            0.50000000        12273.39355469        31098.19335937         3414.99438477 
        4945.96296847            0.50000000        12330.39355469        31305.19335937         3438.99438477 
        4946.43315182            0.50000000        12422.39355469        31383.19335937         3478.99438477 
        4946.98759899            0.50000000        12342.39355469        31351.19335937         3425.99438477 
        4947.47285194            0.50000000        12358.39355469        31419.19335937         3428.99438477 
        4948.04736771            0.50000000        12342.39355469        31474.19335937         3450.99438477 
        4948.47835043            0.50000000        12291.39355469        31406.19335937         3461.99438477 
        4949.01347785            0.50000000        12297.39355469        31393.19335937         3448.99438477 
        4949.47438357            0.50000000        12331.39355469        31624.19335937         3456.99438477 
        4949.98000117            0.50000000        12261.39355469        31458.19335937         3439.99438477 
        4950.43614545            0.50000000        12263.39355469        31471.19335937         3425.99438477 
        4951.01141509            0.50000000        12369.39355469        31724.19335937         3453.99438477 
        4951.47768926            0.50000000        12290.39355469        31598.19335937         3432.99438477 
        4952.07307262            0.50000000        12302.39355469        31531.19335937         3442.99438477 
        4952.48000808            0.50000000        12297.39355469        31605.19335937         3441.99438477 
        4953.02601211            0.50000000        12257.39355469        31490.19335937         3413.99438477 
        4953.48277126            0.50000000        12342.39355469        31826.19335937         3450.99438477 
        4953.99425236            0.50000000        12220.39355469        31633.19335937         3398.99438477 
        4954.43630488            0.50000000        12242.39355469        31555.19335937         3411.99438477 
        4955.01259288            0.50000000        12264.39355469        31758.19335937         3436.99438477 
        4955.48466220            0.50000000        12144.39355469        31519.19335937         3394.99438477 
        4956.07115912            0.50000000        12258.39355469        31857.19335937         3435.99438477 
        4956.48378613            0.50000000        12101.39355469        31469.19335937         3382.99438477 
        4957.03075711            0.50000000        12184.39355469        31699.19335937         3401.99438477 
        4957.48335116            0.50000000        12183.39355469        31734.19335937         3418.99438477 
        4958.02061316            0.50000000        12176.39355469        31705.19335937         3389.99438477 
        4958.44354790            0.50000000        12185.39355469        31805.19335937         3386.99438477 
        4959.02085687            0.50000000        12205.39355469        31895.19335937         3411.99438477 
        4959.48380568            0.50000000        12144.39355469        31813.19335937         3401.99438477 
        4960.07631904            0.50000000        12167.39355469        31891.19335937         3425.99438477 
        4960.48469573            0.50000000        12088.39355469        31676.19335937         3383.99438477 
        4961.02765187            0.50000000        12230.39355469        32026.19335937         3391.99438477 
        4961.48104517            0.50000000        12007.39355469        31577.19335937         3327.99438477 
        4962.01925603            0.50000000        12208.39355469        32055.19335937         3410.99438477 
        4962.43795282            0.50000000        11999.39355469        31562.19335937         3308.99438477 
        4963.02126652            0.50000000        12219.39355469        32117.19335937         3376.99438477 
        4963.49002044            0.50000000        11985.39355469        31602.19335937         3261.99438477 
        4964.08857053            0.50000000        12062.39355469        31822.19335937         3255.99438477 
        4964.47272338            0.50000000        11927.39355469        31623.19335937         3209.99438477 
        4965.03160731            0.50000000        12057.39355469        31875.19335937         3149.99438477 
        4965.47581862            0.50000000        11931.39355469        31631.19335937         2939.99438477 
        4966.01497839            0.50000000        12022.39355469        31754.19335937         2579.99438477 
        4966.42941972            0.50000000        11922.39355469        31717.19335937         2056.99438477 
        4967.01875579            0.50000000        11968.39355469        31640.19335937         1769.99438477 
        4967.47834432            0.50000000        11857.39355469        31429.19335937         1838.99438477 
        4968.08294485            0.50000000        11940.39355469        31451.19335937         2163.99438477 
        4968.46777448            0.50000000        11838.39355469        31184.19335937         2184.99438477 
        4969.02264369            0.50000000        11981.39355469        31388.19335937         2181.99438477 
        4969.47263719            0.50000000        11876.39355469        31132.19335937         2091.99438477 
        4970.00774550            0.50000000        11962.39355469        31065.19335937         1991.99438477 
        4970.42291635            0.50000000        11862.39355469        30728.19335937         1883.99438477 
        4971.01328989            0.50000000        11929.39355469        30543.19335937         1815.99438477 
        4971.47869241            0.50000000        11835.39355469        30572.19335937         1798.99438477 
        4972.07935267            0.50000000        11906.39355469        30781.19335937         1769.99438477 
        4972.45985297            0.50000000        11840.39355469        30857.19335937         1738.99438477 
        4973.01569815            0.50000000        11846.39355469        30966.19335937         1694.99438477 
        4973.46648323            0.50000000        11788.39355469        30818.19335937         1617.99438477 
        4974.00754334            0.50000000        11849.39355469        30604.19335937         1518.99438477 
        4974.41843424            0.50000000        11791.39355469        30284.19335937         1445.99438477 
        4975.00984661            0.50000000        11818.39355469        29747.19335937         1353.99438477 
        4975.46604086            0.50000000        11742.39355469        29186.19335937         1278.99438477 
        4976.05772573            0.50000000        11875.39355469        28842.19335937         1234.99438477 
        4976.45393976            0.50000000        11688.39355469        28055.19335937         1140.99438477 
        4977.00574514            0.50000000        11842.39355469        28039.19335937         1116.99438477 
        4977.45732183            0.50000000        11682.39355469        27314.19335937         1042.99438477 
        4977.98929377            0.50000000        11829.39355469        27324.19335937         1026.99438477 
        4978.40592465            0.50000000        11598.39355469        26543.19335937          956.99432373 
        4978.99335316            0.50000000        11720.39355469        26545.19335937          942.99432373 
        4979.46039167            0.50000000        11647.39355469        26198.19335937          920.99432373 
        4980.05311609            0.50000000        11737.39355469        26085.19335937          908.99432373 
        4980.45505094            0.50000000        11629.39355469        25549.19335937          879.99432373 
        4981.01285307            0.50000000        11594.39355469        25018.19335937          848.99432373 
        4981.46019853            0.50000000        11655.39355469        24808.19335937          817.99432373 
        4981.99310665            0.50000000        11571.39355469        24133.19335937          814.99432373 
        4982.41047080            0.50000000        11608.39355469        23717.19335937          774.99432373 
        4982.98887282            0.50000000        11618.39355469        23030.19335937          766.99432373 
        4983.46176268            0.50000000        11500.39355469        22177.19335937          746.99432373 
        4984.03539909            0.50000000        11564.39355469        21513.19335937          754.99432373 
        4984.45817096            0.50000000        11543.39355469        20841.19335937          736.99432373 
        4984.99681538            0.50000000        11526.39355469        20235.19335937          711.99432373 
        4985.46005067            0.50000000        11525.39355469        19662.19335937          719.99432373 
        4985.97374767            0.50000000        11436.39355469        19054.19335937          710.99432373 
        4986.41703024            0.50000000        11540.39355469        18906.19335937          732.99432373 
        4986.99141081            0.50000000        11450.39355469        18433.19335937          721.99432373 
        4987.45505149            0.50000000        11447.39355469        18342.19335937          704.99432373 
        4988.04481765            0.50000000        11456.39355469        18255.19335937          710.99432373 
        4988.45824893            0.50000000        11402.39355469        18172.19335937          693.99432373 
        4988.99783900            0.50000000        11438.39355469        18390.19335937          708.99432373 
        4989.46188765            0.50000000        11331.39355469        18420.19335937          693.99432373 
        4989.96639539            0.50000000        11326.39355469        18689.19335937          692.99432373 
        4990.41550109            0.50000000        11325.39355469        19019.19335937          697.99432373 
        4990.98079340            0.50000000        11310.39355469        19413.19335937          713.99432373 
        4991.45534322            0.50000000        11269.39355469        19742.19335937          711.99432373 
        4992.01079275            0.50000000        11280.39355469        20240.19335937          721.99432373 
        4992.45019853            0.50000000        11202.39355469        20429.19335937          711.99432373 
        4992.98568077            0.50000000        11219.39355469        20718.19335937          727.99432373 
        4993.45054073            0.50000000        11279.39355469        21064.19335937          719.99432373 
        4993.93571286            0.50000000        11160.39355469        20934.19335937          720.99432373 
        4994.42098805            0.50000000        11191.39355469        21047.19335937          713.99432373 
        4994.95693249            0.50000000        11243.39355469        21156.19335937          717.99432373 
        4995.44748237            0.50000000        11182.39355469        21046.19335937          727.99432373 
        4995.99884450            0.50000000        11093.39355469        20883.19335937          694.99432373 
        4996.47443794            0.50000000        11186.39355469        20890.19335937          692.99432373 
        4996.97037476            0.50000000        11157.39355469        20733.19335937          695.99432373 
        4997.45629475            0.50000000        11025.39355469        20399.19335937          681.99432373 
        4997.91700176            0.50000000        11181.39355469        20506.19335937          676.99432373 
        4998.44363774            0.50000000        11099.39355469        20159.19335937          657.99432373 
        4998.95519838            0.50000000        11000.39355469        19812.19335937          652.99432373 
        4999.44660692            0.50000000        11130.39355469        19830.19335937          656.99432373 
        4999.98879861            0.50000000        11117.39355469        19642.19335937          617.99432373 
        5000.49056706            0.50000000        11082.39355469        19544.19335937          633.99432373 
        5000.97216550            0.50000000        11001.39355469        19323.19335937          604.99432373 
        5001.47414964            0.50000000        11137.39355469        19501.19335937          627.99432373 
        5001.93059442            0.50000000        11051.39355469        19501.19335937          595.99432373 
        5002.45308181            0.50000000        11095.39355469        19624.19335937          626.99432373 
        5002.92494474            0.50000000        10999.39355469        19543.19335937          616.99432373 
        5003.46288562            0.50000000        11042.39355469        19816.19335937          612.99432373 
        5003.97049288            0.50000000        10869.39355469        19675.19335937          584.99432373 
        5004.50360162            0.50000000        10966.39355469        20134.19335937          608.99432373 
        5004.94541431            0.50000000        10895.39355469        20229.19335937          602.99432373 
        5005.46859010            0.50000000        10985.39355469        20514.19335937          622.99432373 
        5005.92075085            0.50000000        10794.39355469        20455.19335937          608.99432373 
        5007.59299644            0.50000000        10808.39355469        21258.19335937          597.99432373 
        5009.39876463            0.50000000        10756.39355469        21737.19335937          648.99432373 
        5011.19577056            0.50000000        10599.39355469        21823.19335937          677.99432373 
        5013.02476533            0.50000000        10507.39355469        21855.19335937          648.99432373 
        5014.83991647            0.50000000        10438.39355469        21791.19335937          651.99432373 
        5016.80965250            0.50000000        10404.39355469        21810.19335937          681.99432373 
        5018.75553150            0.50000000        10325.39355469        21772.19335937          667.99432373 
        5020.78999541            0.50000000        10268.39355469        21927.19335937          672.99432373 
        5022.78019484            0.50000000        10226.39355469        22000.19335937          670.99432373 
        5024.87457660            0.50000000        10088.39355469        21974.19335937          681.99432373 
        5026.91958908            0.50000000        10038.39355469        21902.19335937          652.99432373 
        5029.05880037            0.50000000         9885.39355469        21630.19335937          641.99432373 
        5031.19999976            0.50000000         9933.39355469        21644.19335937          625.99432373 
        5033.46145744            0.50000000         9893.39355469        21537.19335937          607.99432373 
        5035.73542923            0.50000000         9756.39355469        21066.19335937          583.99432373 
        5038.00649172            0.50000000         9707.39355469        20814.19335937          547.99432373 
        5040.25916073            0.50000000         9561.39355469        20394.19335937          526.99432373 
        5042.65341753            0.50000000         9591.39355469        20444.19335937          532.99432373 
        5045.11734279            0.50000000         9464.39355469        20413.19335937          533.99432373 
        5047.44420937            0.50000000         9358.39355469        20427.19335937          527.99432373 
        5049.97539323            0.50000000         9314.39355469        20529.19335937          530.99432373 
        5052.42639273            0.50000000         9079.39355469        20212.19335937          552.99432373 
        5054.94745963            0.50000000         9034.39355469        20293.19335937          546.99432373 
        5057.57519068            0.50000000         8957.39355469        20218.19335937          550.99432373 
        5060.16428642            0.50000000         8871.39355469        20196.19335937          555.99432373 
        5062.78751994            0.50000000         8749.39355469        20185.19335937          552.99432373 
        5065.55449286            0.50000000         8721.39355469        20212.19335937          560.99432373 
        5068.25168259            0.50000000         8614.39355469        20197.19335937          566.99432373 
        5071.06698117            0.50000000         8320.39355469        19779.19335937          537.99432373 
        5073.95371582            0.50000000         8376.39355469        20020.19335937          549.99432373 
        5076.77592328            0.50000000         8222.39355469        19994.19335937          539.99432373 
        5079.66974605            0.50000000         8005.39404297        19597.19335937          519.99432373 
        5082.70897868            0.50000000         7982.39404297        19837.19335937          500.99432373 
        5085.72061903            0.50000000         7827.39404297        19681.19335937          483.99432373 
        5088.70455233            0.50000000         7862.39404297        19811.19335937          442.99432373 
        5091.82939699            0.50000000         7703.39404297        19664.19335937          443.99432373 
        5094.95314296            0.50000000         7532.39404297        19454.19335937          442.99432373 
        5098.05991575            0.50000000         7503.39404297        19517.19335937          470.99432373 
        5101.23434648            0.50000000         7383.39404297        19572.19335937          476.99432373 
        5104.50851173            0.50000000         7294.39404297        19593.19335937          488.99432373 
        5107.78725428            0.50000000         7223.39404297        19556.19335937          485.99432373 
        5111.06526691            0.50000000         7219.39404297        19672.19335937          507.99432373 
        5114.39577678            0.50000000         7136.39404297        19581.19335937          509.99432373 
        5117.77899722            0.50000000         6942.39404297        19290.19335937          493.99432373 
        5121.18310842            0.50000000         6804.39404297        19108.19335937          487.99432373 
        5124.60819017            0.50000000         6672.39404297        18726.19335937          476.99432373 
        5128.09180859            0.50000000         6716.39404297        19107.19335937          493.99432373 
        5131.61812249            0.50000000         6575.39404297        18834.19335937          491.99432373 
        5135.14434185            0.50000000         6470.39404297        18880.19335937          484.99432373 
        5138.72424650            0.50000000         6329.39404297        18595.19335937          464.99432373 
        5142.42810781            0.50000000         6296.39404297        18652.19335937          448.99432373 
        5145.99208379            0.50000000         5985.39404297        18088.19335937          453.99432373 
        5149.69653553            0.50000000         5941.39404297        18098.19335937          437.99432373 
        5153.42843777            0.50000000         5869.39404297        18059.19335937          433.99432373 
        5157.18248472            0.50000000         5745.39404297        17929.19335937          442.99432373 
        5161.04021868            0.50000000         5638.39404297        17790.19335937          434.99432373 
        5164.85527509            0.50000000         5440.39404297        17569.19335937          429.99432373 
        5168.74728178            0.50000000         5386.39404297        17593.19335937          447.99432373 
        5172.69477363            0.50000000         5261.39404297        17294.19335937          451.99432373 
        5176.53950083            0.50000000         5067.39404297        16986.19335937          455.99432373 
        5180.55467736            0.50000000         4103.39404297        14031.19433594          383.99432373 
        5184.54371529            0.50000000         4972.39404297        16969.19335937          464.99432373 
        5188.53393181            0.50000000         4812.39404297        16732.19335937          461.99432373 
        5192.70139770            0.50000000         4643.39404297        16354.19433594          451.99432373 
        5196.82652178            0.50000000         4456.39404297        15814.19433594          444.99432373 
        5200.94219583            0.50000000         4299.39404297        15461.19433594          448.99432373 
        5205.14238426            0.50000000         4113.39404297        14868.19433594          438.99432373 
        5208.92884851            0.50000000         3847.39404297        14005.19433594          390.99432373 
