# 1-D Scan File created by LabVIEW Control Panel  12/5/2011  10:00:44 PM; Scan time 0 hrs 4 min 28 sec. 
#
# Beamline 20 BM
#
# Scan config: 
#                 E0: 4966.00 eV   223 points
#        Scan bounds:  -100.00 -30.00 40.00 243.35 (7.99 (k))
#       Scan step(s):  5.00 0.50 0.07
#  Integration times:  0.50 0.50 0.50    kwgt in EXAFS region: 0.0 
#
# User Comment:
# 50oC
#
#
# Amplifier Sensitivities:
# Preslit: 20 nA/V  I0: 20 nA/V  I: 100 pA/V  IREF: 50 pA/V  
#
# Analog Input Voltages at start/end of scan:
# Preslit: 0.035/0.032  I0: 0.860/0.639  Ignore: 0.023/0.018  I: 0.964/1.124  IREF: 0.251/0.154  
#
# Mono Info:
# 
#
# ID Info:
# 
#
# Slit Info:
# Kappa S1:  Center is at -542 (H), 500 (V)   Size is 8000 wide x 2000 high
# Vacuum Slits:  Center is at 850 (H), -25 (V)   Size is 899 wide x 1000 high
#
# Motor Positions:
# SMV (20bm:m29): -37594.243125 SMH (20bm:m30): 4802.187500 
#
# Detector Names/PVs:
# I0/20bm:scaler1_netA.C  I/20bm:scaler1_netA.E  IREF/20bm:scaler1_netA.F  
#
# Positioner names/Drive PVs/Readback PVs:
# Mono Energy */20bm:monoE.VAL/20bm:EnctoE.VAL  Scaler preset time */20bm:scaler1.TP/  
# Here is a readable list of column headings:
#  1) Mono Energy *        
#  2) Scaler preset time * 
#  3) I0                   
#  4) I                    
#  5) IREF                 
#
# Column Headings:
#Mono Energy *        Scaler preset time * I0                   I                    IREF                 
        4865.42000357            0.50000000        38182.39453125        43205.19531250         6330.99414062 
        4870.47633818            0.50000000        38136.39453125        43478.19531250         6356.99414062 
        4875.49148293            0.50000000        38145.39453125        43937.19531250         6378.99414062 
        4880.57085610            0.50000000        38053.39453125        44263.19531250         6205.99414062 
        4885.62332703            0.50000000        37922.39453125        44443.19531250         6069.99414062 
        4890.61004554            0.50000000        37969.39453125        44930.19531250         6076.99414062 
        4895.69505525            0.50000000        37883.39453125        45249.19531250         6008.99414062 
        4900.80623469            0.50000000        37870.39453125        45743.19531250         5987.99414062 
        4905.83677353            0.50000000        37797.39453125        46070.19531250         5910.99414062 
        4910.84942210            0.50000000        37946.39453125        46645.19531250         6012.99414062 
        4915.87331864            0.50000000        37641.39453125        46885.19531250         5789.99414062 
        4920.89871174            0.50000000        37735.39453125        47510.19531250         5826.99414062 
        4925.93047718            0.50000000        37783.39453125        48118.19531250         5771.99414062 
        4930.94403889            0.50000000        37716.39453125        48648.19531250         5736.99414062 
        4936.01313968            0.50000000        37702.39453125        49115.19531250         5739.99414062 
        4936.51574980            0.50000000        37850.39453125        49452.19531250         5783.99414062 
        4936.99382620            0.50000000        37910.39453125        49570.19531250         5820.99414062 
        4937.48679468            0.50000000        37858.39453125        49601.19531250         5801.99414062 
        4937.97000844            0.50000000        37722.39453125        49443.19531250         5738.99414062 
        4938.47305525            0.50000000        37838.39453125        49622.19531250         5805.99414062 
        4938.99101486            0.50000000        37797.39453125        49604.19531250         5783.99414062 
        4939.49428959            0.50000000        37741.39453125        49675.19531250         5702.99414062 
        4940.04703442            0.50000000        37645.39453125        49606.19531250         5741.99414062 
        4940.51104985            0.50000000        37743.39453125        49774.19531250         5765.99414062 
        4941.02453990            0.50000000        37841.39453125        49923.19531250         5772.99414062 
        4941.49863449            0.50000000        37642.39453125        49708.19531250         5695.99414062 
        4941.99258900            0.50000000        37748.39453125        49951.19531250         5750.99414062 
        4942.47182823            0.50000000        37850.39453125        50151.19531250         5753.99414062 
        4943.01541858            0.50000000        37701.39453125        49950.19531250         5707.99414062 
        4943.50476189            0.50000000        37678.39453125        49996.19531250         5752.99414062 
        4944.06343495            0.50000000        37818.39453125        50262.19531250         5763.99414062 
        4944.50849475            0.50000000        37606.39453125        50071.19531250         5703.99414062 
        4945.04268235            0.50000000        37624.39453125        50091.19531250         5716.99414062 
        4945.51762190            0.50000000        37478.39453125        50010.19531250         5674.99414062 
        4946.01740574            0.50000000        37586.39453125        50159.19531250         5707.99414062 
        4946.48265050            0.50000000        37658.39453125        50297.19531250         5739.99414062 
        4947.03215869            0.50000000        37643.39453125        50469.19531250         5748.99414062 
        4947.52732561            0.50000000        37635.39453125        50471.19531250         5785.99414062 
        4948.10680872            0.50000000        37698.39453125        50676.19531250         5788.99414062 
        4948.52293955            0.50000000        37603.39453125        50613.19531250         5743.99414062 
        4949.06303310            0.50000000        37535.39453125        50604.19531250         5737.99414062 
        4949.52890552            0.50000000        37602.39453125        50716.19531250         5761.99414062 
        4950.04445076            0.50000000        37570.39453125        50719.19531250         5734.99414062 
        4950.48573189            0.50000000        37629.39453125        50844.19531250         5746.99414062 
        4951.05605420            0.50000000        37779.39453125        51116.19531250         5802.99414062 
        4951.53225954            0.50000000        37627.39453125        51016.19531250         5757.99414062 
        4952.13261957            0.50000000        37691.39453125        51153.19531250         5821.99414062 
        4952.53460255            0.50000000        37759.39453125        51253.19531250         5770.99414062 
        4953.07565538            0.50000000        37612.39453125        51070.19531250         5729.99414062 
        4953.53242455            0.50000000        37754.39453125        51412.19531250         5780.99414062 
        4954.05881644            0.50000000        37675.39453125        51454.19531250         5754.99414062 
        4954.49094658            0.50000000        37714.39453125        51463.19531250         5742.99414062 
        4955.05731102            0.50000000        37745.39453125        51577.19531250         5797.99414062 
        4955.53435944            0.50000000        37472.39453125        51263.19531250         5713.99414062 
        4956.12086923            0.50000000        37712.39453125        51664.19531250         5792.99414062 
        4956.53350530            0.50000000        37460.39453125        51401.19531250         5717.99414062 
        4957.07551513            0.50000000        37610.39453125        51603.19531250         5754.99414062 
        4957.53806646            0.50000000        37569.39453125        51632.19531250         5758.99414062 
        4958.07534145            0.50000000        37602.39453125        51710.19531250         5748.99414062 
        4958.49828640            0.50000000        37585.39453125        51798.19531250         5730.99414062 
        4959.06067670            0.50000000        37658.39453125        51961.19531250         5749.99414062 
        4959.54354790            0.50000000        37474.39453125        51766.19531250         5693.99414062 
        4960.13109700            0.50000000        37617.39453125        52001.19531250         5730.99414062 
        4960.54446435            0.50000000        37491.39453125        51990.19531250         5685.99414062 
        4961.07747088            0.50000000        37784.39453125        52332.19531250         5790.99414062 
        4961.53585710            0.50000000        37415.39453125        51949.19531250         5671.99414062 
        4962.07408097            0.50000000        37819.39453125        52526.19531250         5785.99414062 
        4962.48780283            0.50000000        37427.39453125        52058.19531250         5664.99414062 
        4963.06115670            0.50000000        37756.39453125        52505.19531250         5695.99414062 
        4963.53989358            0.50000000        37297.39453125        52019.19531250         5590.99414062 
        4964.13845683            0.50000000        37560.39453125        52386.19531250         5578.99414062 
        4964.53259721            0.50000000        37437.39453125        52388.19531250         5460.99414062 
        4965.07652360            0.50000000        37529.39453125        52469.19531250         5336.99414062 
        4965.52573544            0.50000000        37354.39453125        52338.19531250         5018.99414062 
        4966.06490707            0.50000000        37514.39453125        52564.19531250         4394.99414062 
        4966.47935752            0.50000000        37378.39453125        52429.19531250         3503.99438477 
        4967.05871631            0.50000000        37499.39453125        52460.19531250         3118.99438477 
        4967.53330135            0.50000000        37297.39453125        52173.19531250         3313.99438477 
        4968.12792157            0.50000000        37440.39453125        52254.19531250         3756.99438477 
        4968.51775714            0.50000000        37358.39453125        51981.19531250         3839.99438477 
        4969.06763903            0.50000000        37493.39453125        51925.19531250         3836.99438477 
        4969.51264093            0.50000000        37320.39453125        51560.19531250         3625.99438477 
        4970.06276378            0.50000000        37462.39453125        51471.19531250         3509.99438477 
        4970.47294206            0.50000000        37410.39453125        51234.19531250         3326.99438477 
        4971.05832468            0.50000000        37387.39453125        51148.19531250         3241.99438477 
        4971.52373642            0.50000000        37296.39453125        51272.19531250         3195.99438477 
        4972.12440859            0.50000000        37432.39453125        51724.19531250         3155.99438477 
        4972.51493066            0.50000000        37332.39453125        51712.19531250         3121.99438477 
        4973.06578096            0.50000000        37417.39453125        51741.19531250         3000.99438477 
        4973.51657598            0.50000000        37277.39453125        51362.19531250         2853.99438477 
        4974.05764801            0.50000000        37466.39453125        51040.19531250         2739.99438477 
        4974.46854797            0.50000000        37330.39453125        50348.19531250         2585.99438477 
        4975.05997337            0.50000000        37406.39453125        49120.19531250         2416.99438477 
        4975.52119142            0.50000000        37280.39453125        47965.19531250         2281.99438477 
        4976.11289064            0.50000000        37538.39453125        47098.19531250         2235.99438477 
        4976.51413021            0.50000000        37181.39453125        45957.19531250         2073.99438477 
        4977.05591591            0.50000000        37548.39453125        45782.19531250         2031.99438477 
        4977.52255698            0.50000000        37235.39453125        45002.19531250         1936.99438477 
        4978.04952484            0.50000000        37533.39453125        44933.19531250         1924.99438477 
        4978.46114652            0.50000000        37208.39453125        44274.19531250         1808.99438477 
        4979.04356776            0.50000000        37450.39453125        44248.19531250         1784.99438477 
        4979.52568425            0.50000000        37251.39453125        43797.19531250         1743.99438477 
        4980.11340180            0.50000000        37497.39453125        43727.19531250         1707.99438477 
        4980.51534729            0.50000000        37170.39453125        43068.19531250         1658.99438477 
        4981.05808626            0.50000000        37239.39453125        42510.19531250         1598.99438477 
        4981.51549452            0.50000000        37252.39453125        41902.19531250         1588.99438477 
        4982.05344373            0.50000000        37191.39453125        40858.19531250         1571.99438477 
        4982.46578986            0.50000000        37258.39453125        39941.19531250         1523.99438477 
        4983.04420593            0.50000000        37312.39453125        38411.19531250         1511.99438477 
        4983.51710727            0.50000000        37139.39453125        36916.19531250         1477.99438477 
        4984.09075762            0.50000000        37260.39453125        35354.19531250         1446.99438477 
        4984.50850617            0.50000000        37195.39453125        34091.19531250         1418.99438477 
        4985.04716248            0.50000000        37174.39453125        32788.19531250         1397.99438477 
        4985.50537222            0.50000000        37433.39453125        32139.19335937         1424.99438477 
        4986.02915327            0.50000000        37280.39453125        31267.19335937         1380.99438477 
        4986.46237081            0.50000000        37454.39453125        31051.19335937         1410.99438477 
        4987.03676280            0.50000000        37379.39453125        30681.19335937         1375.99438477 
        4987.51049310            0.50000000        37331.39453125        30591.19335937         1386.99438477 
        4988.09523209            0.50000000        37416.39453125        30859.19335937         1385.99438477 
        4988.50867250            0.50000000        37245.39453125        31014.19335937         1381.99438477 
        4989.04323090            0.50000000        37365.39453125        31735.19335937         1402.99438477 
        4989.51233340            0.50000000        37212.39453125        32132.19335937         1391.99438477 
        4990.02189805            0.50000000        37190.39453125        32915.19531250         1432.99438477 
        4990.46092119            0.50000000        37235.39453125        33645.19531250         1432.99438477 
        4991.03127274            0.50000000        37199.39453125        34424.19531250         1444.99438477 
        4991.51088210            0.50000000        37090.39453125        34919.19531250         1425.99438477 
        4992.07644571            0.50000000        37157.39453125        35635.19531250         1436.99438477 
        4992.50071036            0.50000000        37060.39453125        36010.19531250         1442.99438477 
        4993.03115203            0.50000000        37090.39453125        36296.19531250         1439.99438477 
        4993.50612814            0.50000000        37121.39453125        36606.19531250         1450.99438477 
        4993.99131208            0.50000000        37057.39453125        36676.19531250         1441.99438477 
        4994.46143230            0.50000000        37079.39453125        36846.19531250         1437.99438477 
        4995.01255656            0.50000000        37223.39453125        36978.19531250         1429.99438477 
        4995.49806051            0.50000000        37067.39453125        36748.19531250         1394.99438477 
        4996.05449394            0.50000000        36964.39453125        36459.19531250         1377.99438477 
        4996.51491854            0.50000000        37153.39453125        36460.19531250         1402.99438477 
        4997.02098661            0.50000000        37164.39453125        36255.19531250         1366.99438477 
        4997.50185504            0.50000000        36973.39453125        35794.19531250         1341.99438477 
        4997.96257124            0.50000000        37057.39453125        35572.19531250         1345.99438477 
        4998.47908875            0.50000000        36922.39453125        35151.19531250         1337.99438477 
        4998.99572293            0.50000000        36902.39453125        34750.19531250         1298.99438477 
        4999.48714017            0.50000000        37036.39453125        34674.19531250         1320.99438477 
        5000.02934147            0.50000000        37075.39453125        34526.19531250         1293.99438477 
        5000.51591182            0.50000000        37003.39453125        34399.19531250         1269.99438477 
        5001.00765571            0.50000000        36870.39453125        34249.19531250         1250.99438477 
        5001.50457646            0.50000000        37133.39453125        34580.19531250         1287.99438477 
        5001.96609949            0.50000000        36994.39453125        34654.19531250         1255.99438477 
        5002.48352165            0.50000000        36985.39453125        34795.19531250         1238.99438477 
        5002.96553964            0.50000000        36769.39453125        34846.19531250         1241.99438477 
        5003.49841446            0.50000000        36958.39453125        35368.19531250         1244.99438477 
        5004.01110632            0.50000000        36753.39453125        35520.19531250         1227.99438477 
        5004.52899085            0.50000000        36821.39453125        36003.19531250         1249.99438477 
        5004.98096617            0.50000000        36756.39453125        36295.19531250         1214.99438477 
        5005.49907004            0.50000000        37005.39453125        37115.19531250         1253.99438477 
        5005.95631784            0.50000000        36766.39453125        37196.19531250         1246.99438477 
        5007.62858939            0.50000000        36778.39453125        38732.19531250         1273.99438477 
        5009.42420814            0.50000000        36786.39453125        39815.19531250         1326.99438477 
        5011.22632674            0.50000000        36596.39453125        40281.19531250         1344.99438477 
        5013.05534588            0.50000000        36498.39453125        40455.19531250         1357.99438477 
        5014.86031958            0.50000000        36418.39453125        40208.19531250         1356.99438477 
        5016.83517831            0.50000000        36459.39453125        40237.19531250         1333.99438477 
        5018.77085992            0.50000000        36278.39453125        40290.19531250         1373.99438477 
        5020.81556546            0.50000000        36313.39453125        40867.19531250         1359.99438477 
        5022.80066856            0.50000000        36401.39453125        41514.19531250         1380.99438477 
        5024.89506896            0.50000000        36202.39453125        41726.19531250         1376.99438477 
        5026.93497200            0.50000000        36145.39453125        41746.19531250         1359.99438477 
        5029.08446245            0.50000000        35975.39453125        41537.19531250         1322.99438477 
        5031.22568569            0.50000000        36054.39453125        41586.19531250         1314.99438477 
        5033.49745311            0.50000000        36086.39453125        41382.19531250         1283.99438477 
        5035.76631305            0.50000000        35934.39453125        40713.19531250         1220.99438477 
        5038.03740594            0.50000000        35906.39453125        40235.19531250         1191.99438477 
        5040.29010512            0.50000000        35678.39453125        39802.19531250         1124.99438477 
        5042.67406846            0.50000000        35775.39453125        40122.19531250         1142.99438477 
        5045.13801574            0.50000000        35601.39453125        40274.19531250         1136.99438477 
        5047.47525008            0.50000000        35487.39453125        40590.19531250         1134.99438477 
        5050.01682621            0.50000000        35516.39453125        40956.19531250         1149.99438477 
        5052.45231567            0.50000000        35207.39453125        40822.19531250         1198.99438477 
        5054.97860105            0.50000000        35201.39453125        41086.19531250         1226.99438477 
        5057.60636741            0.50000000        35139.39453125        41390.19531250         1219.99438477 
        5060.19029601            0.50000000        35050.39453125        41741.19531250         1239.99438477 
        5062.81876677            0.50000000        34929.39453125        42143.19531250         1241.99438477 
        5065.59620504            0.50000000        34962.39453125        42530.19531250         1279.99438477 
        5068.29866332            0.50000000        34841.39453125        42736.19531250         1294.99438477 
        5071.10879234            0.50000000        34371.39453125        42456.19531250         1258.99438477 
        5074.00604476            0.50000000        34694.39453125        43473.19531250         1300.99438477 
        5076.82307637            0.50000000        34444.39453125        43607.19531250         1269.99438477 
        5079.71171193            0.50000000        34041.39453125        43395.19531250         1218.99438477 
        5082.75625190            0.50000000        34168.39453125        44011.19531250         1183.99438477 
        5085.76795329            0.50000000        34004.39453125        44335.19531250         1166.99438477 
        5088.75194710            0.50000000        34080.39453125        44909.19531250         1134.99438477 
        5091.88740154            0.50000000        33883.39453125        44901.19531250         1131.99438477 
        5095.01122503            0.50000000        33626.39453125        44903.19531250         1124.99438477 
        5098.11807495            0.50000000        33591.39453125        45306.19531250         1147.99438477 
        5101.28729012            0.50000000        33304.39453125        45421.19531250         1186.99438477 
        5104.56152936            0.50000000        33145.39453125        45777.19531250         1231.99438477 
        5107.84034605            0.50000000        33113.39453125        46135.19531250         1259.99438477 
        5111.11311620            0.50000000        33105.39453125        46507.19531250         1266.99438477 
        5114.44901813            0.50000000        32988.39453125        46697.19531250         1282.99438477 
        5117.82165153            0.50000000        32625.39453125        46374.19531250         1253.99438477 
        5121.21514538            0.50000000        32252.39453125        46083.19531250         1257.99438477 
        5124.64562106            0.50000000        32049.39453125        46257.19531250         1264.99438477 
        5128.12929484            0.50000000        32430.39453125        47163.19531250         1310.99438477 
        5131.65030158            0.50000000        32059.39453125        47141.19531250         1305.99438477 
        5135.17656904            0.50000000        31842.39453125        47266.19531250         1300.99438477 
        5138.75652256            0.50000000        31670.39453125        47471.19531250         1274.99438477 
        5142.45504664            0.50000000        31681.39453125        47908.19531250         1262.99438477 
        5146.01906322            0.50000000        31112.39453125        47488.19531250         1233.99438477 
        5149.73977032            0.50000000        31021.39453125        47901.19531250         1226.99438477 
        5153.45550198            0.50000000        30876.39453125        48300.19531250         1208.99438477 
        5157.20959178            0.50000000        30631.39453125        48451.19531250         1231.99438477 
        5161.07823034            0.50000000        30534.39453125        48955.19531250         1249.99438477 
        5164.88246983            0.50000000        30293.39453125        49298.19531250         1276.99438477 
        5168.77452104            0.50000000        30298.39453125        49966.19531250         1319.99438477 
        5172.72751500            0.50000000        29920.39453125        50131.19531250         1341.99438477 
        5176.56682932            0.50000000        29453.39453125        49982.19531250         1373.99438477 
        5180.58752683            0.50000000        24800.39453125        42882.19531250         1229.99438477 
        5184.57661967            0.50000000        29717.39453125        51451.19531250         1444.99438477 
        5188.57238445            0.50000000        29240.39453125        51365.19531250         1446.99438477 
        5192.72340887            0.50000000        28757.39453125        51112.19531250         1465.99438477 
        5196.85408321            0.50000000        28304.39453125        50825.19531250         1428.99438477 
        5200.97532643            0.50000000        27972.39453125        50883.19531250         1444.99438477 
        5205.17557292            0.50000000        27528.39453125        50820.19531250         1427.99438477 
        5208.94546897            0.50000000        26760.39453125        50069.19531250         1386.99438477 
