# 1-D Scan File created by LabVIEW Control Panel  12/6/2011  3:17:02 AM; Scan time 0 hrs 4 min 28 sec. 
#
# Beamline 20 BM
#
# Scan config: 
#                 E0: 4966.00 eV   223 points
#        Scan bounds:  -100.00 -30.00 40.00 243.35 (7.99 (k))
#       Scan step(s):  5.00 0.50 0.07
#  Integration times:  0.50 0.50 0.50    kwgt in EXAFS region: 0.0 
#
# User Comment:
# 50oC
#
#
# Amplifier Sensitivities:
# Preslit: 20 nA/V  I0: 20 nA/V  I: 100 pA/V  IREF: 50 pA/V  
#
# Analog Input Voltages at start/end of scan:
# Preslit: 0.033/0.030  I0: 0.441/0.225  Ignore: 0.011/0.007  I: 0.763/0.487  IREF: 0.216/0.136  
#
# Mono Info:
# 
#
# ID Info:
# 
#
# Slit Info:
# Kappa S1:  Center is at -542 (H), 500 (V)   Size is 8000 wide x 2000 high
# Vacuum Slits:  Center is at 850 (H), -25 (V)   Size is 899 wide x 1000 high
#
# Motor Positions:
# SMV (20bm:m29): -37594.243125 SMH (20bm:m30): 4802.187500 
#
# Detector Names/PVs:
# I0/20bm:scaler1_netA.C  I/20bm:scaler1_netA.E  IREF/20bm:scaler1_netA.F  
#
# Positioner names/Drive PVs/Readback PVs:
# Mono Energy */20bm:monoE.VAL/20bm:EnctoE.VAL  Scaler preset time */20bm:scaler1.TP/  
# Here is a readable list of column headings:
#  1) Mono Energy *        
#  2) Scaler preset time * 
#  3) I0                   
#  4) I                    
#  5) IREF                 
#
# Column Headings:
#Mono Energy *        Scaler preset time * I0                   I                    IREF                 
        4865.38181436            0.50000000        16840.39453125        33135.19531250         4574.99414062 
        4870.45241530            0.50000000        16652.39453125        32889.19531250         4499.99414062 
        4875.46750590            0.50000000        16502.39453125        32953.19531250         4405.99414062 
        4880.53721146            0.50000000        16340.39355469        32937.19531250         4292.99414062 
        4885.58960585            0.50000000        16111.39355469        32688.19335937         4238.99414062 
        4890.57624875            0.50000000        16067.39355469        32983.19531250         4181.99414062 
        4895.66118128            0.50000000        15964.39355469        33072.19531250         4144.99414062 
        4900.77228306            0.50000000        15851.39355469        33210.19531250         4079.99438477 
        4905.80274538            0.50000000        15684.39355469        33027.19531250         4013.99438477 
        4910.80557360            0.50000000        15633.39355469        33343.19531250         3977.99438477 
        4915.82448876            0.50000000        15333.39355469        33135.19531250         3875.99438477 
        4920.85466623            0.50000000        15332.39355469        33528.19531250         3855.99438477 
        4925.88633288            0.50000000        15191.39355469        33535.19531250         3844.99438477 
        4930.88996442            0.50000000        15102.39355469        33848.19531250         3827.99438477 
        4935.96387021            0.50000000        14974.39355469        33804.19531250         3834.99438477 
        4936.47632534            0.50000000        15027.39355469        34165.19531250         3853.99438477 
        4936.94453528            0.50000000        15074.39355469        34180.19531250         3847.99438477 
        4937.44735323            0.50000000        15066.39355469        34168.19531250         3830.99438477 
        4937.92069616            0.50000000        14965.39355469        34082.19531250         3800.99438477 
        4938.43359654            0.50000000        15028.39355469        34162.19531250         3837.99438477 
        4938.94168024            0.50000000        14988.39355469        34072.19531250         3818.99438477 
        4939.44494397            0.50000000        14947.39355469        34204.19531250         3810.99438477 
        4939.98780527            0.50000000        14910.39355469        34017.19531250         3798.99438477 
        4940.46661871            0.50000000        14921.39355469        34098.19531250         3817.99438477 
        4940.97022292            0.50000000        14956.39355469        34345.19531250         3820.99438477 
        4941.44430609            0.50000000        14840.39355469        34118.19531250         3780.99438477 
        4941.93824871            0.50000000        14854.39355469        34196.19531250         3790.99438477 
        4942.42241741            0.50000000        14950.39355469        34402.19531250         3819.99438477 
        4942.96599587            0.50000000        14819.39355469        34185.19531250         3786.99438477 
        4943.45532845            0.50000000        14780.39355469        34047.19531250         3782.99438477 
        4944.00904478            0.50000000        14850.39355469        34194.19531250         3804.99438477 
        4944.46398482            0.50000000        14738.39355469        34077.19531250         3778.99438477 
        4944.99321522            0.50000000        14778.39355469        34166.19531250         3794.99438477 
        4945.46319667            0.50000000        14645.39355469        33960.19531250         3743.99438477 
        4945.95307092            0.50000000        14676.39355469        34053.19531250         3767.99438477 
        4946.42820201            0.50000000        14801.39355469        34223.19531250         3776.99438477 
        4946.98759899            0.50000000        14734.39355469        34282.19531250         3780.99438477 
        4947.46789985            0.50000000        14727.39355469        34280.19531250         3787.99438477 
        4948.04736771            0.50000000        14737.39355469        34363.19531250         3802.99438477 
        4948.47835043            0.50000000        14659.39355469        34237.19531250         3801.99438477 
        4949.01843333            0.50000000        14686.39355469        34328.19531250         3790.99438477 
        4949.47438357            0.50000000        14695.39355469        34427.19531250         3808.99438477 
        4949.98495877            0.50000000        14674.39355469        34399.19531250         3802.99438477 
        4950.43614545            0.50000000        14650.39355469        34374.19531250         3786.99438477 
        4951.01141509            0.50000000        14793.39355469        34688.19531250         3806.99438477 
        4951.47768926            0.50000000        14630.39355469        34380.19531250         3788.99438477 
        4952.07307262            0.50000000        14694.39355469        34538.19531250         3784.99438477 
        4952.47504501            0.50000000        14679.39355469        34580.19531250         3758.99438477 
        4953.02104785            0.50000000        14606.39355469        34383.19531250         3747.99438477 
        4953.48773654            0.50000000        14676.39355469        34659.19531250         3781.99438477 
        4953.99425236            0.50000000        14606.39355469        34641.19531250         3758.99438477 
        4954.44127225            0.50000000        14623.39355469        34629.19531250         3774.99438477 
        4955.01756152            0.50000000        14699.39355469        34873.19531250         3790.99438477 
        4955.48466220            0.50000000        14522.39355469        34543.19531250         3738.99438477 
        4956.07613008            0.50000000        14621.39355469        34777.19531250         3786.99438477 
        4956.47881427            0.50000000        14469.39355469        34510.19531250         3728.99438477 
        4957.03573018            0.50000000        14502.39355469        34536.19531250         3763.99438477 
        4957.48832523            0.50000000        14470.39355469        34465.19531250         3780.99438477 
        4958.02061316            0.50000000        14493.39355469        34571.19531250         3716.99438477 
        4958.43857174            0.50000000        14463.39355469        34543.19531250         3714.99438477 
        4959.01587944            0.50000000        14522.39355469        34800.19531250         3756.99438477 
        4959.48878414            0.50000000        14416.39355469        34481.19531250         3713.99438477 
        4960.06635955            0.50000000        14494.39355469        34800.19531250         3717.99438477 
        4960.48469573            0.50000000        14398.39355469        34603.19531250         3696.99438477 
        4961.02765187            0.50000000        14585.39355469        35019.19531250         3727.99438477 
        4961.48104517            0.50000000        14342.39355469        34560.19531250         3668.99438477 
        4962.01427201            0.50000000        14559.39355469        35047.19531250         3735.99438477 
        4962.43296788            0.50000000        14343.39355469        34608.19531250         3678.99438477 
        4963.02126652            0.50000000        14545.39355469        35061.19531250         3708.99438477 
        4963.48503319            0.50000000        14272.39355469        34552.19531250         3612.99438477 
        4964.08857053            0.50000000        14405.39355469        34877.19531250         3629.99438477 
        4964.47771280            0.50000000        14315.39355469        34786.19531250         3538.99438477 
        4965.02661666            0.50000000        14408.39355469        34954.19531250         3467.99438477 
        4965.47581862            0.50000000        14286.39355469        34780.19531250         3273.99438477 
        4966.01497839            0.50000000        14353.39355469        34786.19531250         2867.99438477 
        4966.42941972            0.50000000        14308.39355469        34866.19531250         2302.99438477 
        4967.01376077            0.50000000        14354.39355469        34812.19531250         1977.99438477 
        4967.47334829            0.50000000        14223.39355469        34591.19531250         2045.99438477 
        4968.07295014            0.50000000        14304.39355469        34640.19531250         2344.99438477 
        4968.46277628            0.50000000        14218.39355469        34426.19531250         2445.99438477 
        4969.01764427            0.50000000        14298.39355469        34343.19531250         2413.99438477 
        4969.46263637            0.50000000        14225.39355469        34170.19531250         2326.99438477 
        4970.00274391            0.50000000        14294.39355469        34085.19531250         2189.99438477 
        4970.41791384            0.50000000        14187.39355469        33735.19531250         2118.99438477 
        4971.00828608            0.50000000        14248.39355469        33623.19531250         2021.99438477 
        4971.46868275            0.50000000        14158.39355469        33679.19531250         1983.99438477 
        4972.06934037            0.50000000        14191.39355469        33914.19531250         1987.99438477 
        4972.45484597            0.50000000        14146.39355469        33949.19531250         1946.99438477 
        4973.01068993            0.50000000        14193.39355469        34054.19531250         1880.99438477 
        4973.46147401            0.50000000        14119.39355469        33874.19531250         1767.99438477 
        4973.99752254            0.50000000        14156.39355469        33610.19531250         1698.99438477 
        4974.40841163            0.50000000        14116.39355469        33231.19531250         1598.99438477 
        4975.00984661            0.50000000        14146.39355469        32535.19335937         1503.99438477 
        4975.46604086            0.50000000        14060.39355469        31818.19335937         1438.99438477 
        4976.05772573            0.50000000        14183.39355469        31343.19335937         1334.99438477 
        4976.45393976            0.50000000        13944.39355469        30409.19335937         1270.99438477 
        4977.00574514            0.50000000        14140.39355469        30380.19335937         1232.99438477 
        4977.45732183            0.50000000        14028.39355469        29848.19335937         1188.99438477 
        4977.98427459            0.50000000        14135.39355469        29786.19335937         1143.99438477 
        4978.40592465            0.50000000        14067.39355469        29351.19335937         1096.99438477 
        4978.99335316            0.50000000        14202.39355469        29455.19335937         1082.99438477 
        4979.46039167            0.50000000        14086.39355469        29092.19335937         1043.99438477 
        4980.05813984            0.50000000        14196.39355469        28972.19335937         1021.99432373 
        4980.45505094            0.50000000        14018.39355469        28374.19335937          994.99432373 
        4981.00782722            0.50000000        13972.39355469        27894.19335937          954.99432373 
        4981.46522538            0.50000000        14021.39355469        27566.19335937          933.99432373 
        4981.99310665            0.50000000        13976.39355469        26891.19335937          912.99432373 
        4982.41047080            0.50000000        13951.39355469        26254.19335937          912.99432373 
        4982.99390305            0.50000000        14017.39355469        25474.19335937          900.99432373 
        4983.46176268            0.50000000        13944.39355469        24649.19335937          867.99432373 
        4984.03036657            0.50000000        13962.39355469        23612.19335937          861.99432373 
        4984.45313750            0.50000000        13947.39355469        22915.19335937          871.99432373 
        4984.99681538            0.50000000        13908.39355469        22069.19335937          817.99432373 
        4985.45501500            0.50000000        13894.39355469        21376.19335937          807.99432373 
        4985.96871086            0.50000000        13835.39355469        20824.19335937          788.99432373 
        4986.41199245            0.50000000        13921.39355469        20641.19335937          816.99432373 
        4986.98637175            0.50000000        13822.39355469        20258.19335937          802.99432373 
        4987.45505149            0.50000000        13844.39355469        20230.19335937          808.99432373 
        4988.03977627            0.50000000        13870.39355469        20251.19335937          835.99432373 
        4988.45824893            0.50000000        13773.39355469        20216.19335937          815.99432373 
        4988.99279551            0.50000000        13877.39355469        20634.19335937          840.99432373 
        4989.45684313            0.50000000        13738.39355469        20761.19335937          806.99432373 
        4989.95630414            0.50000000        13690.39355469        21063.19335937          820.99432373 
        4990.41045447            0.50000000        13734.39355469        21519.19335937          823.99432373 
        4990.97574553            0.50000000        13709.39355469        21972.19335937          841.99432373 
        4991.45029430            0.50000000        13622.39355469        22175.19335937          822.99432373 
        4992.01079275            0.50000000        13661.39355469        22764.19335937          835.99432373 
        4992.45019853            0.50000000        13621.39355469        23035.19335937          827.99432373 
        4992.98062847            0.50000000        13593.39355469        23234.19335937          851.99432373 
        4993.44548739            0.50000000        13649.39355469        23503.19335937          836.99432373 
        4993.93065845            0.50000000        13551.39355469        23466.19335937          841.99432373 
        4994.42098805            0.50000000        13621.39355469        23665.19335937          848.99432373 
        4994.95693249            0.50000000        13653.39355469        23699.19335937          850.99432373 
        4995.43736688            0.50000000        13621.39355469        23615.19335937          832.99432373 
        4995.98366762            0.50000000        13486.39355469        23370.19335937          814.99432373 
        4996.46431790            0.50000000        13593.39355469        23405.19335937          815.99432373 
        4996.96531364            0.50000000        13541.39355469        23179.19335937          824.99432373 
        4997.44617036            0.50000000        13448.39355469        22852.19335937          774.99432373 
        4997.91700176            0.50000000        13521.39355469        22867.19335937          788.99432373 
        4998.43857335            0.50000000        13442.39355469        22482.19335937          764.99432373 
        4998.94506736            0.50000000        13349.39355469        22121.19335937          748.99432373 
        4999.44154032            0.50000000        13506.39355469        22223.19335937          778.99432373 
        4999.97866300            0.50000000        13454.39355469        21982.19335937          737.99432373 
        5000.48042923            0.50000000        13405.39355469        21845.19335937          734.99432373 
        5000.95695558            0.50000000        13358.39355469        21708.19335937          709.99432373 
        5001.45386532            0.50000000        13512.39355469        21932.19335937          722.99432373 
        5001.91537812            0.50000000        13434.39355469        21975.19335937          728.99432373 
        5002.44293529            0.50000000        13454.39355469        22031.19335937          715.99432373 
        5002.90972184            0.50000000        13329.39355469        22006.19335937          724.99432373 
        5003.44765914            0.50000000        13406.39355469        22373.19335937          747.99432373 
        5003.95526303            0.50000000        13208.39355469        22210.19335937          728.99432373 
        5004.49852381            0.50000000        13284.39355469        22555.19335937          735.99432373 
        5004.93525674            0.50000000        13192.39355469        22690.19335937          734.99432373 
        5005.45335028            0.50000000        13312.39355469        23060.19335937          734.99432373 
        5005.90550802            0.50000000        13195.39355469        23224.19335937          731.99432373 
        5007.57774249            0.50000000        13173.39355469        24051.19335937          748.99432373 
        5009.38858730            0.50000000        13135.39355469        24626.19335937          753.99432373 
        5011.18558526            0.50000000        12948.39355469        24750.19335937          761.99432373 
        5013.00437853            0.50000000        12881.39355469        24743.19335937          773.99432373 
        5014.81951354            0.50000000        12779.39355469        24584.19335937          786.99432373 
        5016.79944226            0.50000000        12742.39355469        24474.19335937          768.99432373 
        5018.74020318            0.50000000        12654.39355469        24526.19335937          776.99432373 
        5020.77976748            0.50000000        12614.39355469        24747.19335937          779.99432373 
        5022.76995805            0.50000000        12581.39355469        24927.19335937          782.99432373 
        5024.86433048            0.50000000        12449.39355469        24955.19335937          791.99432373 
        5026.90420627            0.50000000        12393.39355469        24919.19335937          761.99432373 
        5029.04853562            0.50000000        12221.39355469        24587.19335937          761.99432373 
        5031.18972547            0.50000000        12282.39355469        24641.19335937          728.99432373 
        5033.45631525            0.50000000        12236.39355469        24448.19335937          729.99432373 
        5035.72513472            0.50000000        12076.39355469        23900.19335937          670.99432373 
        5038.00649172            0.50000000        12066.39355469        23635.19335937          648.99432373 
        5040.25400337            0.50000000        11838.39355469        23128.19335937          623.99432373 
        5042.64309213            0.50000000        11869.39355469        23209.19335937          621.99432373 
        5045.10700638            0.50000000        11757.39355469        23224.19335937          597.99432373 
        5047.44420937            0.50000000        11635.39355469        23245.19335937          609.99432373 
        5049.97539323            0.50000000        11609.39355469        23376.19335937          626.99432373 
        5052.42639273            0.50000000        11377.39355469        23128.19335937          623.99432373 
        5054.94226943            0.50000000        11324.39355469        23180.19335937          632.99432373 
        5057.56999460            0.50000000        11207.39355469        23108.19335937          642.99432373 
        5060.15908454            0.50000000        11125.39355469        23225.19335937          659.99432373 
        5062.78751994            0.50000000        10988.39355469        23277.19335937          658.99432373 
        5065.55970684            0.50000000        10907.39355469        23157.19335937          659.99432373 
        5068.25168259            0.50000000        10823.39355469        23252.19335937          660.99432373 
        5071.05652849            0.50000000        10484.39355469        22785.19335937          651.99432373 
        5073.94848299            0.50000000        10580.39355469        23165.19335937          655.99432373 
        5076.77068411            0.50000000        10401.39355469        23110.19335937          663.99432373 
        5079.65925470            0.50000000        10080.39355469        22559.19335937          593.99432373 
        5082.70372616            0.50000000        10067.39355469        22877.19335937          592.99432373 
        5085.71535973            0.50000000         9923.39355469        22754.19335937          569.99432373 
        5088.69928631            0.50000000         9915.39355469        22900.19335937          536.99432373 
        5091.82939699            0.50000000         9760.39355469        22773.19335937          535.99432373 
        5094.95314296            0.50000000         9587.39355469        22579.19335937          528.99432373 
        5098.04934150            0.50000000         9542.39355469        22641.19335937          552.99432373 
        5101.22905218            0.50000000         9388.39355469        22696.19335937          561.99432373 
        5104.49790835            0.50000000         9271.39355469        22653.19335937          590.99432373 
        5107.77663607            0.50000000         9169.39355469        22714.19335937          603.99432373 
        5111.05995038            0.50000000         9168.39355469        22805.19335937          619.99432373 
        5114.38512865            0.50000000         9055.39355469        22605.19335937          600.99432373 
        5117.76300206            0.50000000         8896.39355469        22498.19335937          592.99432373 
        5121.17242953            0.50000000         8715.39355469        22323.19335937          598.99432373 
        5124.59214854            0.50000000         8592.39355469        22002.19335937          576.99432373 
        5128.07038814            0.50000000         8642.39355469        22388.19335937          594.99432373 
        5131.59667000            0.50000000         8465.39355469        22037.19335937          589.99432373 
        5135.12285730            0.50000000         8320.39355469        22094.19335937          580.99432373 
        5138.70272938            0.50000000         8178.39404297        21892.19335937          567.99432373 
        5142.41194465            0.50000000         8144.39404297        21972.19335937          557.99432373 
        5145.97050047            0.50000000         7743.39404297        21329.19335937          533.99432373 
        5149.68572695            0.50000000         7679.39404297        21349.19335937          527.99432373 
        5153.41761217            0.50000000         7615.39404297        21319.19335937          518.99432373 
        5157.16079929            0.50000000         7460.39404297        21213.19335937          531.99432373 
        5161.01849800            0.50000000         7297.39404297        21037.19335937          523.99432373 
        5164.83895840            0.50000000         7102.39404297        20870.19335937          531.99432373 
        5168.73638617            0.50000000         7069.39404297        20980.19335937          543.99432373 
        5172.68385994            0.50000000         6857.39404297        20623.19335937          552.99432373 
        5176.53403517            0.50000000         6624.39404297        20262.19335937          540.99432373 
        5180.54372764            0.50000000         5388.39404297        16650.19335937          457.99432373 
        5184.53823127            0.50000000         6522.39404297        20357.19335937          546.99432373 
        5188.52843863            0.50000000         6336.39404297        20131.19335937          557.99432373 
        5192.70139770            0.50000000         6113.39404297        19622.19335937          543.99432373 
        5196.82100953            0.50000000         5896.39404297        19144.19335937          525.99432373 
        5200.93115240            0.50000000         5724.39404297        18856.19335937          520.99432373 
        5205.13685287            0.50000000         5469.39404297        18115.19335937          504.99432373 
        5208.91776827            0.50000000         5177.39404297        17315.19335937          471.99432373 
