# 1-D Scan File created by LabVIEW Control Panel  12/6/2011  6:42:55 AM; Scan time 0 hrs 4 min 28 sec. 
#
# Beamline 20 BM
#
# Scan config: 
#                 E0: 4966.00 eV   223 points
#        Scan bounds:  -100.00 -30.00 40.00 243.35 (7.99 (k))
#       Scan step(s):  5.00 0.50 0.07
#  Integration times:  0.50 0.50 0.50    kwgt in EXAFS region: 0.0 
#
# User Comment:
# 50oC
#
#
# Amplifier Sensitivities:
# Preslit: 20 nA/V  I0: 20 nA/V  I: 100 pA/V  IREF: 50 pA/V  
#
# Analog Input Voltages at start/end of scan:
# Preslit: 0.032/0.030  I0: 0.310/0.144  Ignore: 0.006/0.004  I: 0.611/0.279  IREF: 0.195/0.130  
#
# Mono Info:
# 
#
# ID Info:
# 
#
# Slit Info:
# Kappa S1:  Center is at -542 (H), 500 (V)   Size is 8000 wide x 2000 high
# Vacuum Slits:  Center is at 850 (H), -25 (V)   Size is 899 wide x 1000 high
#
# Motor Positions:
# SMV (20bm:m29): -37594.243125 SMH (20bm:m30): 4802.187500 
#
# Detector Names/PVs:
# I0/20bm:scaler1_netA.C  I/20bm:scaler1_netA.E  IREF/20bm:scaler1_netA.F  
#
# Positioner names/Drive PVs/Readback PVs:
# Mono Energy */20bm:monoE.VAL/20bm:EnctoE.VAL  Scaler preset time */20bm:scaler1.TP/  
# Here is a readable list of column headings:
#  1) Mono Energy *        
#  2) Scaler preset time * 
#  3) I0                   
#  4) I                    
#  5) IREF                 
#
# Column Headings:
#Mono Energy *        Scaler preset time * I0                   I                    IREF                 
        4865.37704075            0.50000000        10706.39355469        25492.19335937         3482.99438477 
        4870.45241530            0.50000000        10503.39355469        25057.19335937         3397.99438477 
        4875.46271053            0.50000000        10371.39355469        24963.19335937         3328.99438477 
        4880.54201781            0.50000000        10200.39355469        24820.19335937         3232.99438477 
        4885.59442313            0.50000000        10061.39355469        24665.19335937         3165.99438477 
        4890.58590492            0.50000000         9984.39355469        24680.19335937         3104.99438477 
        4895.66602039            0.50000000         9853.39355469        24565.19335937         3064.99438477 
        4900.77228306            0.50000000         9731.39355469        24565.19335937         2989.99438477 
        4905.80274538            0.50000000         9591.39355469        24353.19335937         2956.99438477 
        4910.80557360            0.50000000         9482.39355469        24295.19335937         2905.99438477 
        4915.81960583            0.50000000         9219.39355469        23836.19335937         2794.99438477 
        4920.84487846            0.50000000         9196.39355469        24075.19335937         2791.99438477 
        4925.87652315            0.50000000         9064.39355469        23935.19335937         2750.99438477 
        4930.88504862            0.50000000         8932.39355469        23864.19335937         2741.99438477 
        4935.95401645            0.50000000         8785.39355469        23721.19335937         2668.99438477 
        4936.46646934            0.50000000         8871.39355469        24079.19335937         2708.99438477 
        4936.93467723            0.50000000         8885.39355469        24110.19335937         2731.99438477 
        4937.43256287            0.50000000         8867.39355469        24056.19335937         2695.99438477 
        4937.91083384            0.50000000         8770.39355469        23909.19335937         2709.99438477 
        4938.42866425            0.50000000         8862.39355469        24112.19335937         2724.99438477 
        4938.93181345            0.50000000         8821.39355469        24007.19335937         2696.99438477 
        4939.43507497            0.50000000         8805.39355469        24033.19335937         2689.99438477 
        4939.97793390            0.50000000         8793.39355469        23999.19335937         2677.99438477 
        4940.46168197            0.50000000         8747.39355469        23897.19335937         2683.99438477 
        4940.96528508            0.50000000         8759.39355469        24001.19335937         2683.99438477 
        4941.43442835            0.50000000         8677.39355469        23822.19335937         2664.99438477 
        4941.93330875            0.50000000         8711.39355469        23961.19335937         2696.99438477 
        4942.42241741            0.50000000         8783.39355469        24114.19335937         2694.99438477 
        4942.96105366            0.50000000         8663.39355469        23859.19335937         2649.99438477 
        4943.44544190            0.50000000         8655.39355469        23830.19335937         2672.99438477 
        4944.00904478            0.50000000         8754.39355469        24089.19335937         2688.99438477 
        4944.46398482            0.50000000         8623.39355469        23768.19335937         2631.99438477 
        4944.98332193            0.50000000         8633.39355469        23866.19335937         2662.99438477 
        4945.45330132            0.50000000         8555.39355469        23720.19335937         2642.99438477 
        4945.94812217            0.50000000         8576.39355469        23730.19335937         2649.99438477 
        4946.42820201            0.50000000         8664.39355469        23972.19335937         2670.99438477 
        4946.97769696            0.50000000         8571.39355469        23762.19335937         2617.99438477 
        4947.45799571            0.50000000         8587.39355469        23812.19335937         2656.99438477 
        4948.03746103            0.50000000         8588.39355469        23904.19335937         2660.99438477 
        4948.46348759            0.50000000         8555.39355469        23889.19335937         2653.99438477 
        4949.00852239            0.50000000         8543.39355469        23859.19335937         2659.99438477 
        4949.46942710            0.50000000         8559.39355469        23908.19335937         2665.99438477 
        4949.97504359            0.50000000         8500.39355469        23802.19335937         2629.99438477 
        4950.43118686            0.50000000         8507.39355469        23820.19335937         2615.99438477 
        4951.00149541            0.50000000         8620.39355469        24103.19335937         2672.99438477 
        4951.47272839            0.50000000         8507.39355469        23872.19335937         2628.99438477 
        4952.07307262            0.50000000         8603.39355469        24125.19335937         2660.99438477 
        4952.47008195            0.50000000         8569.39355469        24037.19335937         2635.99438477 
        4953.01608359            0.50000000         8557.39355469        23976.19335937         2632.99438477 
        4953.47284074            0.50000000         8577.39355469        24173.19335937         2627.99438477 
        4953.98928596            0.50000000         8509.39355469        24029.19335937         2623.99438477 
        4954.43630488            0.50000000         8503.39355469        23955.19335937         2602.99438477 
        4955.01259288            0.50000000         8534.39355469        24118.19335937         2650.99438477 
        4955.47969254            0.50000000         8441.39355469        23953.19335937         2605.99438477 
        4956.07115912            0.50000000         8530.39355469        24180.19335937         2643.99438477 
        4956.47881427            0.50000000         8373.39355469        23728.19335937         2599.99438477 
        4957.03075711            0.50000000         8438.39355469        23960.19335937         2585.99438477 
        4957.48335116            0.50000000         8433.39355469        23937.19335937         2596.99438477 
        4958.02558841            0.50000000         8428.39355469        23948.19335937         2616.99438477 
        4958.44852407            0.50000000         8394.39355469        23928.19335937         2605.99438477 
        4959.02085687            0.50000000         8465.39355469        24113.19335937         2593.99438477 
        4959.48878414            0.50000000         8363.39355469        23813.19335937         2557.99438477 
        4960.07631904            0.50000000         8434.39355469        24100.19335937         2600.99438477 
        4960.48967639            0.50000000         8333.39355469        23825.19335937         2574.99438477 
        4961.03761559            0.50000000         8483.39355469        24312.19335937         2628.99438477 
        4961.48602802            0.50000000         8279.39355469        23714.19335937         2544.99438477 
        4962.02424006            0.50000000         8469.39355469        24289.19335937         2599.99438477 
        4962.44293777            0.50000000         8269.39355469        23743.19335937         2516.99438477 
        4963.02126652            0.50000000         8446.39355469        24257.19335937         2573.99438477 
        4963.49002044            0.50000000         8245.39355469        23717.19335937         2509.99438477 
        4964.09355911            0.50000000         8342.39355469        24021.19335937         2519.99438477 
        4964.48270224            0.50000000         8197.39355469        23701.19335937         2435.99438477 
        4965.03160731            0.50000000         8305.39355469        24000.19335937         2390.99438477 
        4965.48081026            0.50000000         8212.39355469        23774.19335937         2281.99438477 
        4966.01997121            0.50000000         8283.39355469        23873.19335937         1985.99438477 
        4966.43441345            0.50000000         8192.39355469        23729.19335937         1567.99438477 
        4967.01875579            0.50000000         8277.39355469        23850.19335937         1356.99438477 
        4967.48334036            0.50000000         8180.39404297        23649.19335937         1418.99438477 
        4968.08294485            0.50000000         8251.39355469        23708.19335937         1623.99438477 
        4968.46777448            0.50000000         8187.39404297        23463.19335937         1643.99438477 
        4969.02264369            0.50000000         8234.39355469        23409.19335937         1679.99438477 
        4969.47263719            0.50000000         8127.39404297        23126.19335937         1593.99438477 
        4970.00774550            0.50000000         8208.39355469        23090.19335937         1530.99438477 
        4970.42291635            0.50000000         8158.39404297        22532.19335937         1426.99438477 
        4971.01328989            0.50000000         8203.39355469        22183.19335937         1353.99438477 
        4971.47869241            0.50000000         8158.39404297        22139.19335937         1349.99438477 
        4972.07935267            0.50000000         8173.39404297        22364.19335937         1319.99438477 
        4972.46485998            0.50000000         8106.39404297        22623.19335937         1335.99438477 
        4973.02571462            0.50000000         8152.39404297        23056.19335937         1301.99438477 
        4973.47149245            0.50000000         8078.39404297        22916.19335937         1234.99438477 
        4974.00754334            0.50000000         8129.39404297        22930.19335937         1175.99438477 
        4974.42344557            0.50000000         8059.39404297        22747.19335937         1108.99438477 
        4975.01987187            0.50000000         8106.39404297        22883.19335937         1044.99438477 
        4975.47105449            0.50000000         8033.39404297        22819.19335937         1004.99432373 
        4976.06274067            0.50000000         8144.39404297        22992.19335937          989.99432373 
        4976.45895557            0.50000000         8018.39404297        22520.19335937          929.99432373 
        4977.01076217            0.50000000         8117.39404297        22447.19335937          907.99432373 
        4977.46233985            0.50000000         7976.39404297        21725.19335937          834.99432373 
        4977.99933217            0.50000000         8097.39404297        21615.19335937          817.99432373 
        4978.40592465            0.50000000         7978.39404297        21017.19335937          762.99432373 
        4978.99335316            0.50000000         8087.39404297        20953.19335937          752.99432373 
        4979.47043656            0.50000000         7970.39404297        20363.19335937          728.99432373 
        4980.05813984            0.50000000         8048.39404297        20041.19335937          725.99432373 
        4980.45505094            0.50000000         7909.39404297        19254.19335937          681.99432373 
        4981.01285307            0.50000000         7893.39404297        18621.19335937          666.99432373 
        4981.46522538            0.50000000         7905.39404297        18306.19335937          661.99432373 
        4981.99310665            0.50000000         7878.39404297        17931.19335937          645.99432373 
        4982.41549975            0.50000000         7897.39404297        17680.19335937          630.99432373 
        4982.99390305            0.50000000         7910.39404297        17337.19335937          631.99432373 
        4983.46176268            0.50000000         7844.39404297        17020.19335937          624.99432373 
        4984.03539909            0.50000000         7885.39404297        16819.19335937          619.99432373 
        4984.45313750            0.50000000         7848.39404297        16540.19335937          619.99432373 
        4984.99681538            0.50000000         7848.39404297        16320.19433594          621.99432373 
        4985.44997933            0.50000000         7842.39404297        16070.19433594          605.99432373 
        4985.96871086            0.50000000         7763.39404297        15578.19433594          585.99432373 
        4986.41703024            0.50000000         7847.39404297        15508.19433594          604.99432373 
        4986.98637175            0.50000000         7778.39404297        15029.19433594          588.99432373 
        4987.45505149            0.50000000         7751.39404297        14724.19433594          581.99432373 
        4988.03977627            0.50000000         7791.39404297        14487.19433594          597.99432373 
        4988.45824893            0.50000000         7734.39404297        14112.19433594          572.99432373 
        4988.99279551            0.50000000         7765.39404297        13862.19433594          574.99432373 
        4989.46188765            0.50000000         7672.39404297        13454.19433594          536.99432373 
        4989.95630414            0.50000000         7682.39404297        13371.19433594          549.99432373 
        4990.41045447            0.50000000         7701.39404297        13426.19433594          573.99432373 
        4990.97574553            0.50000000         7664.39404297        13537.19433594          528.99432373 
        4991.45029430            0.50000000         7631.39404297        13760.19433594          563.99432373 
        4992.01079275            0.50000000         7620.39404297        14201.19433594          564.99432373 
        4992.45019853            0.50000000         7647.39404297        14552.19433594          578.99432373 
        4992.98062847            0.50000000         7566.39404297        14727.19433594          554.99432373 
        4993.45054073            0.50000000         7664.39404297        15201.19433594          571.99432373 
        4993.92054967            0.50000000         7543.39404297        15114.19433594          572.99432373 
        4994.42098805            0.50000000         7609.39404297        15364.19433594          583.99432373 
        4994.95187582            0.50000000         7616.39404297        15405.19433594          590.99432373 
        4995.43736688            0.50000000         7578.39404297        15373.19433594          565.99432373 
        4995.98872657            0.50000000         7502.39404297        15233.19433594          561.99432373 
        4996.46937791            0.50000000         7573.39404297        15440.19433594          570.99432373 
        4996.96531364            0.50000000         7531.39404297        15344.19433594          551.99432373 
        4997.44617036            0.50000000         7479.39404297        15205.19433594          554.99432373 
        4997.91193854            0.50000000         7509.39404297        15202.19433594          559.99432373 
        4998.43857335            0.50000000         7463.39404297        15019.19433594          549.99432373 
        4998.94506736            0.50000000         7376.39404297        14746.19433594          532.99432373 
        4999.44154032            0.50000000         7473.39404297        14719.19433594          532.99432373 
        4999.98373080            0.50000000         7492.39404297        14652.19433594          525.99432373 
        5000.48549814            0.50000000         7428.39404297        14413.19433594          524.99432373 
        5000.96202554            0.50000000         7385.39404297        14211.19433594          509.99432373 
        5001.46907854            0.50000000         7480.39404297        14210.19433594          518.99432373 
        5001.92552231            0.50000000         7417.39404297        14066.19433594          513.99432373 
        5002.44800855            0.50000000         7447.39404297        14146.19433594          502.99432373 
        5002.91987043            0.50000000         7335.39404297        13948.19433594          501.99432373 
        5003.45781011            0.50000000         7411.39404297        14173.19433594          502.99432373 
        5003.96541625            0.50000000         7251.39404297        13937.19433594          474.99432373 
        5004.49852381            0.50000000         7329.39404297        14258.19433594          504.99432373 
        5004.93525674            0.50000000         7265.39404297        14263.19433594          479.99432373 
        5005.46351015            0.50000000         7361.39404297        14528.19433594          505.99432373 
        5005.90550802            0.50000000         7222.39404297        14397.19433594          473.99432373 
        5007.59299644            0.50000000         7214.39404297        14823.19433594          496.99432373 
        5009.40385331            0.50000000         7197.39404297        15231.19433594          522.99432373 
        5011.20086323            0.50000000         7043.39404297        15288.19433594          498.99432373 
        5013.02476533            0.50000000         7019.39404297        15522.19433594          511.99432373 
        5014.83481572            0.50000000         6914.39404297        15512.19433594          523.99432373 
        5016.80965250            0.50000000         6891.39404297        15670.19433594          522.99432373 
        5018.75553150            0.50000000         6809.39404297        15554.19433594          527.99432373 
        5020.79510940            0.50000000         6756.39404297        15593.19433594          512.99432373 
        5022.78531325            0.50000000         6789.39404297        15732.19433594          514.99432373 
        5024.88482276            0.50000000         6642.39404297        15579.19433594          511.99432373 
        5026.92471671            0.50000000         6578.39404297        15397.19433594          485.99432373 
        5029.06393276            0.50000000         6481.39404297        15195.19433594          488.99432373 
        5031.21027410            0.50000000         6473.39404297        15201.19433594          479.99432373 
        5033.47688409            0.50000000         6431.39404297        15126.19433594          455.99432373 
        5035.74572380            0.50000000         6369.39404297        15013.19433594          442.99432373 
        5038.02194877            0.50000000         6330.39404297        14880.19433594          421.99432373 
        5040.27979028            0.50000000         6210.39404297        14622.19433594          411.99432373 
        5042.66890571            0.50000000         6204.39404297        14533.19433594          406.99432373 
        5045.13284748            0.50000000         6122.39404297        14426.19433594          395.99432373 
        5047.45972967            0.50000000         6048.39404297        14427.19433594          395.99432373 
        5049.99093051            0.50000000         6027.39404297        14468.19433594          411.99432373 
        5052.43676187            0.50000000         5861.39404297        14266.19433594          409.99432373 
        5054.95784006            0.50000000         5844.39404297        14345.19433594          420.99432373 
        5057.58558288            0.50000000         5751.39404297        14124.19433594          430.99432373 
        5060.16428642            0.50000000         5702.39404297        14034.19433594          416.99432373 
        5062.79793550            0.50000000         5624.39404297        13947.19433594          399.99432373 
        5065.56492084            0.50000000         5582.39404297        13944.19433594          422.99432373 
        5068.26734273            0.50000000         5507.39404297        13917.19433594          403.99432373 
        5071.07743389            0.50000000         5304.39404297        13535.19433594          405.99432373 
        5073.96941438            0.50000000         5382.39404297        13808.19433594          420.99432373 
        5076.79164087            0.50000000         5226.39404297        13677.19433594          398.99432373 
        5079.67499175            0.50000000         5077.39404297        13397.19433594          382.99432373 
        5082.71948375            0.50000000         5041.39404297        13470.19433594          363.99432373 
        5085.73113767            0.50000000         4944.39404297        13323.19433594          334.99432373 
        5088.70981837            0.50000000         4921.39404297        13316.19433594          341.99432373 
        5091.83994316            0.50000000         4815.39404297        13227.19433594          339.99432373 
        5094.96370323            0.50000000         4678.39404297        13077.19433594          326.99432373 
        5098.07049004            0.50000000         4661.39404297        13139.19433594          331.99432373 
        5101.23964079            0.50000000         4533.39404297        12972.19433594          338.99432373 
        5104.50851173            0.50000000         4449.39404297        12924.19433594          351.99432373 
        5107.78725428            0.50000000         4351.39404297        12769.19433594          344.99432373 
        5111.06526691            0.50000000         4337.39404297        12818.19433594          349.99432373 
        5114.39577678            0.50000000         4267.39404297        12677.19433594          346.99432373 
        5117.77366549            0.50000000         4143.39404297        12518.19433594          357.99432373 
        5121.17776897            0.50000000         4014.39404297        12310.19433594          344.99432373 
        5124.60284295            0.50000000         3939.39404297        12073.19433594          333.99432373 
        5128.08109834            0.50000000         3984.39404297        12346.19433594          348.99432373 
        5131.61275934            0.50000000         3895.39404297        12097.19433594          334.99432373 
        5135.13897069            0.50000000         3824.39404297        12065.19433594          323.99432373 
        5138.71348792            0.50000000         3720.39404297        11859.19433594          327.99432373 
        5142.41733236            0.50000000         3709.39404297        11909.19433594          310.99432373 
        5145.98668794            0.50000000         3596.39404297        11771.19433594          317.99432373 
        5149.70193983            0.50000000         3547.39404297        11715.19433594          306.99432373 
        5153.42843777            0.50000000         3499.39404297        11637.19433594          305.99432373 
        5157.17706334            0.50000000         3444.39404297        11690.19433594          306.99432373 
        5161.02935832            0.50000000         3370.39404297        11521.19433594          314.99432373 
        5164.84439729            0.50000000         3231.39404297        11201.19433594          300.99432373 
        5168.74728178            0.50000000         3201.39404297        11291.19433594          294.99432373 
        5172.69477363            0.50000000         3109.39404297        10998.19433594          310.99432373 
        5176.54496650            0.50000000         2976.39404297        10748.19433594          306.99432373 
        5180.55467736            0.50000000         2404.39404297         8785.19433594          271.99432373 
        5184.54371529            0.50000000         2871.39404297        10575.19433594          305.99432373 
        5188.53942501            0.50000000         2764.39404297        10349.19433594          310.99432373 
        5192.70139770            0.50000000         2660.39404297        10080.19433594          293.99432373 
        5196.82652178            0.50000000         2548.39404297         9714.19433594          291.99432373 
        5200.94219583            0.50000000         2445.39404297         9472.19433594          297.99432373 
        5205.14791567            0.50000000         2348.39404297         9204.19433594          276.99432373 
        5208.92330839            0.50000000         2180.39404297         8562.19433594          235.99432373 
