# 1-D Scan File created by LabVIEW Control Panel  12/6/2011  7:38:10 AM; Scan time 0 hrs 4 min 28 sec. 
#
# Beamline 20 BM
#
# Scan config: 
#                 E0: 4966.00 eV   223 points
#        Scan bounds:  -100.00 -30.00 40.00 243.35 (7.99 (k))
#       Scan step(s):  5.00 0.50 0.07
#  Integration times:  0.50 0.50 0.50    kwgt in EXAFS region: 0.0 
#
# User Comment:
# 50oC
#
#
# Amplifier Sensitivities:
# Preslit: 20 nA/V  I0: 20 nA/V  I: 100 pA/V  IREF: 50 pA/V  
#
# Analog Input Voltages at start/end of scan:
# Preslit: 0.033/0.031  I0: 0.288/0.155  Ignore: 0.008/0.004  I: 0.575/0.276  IREF: 0.190/0.129  
#
# Mono Info:
# 
#
# ID Info:
# 
#
# Slit Info:
# Kappa S1:  Center is at -542 (H), 500 (V)   Size is 8000 wide x 2000 high
# Vacuum Slits:  Center is at 850 (H), -25 (V)   Size is 899 wide x 1000 high
#
# Motor Positions:
# SMV (20bm:m29): -37594.243125 SMH (20bm:m30): 4802.187500 
#
# Detector Names/PVs:
# I0/20bm:scaler1_netA.C  I/20bm:scaler1_netA.E  IREF/20bm:scaler1_netA.F  
#
# Positioner names/Drive PVs/Readback PVs:
# Mono Energy */20bm:monoE.VAL/20bm:EnctoE.VAL  Scaler preset time */20bm:scaler1.TP/  
# Here is a readable list of column headings:
#  1) Mono Energy *        
#  2) Scaler preset time * 
#  3) I0                   
#  4) I                    
#  5) IREF                 
#
# Column Headings:
#Mono Energy *        Scaler preset time * I0                   I                    IREF                 
        4865.38658797            0.50000000         9526.39355469        23766.19335937         3296.99438477 
        4870.45719986            0.50000000         9315.39355469        23419.19335937         3210.99438477 
        4875.47230129            0.50000000         9148.39355469        23111.19335937         3116.99438477 
        4880.54682416            0.50000000         9022.39355469        22955.19335937         3011.99438477 
        4885.59442313            0.50000000         8827.39355469        22568.19335937         2920.99438477 
        4890.58590492            0.50000000         8741.39355469        22591.19335937         2884.99438477 
        4895.66602039            0.50000000         8620.39355469        22490.19335937         2817.99438477 
        4900.77713326            0.50000000         8501.39355469        22343.19335937         2775.99438477 
        4905.80274538            0.50000000         8349.39355469        22091.19335937         2720.99438477 
        4910.81044561            0.50000000         8265.39355469        22062.19335937         2648.99438477 
        4915.82937170            0.50000000         8046.39404297        21704.19335937         2578.99438477 
        4920.84977234            0.50000000         7988.39404297        21701.19335937         2573.99438477 
        4925.87652315            0.50000000         7877.39404297        21628.19335937         2514.99438477 
        4930.88996442            0.50000000         7738.39404297        21457.19335937         2473.99438477 
        4935.95401645            0.50000000         7619.39404297        21346.19335937         2439.99438477 
        4936.47139734            0.50000000         7673.39404297        21528.19335937         2468.99438477 
        4936.93467723            0.50000000         7683.39404297        21589.19335937         2465.99438477 
        4937.44242310            0.50000000         7673.39404297        21612.19335937         2465.99438477 
        4937.91576500            0.50000000         7576.39404297        21378.19335937         2433.99438477 
        4938.42866425            0.50000000         7648.39404297        21561.19335937         2487.99438477 
        4938.93674684            0.50000000         7610.39404297        21421.19335937         2453.99438477 
        4939.43507497            0.50000000         7587.39404297        21481.19335937         2438.99438477 
        4939.98286958            0.50000000         7584.39404297        21483.19335937         2433.99438477 
        4940.46661871            0.50000000         7601.39404297        21486.19335937         2451.99438477 
        4940.96528508            0.50000000         7581.39404297        21512.19335937         2432.99438477 
        4941.43936721            0.50000000         7483.39404297        21245.19335937         2414.99438477 
        4941.93330875            0.50000000         7519.39404297        21349.19335937         2410.99438477 
        4942.42735845            0.50000000         7583.39404297        21558.19335937         2454.99438477 
        4942.96599587            0.50000000         7490.39404297        21324.19335937         2420.99438477 
        4943.45532845            0.50000000         7487.39404297        21335.19335937         2427.99438477 
        4944.01398928            0.50000000         7509.39404297        21448.19335937         2436.99438477 
        4944.46398482            0.50000000         7429.39404297        21243.19335937         2384.99438477 
        4944.99321522            0.50000000         7462.39404297        21323.19335937         2420.99438477 
        4945.46319667            0.50000000         7391.39404297        21173.19335937         2372.99438477 
        4945.96296847            0.50000000         7437.39404297        21314.19335937         2365.99438477 
        4946.43315182            0.50000000         7441.39404297        21342.19335937         2358.99438477 
        4946.98264797            0.50000000         7395.39404297        21237.19335937         2388.99438477 
        4947.46789985            0.50000000         7424.39404297        21353.19335937         2405.99438477 
        4948.04241437            0.50000000         7432.39404297        21428.19335937         2423.99438477 
        4948.46844186            0.50000000         7352.39404297        21220.19335937         2392.99438477 
        4949.01347785            0.50000000         7358.39404297        21263.19335937         2366.99438477 
        4949.47438357            0.50000000         7402.39404297        21401.19335937         2377.99438477 
        4949.98000117            0.50000000         7360.39404297        21319.19335937         2401.99438477 
        4950.43118686            0.50000000         7346.39404297        21250.19335937         2346.99438477 
        4951.00645525            0.50000000         7446.39404297        21606.19335937         2420.99438477 
        4951.47768926            0.50000000         7348.39404297        21329.19335937         2374.99438477 
        4952.07307262            0.50000000         7420.39404297        21578.19335937         2412.99438477 
        4952.47504501            0.50000000         7407.39404297        21518.19335937         2386.99438477 
        4953.02104785            0.50000000         7405.39404297        21535.19335937         2393.99438477 
        4953.47780599            0.50000000         7399.39404297        21551.19335937         2376.99438477 
        4953.99425236            0.50000000         7338.39404297        21437.19335937         2350.99438477 
        4954.43630488            0.50000000         7363.39404297        21464.19335937         2359.99438477 
        4955.01259288            0.50000000         7348.39404297        21494.19335937         2394.99438477 
        4955.47969254            0.50000000         7235.39404297        21157.19335937         2362.99438477 
        4956.07613008            0.50000000         7349.39404297        21514.19335937         2383.99438477 
        4956.47881427            0.50000000         7191.39404297        21105.19335937         2332.99438477 
        4957.03075711            0.50000000         7235.39404297        21240.19335937         2335.99438477 
        4957.48832523            0.50000000         7244.39404297        21268.19335937         2349.99438477 
        4958.02558841            0.50000000         7221.39404297        21204.19335937         2354.99438477 
        4958.44852407            0.50000000         7202.39404297        21148.19335937         2344.99438477 
        4959.02085687            0.50000000         7275.39404297        21434.19335937         2341.99438477 
        4959.49376261            0.50000000         7160.39404297        21142.19335937         2309.99438477 
        4960.08129880            0.50000000         7207.39404297        21290.19335937         2328.99438477 
        4960.48967639            0.50000000         7133.39404297        21105.19335937         2275.99438477 
        4961.02765187            0.50000000         7294.39404297        21572.19335937         2336.99438477 
        4961.48602802            0.50000000         7088.39404297        21004.19335937         2263.99438477 
        4962.01925603            0.50000000         7266.39404297        21568.19335937         2362.99438477 
        4962.44293777            0.50000000         7089.39404297        21044.19335937         2269.99438477 
        4963.02126652            0.50000000         7239.39404297        21524.19335937         2317.99438477 
        4963.49500771            0.50000000         7054.39404297        20990.19335937         2197.99438477 
        4964.09355911            0.50000000         7113.39404297        21128.19335937         2234.99438477 
        4964.47771280            0.50000000         7048.39404297        20961.19335937         2178.99438477 
        4965.03160731            0.50000000         7118.39404297        21221.19335937         2154.99438477 
        4965.48081026            0.50000000         7017.39404297        20928.19335937         2002.99438477 
        4966.02496404            0.50000000         7085.39404297        21147.19335937         1790.99438477 
        4966.42941972            0.50000000         7000.39404297        20911.19335937         1413.99438477 
        4967.02375081            0.50000000         7069.39404297        21102.19335937         1239.99438477 
        4967.47834432            0.50000000         6992.39404297        20845.19335937         1296.99438477 
        4968.08294485            0.50000000         7034.39404297        20909.19335937         1466.99438477 
        4968.47277270            0.50000000         6994.39404297        20689.19335937         1492.99438477 
        4969.02264369            0.50000000         7040.39404297        20668.19335937         1480.99438477 
        4969.46763678            0.50000000         6965.39404297        20458.19335937         1416.99438477 
        4970.00774550            0.50000000         7029.39404297        20425.19335937         1368.99438477 
        4970.42291635            0.50000000         7003.39404297        19919.19335937         1284.99438477 
        4971.01328989            0.50000000         7016.39404297        19597.19335937         1241.99438477 
        4971.47368758            0.50000000         6927.39404297        19409.19335937         1186.99438477 
        4972.07935267            0.50000000         6981.39404297        19773.19335937         1194.99438477 
        4972.45985297            0.50000000         6919.39404297        19875.19335937         1174.99438477 
        4973.02070638            0.50000000         6944.39404297        20259.19335937         1163.99438477 
        4973.47149245            0.50000000         6876.39404297        20112.19335937         1083.99438477 
        4974.00754334            0.50000000         6935.39404297        20216.19335937         1050.99438477 
        4974.41843424            0.50000000         6889.39404297        20071.19335937         1005.99432373 
        4975.01485923            0.50000000         6925.39404297        20185.19335937          977.99432373 
        4975.47105449            0.50000000         6841.39404297        20024.19335937          911.99432373 
        4976.06274067            0.50000000         6940.39404297        20247.19335937          885.99432373 
        4976.45895557            0.50000000         6825.39404297        19819.19335937          837.99432373 
        4977.01076217            0.50000000         6924.39404297        19799.19335937          815.99432373 
        4977.46233985            0.50000000         6796.39404297        19117.19335937          756.99432373 
        4977.99431297            0.50000000         6903.39404297        19077.19335937          755.99432373 
        4978.40592465            0.50000000         6792.39404297        18471.19335937          710.99432373 
        4978.99837457            0.50000000         6812.39404297        18242.19335937          659.99432373 
        4979.46541411            0.50000000         6795.39404297        17977.19335937          665.99432373 
        4980.05813984            0.50000000         6857.39404297        17688.19335937          655.99432373 
        4980.45505094            0.50000000         6771.39404297        17027.19335937          619.99432373 
        4981.01285307            0.50000000         6708.39404297        16421.19335937          592.99432373 
        4981.46522538            0.50000000         6733.39404297        16148.19433594          589.99432373 
        4981.98807863            0.50000000         6696.39404297        15764.19433594          585.99432373 
        4982.41047080            0.50000000         6710.39404297        15558.19433594          576.99432373 
        4982.98887282            0.50000000         6728.39404297        15226.19433594          562.99432373 
        4983.46176268            0.50000000         6651.39404297        14838.19433594          564.99432373 
        4984.03036657            0.50000000         6683.39404297        14737.19433594          547.99432373 
        4984.45313750            0.50000000         6665.39404297        14487.19433594          519.99432373 
        4984.99681538            0.50000000         6650.39404297        14320.19433594          546.99432373 
        4985.45501500            0.50000000         6658.39404297        14058.19433594          549.99432373 
        4985.97374767            0.50000000         6600.39404297        13679.19433594          528.99432373 
        4986.41703024            0.50000000         6616.39404297        13507.19433594          533.99432373 
        4986.98637175            0.50000000         6588.39404297        13199.19433594          533.99432373 
        4987.46009158            0.50000000         6586.39404297        12976.19433594          540.99432373 
        4988.03977627            0.50000000         6594.39404297        12710.19433594          532.99432373 
        4988.46329124            0.50000000         6517.39404297        12311.19433594          519.99432373 
        4988.99279551            0.50000000         6583.39404297        12219.19433594          512.99432373 
        4989.46188765            0.50000000         6466.39404297        11749.19433594          521.99432373 
        4989.96134976            0.50000000         6478.39404297        11715.19433594          502.99432373 
        4990.41550109            0.50000000         6477.39404297        11733.19433594          488.99432373 
        4990.98079340            0.50000000         6488.39404297        11887.19433594          497.99432373 
        4991.46039215            0.50000000         6421.39404297        12011.19433594          485.99432373 
        4992.01079275            0.50000000         6427.39404297        12369.19433594          508.99432373 
        4992.45524966            0.50000000         6453.39404297        12694.19433594          508.99432373 
        4992.98568077            0.50000000         6359.39404297        12800.19433594          509.99432373 
        4993.45559407            0.50000000         6432.39404297        13150.19433594          510.99432373 
        4993.93571286            0.50000000         6356.39404297        13166.19433594          499.99432373 
        4994.42098805            0.50000000         6426.39404297        13337.19433594          499.99432373 
        4994.95693249            0.50000000         6405.39404297        13410.19433594          519.99432373 
        4995.44748237            0.50000000         6362.39404297        13369.19433594          506.99432373 
        4996.00390349            0.50000000         6279.39404297        13177.19433594          490.99432373 
        4996.47443794            0.50000000         6374.39404297        13419.19433594          486.99432373 
        4996.97037476            0.50000000         6341.39404297        13331.19433594          504.99432373 
        4997.45123255            0.50000000         6284.39404297        13181.19433594          470.99432373 
        4997.91700176            0.50000000         6295.39404297        13124.19433594          468.99432373 
        4998.44363774            0.50000000         6272.39404297        13022.19433594          468.99432373 
        4998.95013286            0.50000000         6161.39404297        12679.19433594          451.99432373 
        4999.44660692            0.50000000         6287.39404297        12836.19433594          446.99432373 
        4999.98373080            0.50000000         6256.39404297        12658.19433594          449.99432373 
        5000.48549814            0.50000000         6228.39404297        12481.19433594          459.99432373 
        5000.96202554            0.50000000         6188.39404297        12296.19433594          447.99432373 
        5001.46907854            0.50000000         6304.39404297        12512.19433594          451.99432373 
        5001.92552231            0.50000000         6253.39404297        12268.19433594          431.99432373 
        5002.44800855            0.50000000         6255.39404297        12266.19433594          437.99432373 
        5002.92494474            0.50000000         6176.39404297        12137.19433594          420.99432373 
        5003.45781011            0.50000000         6220.39404297        12304.19433594          433.99432373 
        5003.97049288            0.50000000         6122.39404297        12196.19433594          422.99432373 
        5004.50360162            0.50000000         6172.39404297        12408.19433594          424.99432373 
        5004.94541431            0.50000000         6103.39404297        12339.19433594          416.99432373 
        5005.47367006            0.50000000         6193.39404297        12620.19433594          438.99432373 
        5005.91566990            0.50000000         6094.39404297        12530.19433594          459.99432373 
        5007.59808111            0.50000000         6086.39404297        12894.19433594          448.99432373 
        5009.40385331            0.50000000         6044.39404297        13217.19433594          473.99432373 
        5011.20086323            0.50000000         5917.39404297        13183.19433594          447.99432373 
        5013.02476533            0.50000000         5877.39404297        13340.19433594          440.99432373 
        5014.83481572            0.50000000         5816.39404297        13413.19433594          444.99432373 
        5016.81475764            0.50000000         5762.39404297        13453.19433594          467.99432373 
        5018.75553150            0.50000000         5690.39404297        13372.19433594          455.99432373 
        5020.79510940            0.50000000         5684.39404297        13464.19433594          472.99432373 
        5022.78019484            0.50000000         5671.39404297        13523.19433594          448.99432373 
        5024.87457660            0.50000000         5557.39404297        13307.19433594          452.99432373 
        5026.91446147            0.50000000         5487.39404297        13230.19433594          446.99432373 
        5029.06393276            0.50000000         5381.39404297        12977.19433594          415.99432373 
        5031.19999976            0.50000000         5427.39404297        13130.19433594          419.99432373 
        5033.47174186            0.50000000         5393.39404297        13027.19433594          404.99432373 
        5035.74057651            0.50000000         5281.39404297        12785.19433594          388.99432373 
        5038.01679641            0.50000000         5269.39404297        12725.19433594          352.99432373 
        5040.27463287            0.50000000         5148.39404297        12432.19433594          358.99432373 
        5042.65858025            0.50000000         5167.39404297        12457.19433594          361.99432373 
        5045.12767924            0.50000000         5085.39404297        12338.19433594          332.99432373 
        5047.45972967            0.50000000         5019.39404297        12214.19433594          330.99432373 
        5049.98575141            0.50000000         5013.39404297        12350.19433594          350.99432373 
        5052.43157729            0.50000000         4855.39404297        12062.19433594          358.99432373 
        5054.96303029            0.50000000         4865.39404297        12170.19433594          370.99432373 
        5057.58558288            0.50000000         4789.39404297        12028.19433594          367.99432373 
        5060.17469022            0.50000000         4703.39404297        11845.19433594          341.99432373 
        5062.80314330            0.50000000         4653.39404297        11793.19433594          373.99432373 
        5065.57534886            0.50000000         4611.39404297        11781.19433594          367.99432373 
        5068.27256280            0.50000000         4561.39404297        11771.19433594          371.99432373 
        5071.07743389            0.50000000         4398.39404297        11438.19433594          362.99432373 
        5073.96418151            0.50000000         4448.39404297        11642.19433594          372.99432373 
        5076.78640166            0.50000000         4302.39404297        11425.19433594          343.99432373 
        5079.68023745            0.50000000         4170.39404297        11221.19433594          320.99432373 
        5082.72473631            0.50000000         4138.39404297        11247.19433594          300.99432373 
        5085.73639701            0.50000000         4048.39404297        11129.19433594          291.99432373 
        5088.71508442            0.50000000         4027.39404297        11159.19433594          295.99432373 
        5091.85048939            0.50000000         3940.39404297        11066.19433594          273.99432373 
        5094.96898338            0.50000000         3860.39404297        11022.19433594          273.99432373 
        5098.07049004            0.50000000         3830.39404297        10993.19433594          281.99432373 
        5101.24493511            0.50000000         3748.39404297        10967.19433594          304.99432373 
        5104.51381344            0.50000000         3701.39404297        10943.19433594          305.99432373 
        5107.79256341            0.50000000         3631.39404297        10920.19433594          311.99432373 
        5111.07058345            0.50000000         3619.39404297        10897.19433594          298.99432373 
        5114.40642495            0.50000000         3544.39404297        10768.19433594          307.99432373 
        5117.77899722            0.50000000         3464.39404297        10687.19433594          303.99432373 
        5121.18310842            0.50000000         3394.39404297        10620.19433594          295.99432373 
        5124.60819017            0.50000000         3298.39404297        10307.19433594          291.99432373 
        5128.08645346            0.50000000         3366.39404297        10642.19433594          296.99432373 
        5131.61812249            0.50000000         3256.39404297        10358.19433594          286.99432373 
        5135.14434185            0.50000000         3174.39404297        10282.19433594          282.99432373 
        5138.71886720            0.50000000         3084.39404297        10101.19433594          286.99432373 
        5142.42810781            0.50000000         3106.39404297        10164.19433594          279.99432373 
        5145.98668794            0.50000000         2936.39404297         9814.19433594          263.99432373 
        5149.70734415            0.50000000         2896.39404297         9803.19433594          262.99432373 
        5153.43385059            0.50000000         2827.39404297         9640.19433594          253.99432373 
        5157.18248472            0.50000000         2788.39404297         9691.19433594          247.99432373 
        5161.04021868            0.50000000         2718.39404297         9548.19433594          271.99432373 
        5164.85527509            0.50000000         2615.39404297         9284.19433594          256.99432373 
        5168.74728178            0.50000000         2607.39404297         9442.19433594          257.99432373 
        5172.70023049            0.50000000         2516.39404297         9138.19433594          248.99432373 
        5176.54496650            0.50000000         2457.39404297         9113.19433594          268.99432373 
        5180.56562714            0.50000000         1972.39404297         7411.19433594          214.99432373 
        5184.55468336            0.50000000         2378.39404297         8982.19433594          264.99432373 
        5188.53942501            0.50000000         2294.39404297         8830.19433594          254.99432373 
        5192.70690048            0.50000000         2189.39404297         8540.19433594          248.99432373 
        5196.83203404            0.50000000         2121.39404297         8333.19433594          254.99432373 
        5200.94771756            0.50000000         2024.39404297         8102.19433594          236.99432373 
        5205.15344710            0.50000000         1926.39404297         7791.19433594          216.99432373 
        5208.93438865            0.50000000         1793.39404297         7297.19433594          212.99432373 
