# 1-D Scan File created by LabVIEW Control Panel  12/6/2011  4:52:26 AM; Scan time 0 hrs 4 min 28 sec. 
#
# Beamline 20 BM
#
# Scan config: 
#                 E0: 4966.00 eV   223 points
#        Scan bounds:  -100.00 -30.00 40.00 243.35 (7.99 (k))
#       Scan step(s):  5.00 0.50 0.07
#  Integration times:  0.50 0.50 0.50    kwgt in EXAFS region: 0.0 
#
# User Comment:
# 50oC
#
#
# Amplifier Sensitivities:
# Preslit: 20 nA/V  I0: 20 nA/V  I: 100 pA/V  IREF: 50 pA/V  
#
# Analog Input Voltages at start/end of scan:
# Preslit: 0.033/0.031  I0: 0.371/0.177  Ignore: 0.009/0.005  I: 0.685/0.377  IREF: 0.207/0.133  
#
# Mono Info:
# 
#
# ID Info:
# 
#
# Slit Info:
# Kappa S1:  Center is at -542 (H), 500 (V)   Size is 8000 wide x 2000 high
# Vacuum Slits:  Center is at 850 (H), -25 (V)   Size is 899 wide x 1000 high
#
# Motor Positions:
# SMV (20bm:m29): -37594.243125 SMH (20bm:m30): 4802.187500 
#
# Detector Names/PVs:
# I0/20bm:scaler1_netA.C  I/20bm:scaler1_netA.E  IREF/20bm:scaler1_netA.F  
#
# Positioner names/Drive PVs/Readback PVs:
# Mono Energy */20bm:monoE.VAL/20bm:EnctoE.VAL  Scaler preset time */20bm:scaler1.TP/  
# Here is a readable list of column headings:
#  1) Mono Energy *        
#  2) Scaler preset time * 
#  3) I0                   
#  4) I                    
#  5) IREF                 
#
# Column Headings:
#Mono Energy *        Scaler preset time * I0                   I                    IREF                 
        4865.38658797            0.50000000        13476.39355469        29321.19335937         4033.99438477 
        4870.45241530            0.50000000        13259.39355469        28999.19335937         3938.99438477 
        4875.46271053            0.50000000        13125.39355469        29017.19335937         3888.99438477 
        4880.53721146            0.50000000        12946.39355469        28874.19335937         3747.99438477 
        4885.58960585            0.50000000        12740.39355469        28706.19335937         3707.99438477 
        4890.57142068            0.50000000        12615.39355469        28664.19335937         3586.99438477 
        4895.65634219            0.50000000        12535.39355469        28718.19335937         3565.99438477 
        4900.76743286            0.50000000        12398.39355469        28761.19335937         3501.99438477 
        4905.80274538            0.50000000        12230.39355469        28522.19335937         3447.99438477 
        4910.81044561            0.50000000        12131.39355469        28607.19335937         3416.99438477 
        4915.81960583            0.50000000        11879.39355469        28416.19335937         3315.99438477 
        4920.84977234            0.50000000        11879.39355469        28681.19335937         3346.99438477 
        4925.88142801            0.50000000        11746.39355469        28663.19335937         3266.99438477 
        4930.88996442            0.50000000        11614.39355469        28681.19335937         3262.99438477 
        4935.96387021            0.50000000        11483.39355469        28674.19335937         3229.99438477 
        4936.47632534            0.50000000        11580.39355469        29094.19335937         3261.99438477 
        4936.94453528            0.50000000        11579.39355469        29046.19335937         3248.99438477 
        4937.44242310            0.50000000        11571.39355469        29045.19335937         3273.99438477 
        4937.92069616            0.50000000        11453.39355469        28880.19335937         3234.99438477 
        4938.42866425            0.50000000        11558.39355469        29003.19335937         3280.99438477 
        4938.94661366            0.50000000        11526.39355469        28983.19335937         3265.99438477 
        4939.44000946            0.50000000        11463.39355469        29008.19335937         3248.99438477 
        4939.98286958            0.50000000        11448.39355469        28797.19335937         3220.99438477 
        4940.46661871            0.50000000        11479.39355469        29011.19335937         3240.99438477 
        4940.98009864            0.50000000        11450.39355469        29032.19335937         3263.99438477 
        4941.44430609            0.50000000        11313.39355469        28705.19335937         3222.99438477 
        4941.93824871            0.50000000        11356.39355469        28892.19335937         3229.99438477 
        4942.43229949            0.50000000        11492.39355469        29187.19335937         3304.99438477 
        4942.97093809            0.50000000        11417.39355469        29132.19335937         3228.99438477 
        4943.46027175            0.50000000        11409.39355469        29109.19335937         3246.99438477 
        4944.02387833            0.50000000        11449.39355469        29177.19335937         3221.99438477 
        4944.46893032            0.50000000        11381.39355469        29136.19335937         3251.99438477 
        4945.00310856            0.50000000        11360.39355469        29011.19335937         3227.99438477 
        4945.46319667            0.50000000        11247.39355469        28771.19335937         3186.99438477 
        4945.95801969            0.50000000        11318.39355469        29024.19335937         3217.99438477 
        4946.43315182            0.50000000        11348.39355469        29023.19335937         3211.99438477 
        4946.98759899            0.50000000        11327.39355469        29088.19335937         3200.99438477 
        4947.46789985            0.50000000        11310.39355469        29078.19335937         3227.99438477 
        4948.05232107            0.50000000        11294.39355469        29136.19335937         3222.99438477 
        4948.47835043            0.50000000        11252.39355469        29095.19335937         3226.99438477 
        4949.01843333            0.50000000        11212.39355469        29012.19335937         3178.99438477 
        4949.47438357            0.50000000        11243.39355469        29103.19335937         3192.99438477 
        4949.98495877            0.50000000        11191.39355469        29012.19335937         3187.99438477 
        4950.44110404            0.50000000        11199.39355469        29069.19335937         3184.99438477 
        4951.01141509            0.50000000        11283.39355469        29297.19335937         3202.99438477 
        4951.47768926            0.50000000        11199.39355469        29129.19335937         3183.99438477 
        4952.07307262            0.50000000        11270.39355469        29243.19335937         3222.99438477 
        4952.47504501            0.50000000        11249.39355469        29219.19335937         3196.99438477 
        4953.02104785            0.50000000        11206.39355469        29117.19335937         3191.99438477 
        4953.48277126            0.50000000        11226.39355469        29351.19335937         3192.99438477 
        4953.99425236            0.50000000        11154.39355469        29192.19335937         3173.99438477 
        4954.43630488            0.50000000        11163.39355469        29184.19335937         3191.99438477 
        4955.01259288            0.50000000        11185.39355469        29335.19335937         3181.99438477 
        4955.47969254            0.50000000        11043.39355469        29055.19335937         3183.99438477 
        4956.07115912            0.50000000        11176.39355469        29398.19335937         3213.99438477 
        4956.48875800            0.50000000        11039.39355469        29088.19335937         3154.99438477 
        4957.03573018            0.50000000        11111.39355469        29236.19335937         3186.99438477 
        4957.48832523            0.50000000        11108.39355469        29197.19335937         3172.99438477 
        4958.02558841            0.50000000        11105.39355469        29320.19335937         3166.99438477 
        4958.44852407            0.50000000        11062.39355469        29159.19335937         3192.99438477 
        4959.02085687            0.50000000        11106.39355469        29383.19335937         3168.99438477 
        4959.48878414            0.50000000        11015.39355469        29154.19335937         3116.99438477 
        4960.07133929            0.50000000        11044.39355469        29324.19335937         3151.99438477 
        4960.48469573            0.50000000        10947.39355469        29039.19335937         3101.99438477 
        4961.03263372            0.50000000        11128.39355469        29484.19335937         3161.99438477 
        4961.48602802            0.50000000        10925.39355469        29094.19335937         3100.99438477 
        4962.01427201            0.50000000        11139.39355469        29665.19335937         3134.99438477 
        4962.44293777            0.50000000        10915.39355469        29078.19335937         3061.99438477 
        4963.02126652            0.50000000        11086.39355469        29519.19335937         3130.99438477 
        4963.49002044            0.50000000        10891.39355469        29100.19335937         3028.99438477 
        4964.09355911            0.50000000        10978.39355469        29328.19335937         3032.99438477 
        4964.48270224            0.50000000        10867.39355469        29188.19335937         2977.99438477 
        4965.03160731            0.50000000        10983.39355469        29355.19335937         2913.99438477 
        4965.47581862            0.50000000        10866.39355469        29215.19335937         2757.99438477 
        4966.01997121            0.50000000        10944.39355469        29295.19335937         2389.99438477 
        4966.43441345            0.50000000        10882.39355469        29310.19335937         1896.99438477 
        4967.02375081            0.50000000        10922.39355469        29248.19335937         1656.99438477 
        4967.48334036            0.50000000        10800.39355469        29019.19335937         1741.99438477 
        4968.08294485            0.50000000        10904.39355469        29124.19335937         1979.99438477 
        4968.46777448            0.50000000        10800.39355469        28833.19335937         2041.99438477 
        4969.02264369            0.50000000        10898.39355469        28899.19335937         2028.99438477 
        4969.47263719            0.50000000        10846.39355469        28915.19335937         1959.99438477 
        4970.00774550            0.50000000        10915.39355469        28788.19335937         1881.99438477 
        4970.42791887            0.50000000        10807.39355469        28135.19335937         1774.99438477 
        4971.01328989            0.50000000        10867.39355469        27684.19335937         1678.99438477 
        4971.47368758            0.50000000        10778.39355469        27615.19335937         1654.99438477 
        4972.07935267            0.50000000        10790.39355469        27821.19335937         1660.99438477 
        4972.46485998            0.50000000        10737.39355469        28102.19335937         1627.99438477 
        4973.02070638            0.50000000        10789.39355469        28428.19335937         1573.99438477 
        4973.46648323            0.50000000        10707.39355469        28464.19335937         1496.99438477 
        4974.00253293            0.50000000        10777.39355469        28330.19335937         1440.99438477 
        4974.41843424            0.50000000        10714.39355469        28198.19335937         1363.99438477 
        4975.01485923            0.50000000        10762.39355469        28145.19335937         1273.99438477 
        4975.47105449            0.50000000        10666.39355469        27993.19335937         1216.99438477 
        4976.06274067            0.50000000        10804.39355469        28026.19335937         1182.99438477 
        4976.45895557            0.50000000        10622.39355469        27309.19335937         1124.99438477 
        4977.00574514            0.50000000        10755.39355469        27103.19335937         1056.99438477 
        4977.46233985            0.50000000        10609.39355469        26299.19335937         1015.99432373 
        4977.99431297            0.50000000        10760.39355469        26122.19335937          998.99432373 
        4978.40592465            0.50000000        10557.39355469        25290.19335937          949.99432373 
        4978.99335316            0.50000000        10645.39355469        25154.19335937          900.99432373 
        4979.46039167            0.50000000        10646.39355469        24719.19335937          879.99432373 
        4980.05813984            0.50000000        10642.39355469        24086.19335937          850.99432373 
        4980.45505094            0.50000000        10551.39355469        23342.19335937          814.99432373 
        4981.00782722            0.50000000        10523.39355469        22657.19335937          802.99432373 
        4981.46019853            0.50000000        10576.39355469        22364.19335937          790.99432373 
        4981.99310665            0.50000000        10547.39355469        22013.19335937          768.99432373 
        4982.40544186            0.50000000        10512.39355469        21669.19335937          748.99432373 
        4982.98887282            0.50000000        10532.39355469        21429.19335937          739.99432373 
        4983.46176268            0.50000000        10441.39355469        21104.19335937          738.99432373 
        4984.03539909            0.50000000        10510.39355469        20878.19335937          738.99432373 
        4984.45817096            0.50000000        10474.39355469        20583.19335937          733.99432373 
        4984.99681538            0.50000000        10442.39355469        20155.19335937          733.99432373 
        4985.44997933            0.50000000        10422.39355469        19708.19335937          727.99432373 
        4985.97374767            0.50000000        10378.39355469        19094.19335937          708.99432373 
        4986.41703024            0.50000000        10439.39355469        18689.19335937          704.99432373 
        4986.98637175            0.50000000        10429.39355469        18081.19335937          707.99432373 
        4987.45505149            0.50000000        10366.39355469        17660.19335937          699.99432373 
        4988.03977627            0.50000000        10438.39355469        17278.19335937          689.99432373 
        4988.45824893            0.50000000        10341.39355469        16935.19335937          675.99432373 
        4988.99279551            0.50000000        10383.39355469        16748.19335937          704.99432373 
        4989.46188765            0.50000000        10263.39355469        16512.19335937          682.99432373 
        4989.95630414            0.50000000        10261.39355469        16556.19335937          672.99432373 
        4990.41045447            0.50000000        10282.39355469        16761.19335937          689.99432373 
        4990.98079340            0.50000000        10272.39355469        17117.19335937          687.99432373 
        4991.45534322            0.50000000        10201.39355469        17423.19335937          675.99432373 
        4992.01079275            0.50000000        10234.39355469        18122.19335937          686.99432373 
        4992.45019853            0.50000000        10163.39355469        18429.19335937          687.99432373 
        4992.98062847            0.50000000        10141.39355469        18769.19335937          696.99432373 
        4993.45054073            0.50000000        10206.39355469        19154.19335937          715.99432373 
        4993.93571286            0.50000000        10103.39355469        19155.19335937          707.99432373 
        4994.42604354            0.50000000        10230.39355469        19461.19335937          708.99432373 
        4994.95693249            0.50000000        10248.39355469        19529.19335937          733.99432373 
        4995.44242462            0.50000000        10225.39355469        19511.19335937          704.99432373 
        4995.99884450            0.50000000        10077.39355469        19199.19335937          685.99432373 
        4996.46937791            0.50000000        10213.39355469        19420.19335937          687.99432373 
        4996.97037476            0.50000000        10153.39355469        19272.19335937          678.99432373 
        4997.45123255            0.50000000        10039.39355469        18935.19335937          658.99432373 
        4997.91700176            0.50000000        10095.39355469        18929.19335937          662.99432373 
        4998.43857335            0.50000000        10057.39355469        18620.19335937          649.99432373 
        4998.95013286            0.50000000         9943.39355469        18254.19335937          634.99432373 
        4999.44154032            0.50000000        10123.39355469        18369.19335937          624.99432373 
        4999.98879861            0.50000000        10083.39355469        18055.19335937          619.99432373 
        5000.48549814            0.50000000        10028.39355469        17823.19335937          594.99432373 
        5000.96202554            0.50000000         9960.39355469        17559.19335937          605.99432373 
        5001.46907854            0.50000000        10096.39355469        17683.19335937          584.99432373 
        5001.92552231            0.50000000        10037.39355469        17606.19335937          604.99432373 
        5002.44800855            0.50000000        10020.39355469        17603.19335937          595.99432373 
        5002.91987043            0.50000000         9892.39355469        17510.19335937          575.99432373 
        5003.45781011            0.50000000         9998.39355469        17876.19335937          597.99432373 
        5003.96541625            0.50000000         9842.39355469        17719.19335937          570.99432373 
        5004.49852381            0.50000000         9916.39355469        18082.19335937          582.99432373 
        5004.94033552            0.50000000         9844.39355469        18154.19335937          587.99432373 
        5005.46351015            0.50000000         9926.39355469        18461.19335937          607.99432373 
        5005.91058895            0.50000000         9790.39355469        18388.19335937          574.99432373 
        5007.59299644            0.50000000         9763.39355469        19036.19335937          602.99432373 
        5009.39876463            0.50000000         9712.39355469        19407.19335937          610.99432373 
        5011.19067790            0.50000000         9560.39355469        19543.19335937          623.99432373 
        5013.01966861            0.50000000         9498.39355469        19732.19335937          624.99432373 
        5014.83481572            0.50000000         9400.39355469        19789.19335937          624.99432373 
        5016.80965250            0.50000000         9381.39355469        20101.19335937          641.99432373 
        5018.75042204            0.50000000         9303.39355469        20065.19335937          646.99432373 
        5020.78999541            0.50000000         9250.39355469        20047.19335937          628.99432373 
        5022.77507644            0.50000000         9220.39355469        20056.19335937          639.99432373 
        5024.87457660            0.50000000         9090.39355469        19857.19335937          615.99432373 
        5026.91446147            0.50000000         9023.39355469        19769.19335937          621.99432373 
        5029.06393276            0.50000000         8891.39355469        19518.19335937          612.99432373 
        5031.18972547            0.50000000         8884.39355469        19522.19335937          577.99432373 
        5033.45631525            0.50000000         8838.39355469        19437.19335937          566.99432373 
        5035.73028197            0.50000000         8711.39355469        19111.19335937          536.99432373 
        5038.00649172            0.50000000         8704.39355469        19013.19335937          524.99432373 
        5040.25400337            0.50000000         8533.39355469        18560.19335937          503.99432373 
        5042.64309213            0.50000000         8517.39355469        18461.19335937          489.99432373 
        5045.10700638            0.50000000         8422.39355469        18363.19335937          472.99432373 
        5047.44420937            0.50000000         8352.39355469        18491.19335937          483.99432373 
        5049.97021416            0.50000000         8304.39355469        18587.19335937          487.99432373 
        5052.42120817            0.50000000         8112.39404297        18393.19335937          491.99432373 
        5054.93707924            0.50000000         8076.39404297        18433.19335937          489.99432373 
        5057.56479853            0.50000000         7974.39404297        18251.19335937          517.99432373 
        5060.15388267            0.50000000         7875.39404297        18046.19335937          503.99432373 
        5062.77189668            0.50000000         7813.39404297        18120.19335937          511.99432373 
        5065.53885099            0.50000000         7723.39404297        18009.19335937          510.99432373 
        5068.23602256            0.50000000         7602.39404297        17903.19335937          506.99432373 
        5071.05652849            0.50000000         7384.39404297        17592.19335937          507.99432373 
        5073.94325017            0.50000000         7453.39404297        17876.19335937          516.99432373 
        5076.76020580            0.50000000         7284.39404297        17778.19335937          492.99432373 
        5079.64351776            0.50000000         7078.39404297        17410.19335937          471.99432373 
        5082.69322115            0.50000000         7070.39404297        17628.19335937          455.99432373 
        5085.71010044            0.50000000         6918.39404297        17371.19335937          431.99432373 
        5088.69928631            0.50000000         6924.39404297        17449.19335937          420.99432373 
        5091.82412392            0.50000000         6789.39404297        17391.19335937          396.99432373 
        5094.94786284            0.50000000         6647.39404297        17330.19335937          388.99432373 
        5098.04934150            0.50000000         6626.39404297        17426.19335937          440.99432373 
        5101.22905218            0.50000000         6496.39404297        17342.19335937          430.99432373 
        5104.50321003            0.50000000         6415.39404297        17336.19335937          456.99432373 
        5107.78194517            0.50000000         6313.39404297        17179.19335937          460.99432373 
        5111.07058345            0.50000000         6305.39404297        17292.19335937          468.99432373 
        5114.39577678            0.50000000         6255.39404297        17137.19335937          464.99432373 
        5117.77899722            0.50000000         6144.39404297        17168.19335937          436.99432373 
        5121.18310842            0.50000000         5966.39404297        16936.19335937          454.99432373 
        5124.60819017            0.50000000         5841.39404297        16544.19335937          435.99432373 
        5128.08645346            0.50000000         5978.39404297        17189.19335937          458.99432373 
        5131.61275934            0.50000000         5782.39404297        16680.19335937          447.99432373 
        5135.14434185            0.50000000         5613.39404297        16552.19335937          446.99432373 
        5138.72424650            0.50000000         5518.39404297        16282.19433594          442.99432373 
        5142.42810781            0.50000000         5517.39404297        16425.19335937          428.99432373 
        5145.99208379            0.50000000         5221.39404297        15799.19433594          415.99432373 
        5149.70193983            0.50000000         5154.39404297        15853.19433594          412.99432373 
        5153.43385059            0.50000000         5096.39404297        15774.19433594          404.99432373 
        5157.18248472            0.50000000         4981.39404297        15677.19433594          384.99432373 
        5161.05107909            0.50000000         4854.39404297        15510.19433594          390.99432373 
        5164.86071401            0.50000000         4746.39404297        15388.19433594          400.99432373 
        5168.75817745            0.50000000         4710.39404297        15462.19433594          400.99432373 
        5172.70568737            0.50000000         4522.39404297        14945.19433594          380.99432373 
        5176.55043219            0.50000000         4352.39404297        14666.19433594          377.99432373 
        5180.56015224            0.50000000         3516.39404297        12029.19433594          333.99432373 
        5184.54919932            0.50000000         4235.39404297        14491.19433594          408.99432373 
        5188.53942501            0.50000000         4106.39404297        14342.19433594          389.99432373 
        5192.70690048            0.50000000         3961.39404297        13963.19433594          386.99432373 
        5196.83203404            0.50000000         3815.39404297        13585.19433594          375.99432373 
        5200.94219583            0.50000000         3688.39404297        13298.19433594          375.99432373 
        5205.15344710            0.50000000         3468.39404297        12657.19433594          339.99432373 
        5208.92884851            0.50000000         3292.39404297        12078.19433594          347.99432373 
