# 1-D Scan File created by LabVIEW Control Panel  12/6/2011  5:57:43 AM; Scan time 0 hrs 4 min 29 sec. 
#
# Beamline 20 BM
#
# Scan config: 
#                 E0: 4966.00 eV   223 points
#        Scan bounds:  -100.00 -30.00 40.00 243.35 (7.99 (k))
#       Scan step(s):  5.00 0.50 0.07
#  Integration times:  0.50 0.50 0.50    kwgt in EXAFS region: 0.0 
#
# User Comment:
# 50oC
#
#
# Amplifier Sensitivities:
# Preslit: 20 nA/V  I0: 20 nA/V  I: 100 pA/V  IREF: 50 pA/V  
#
# Analog Input Voltages at start/end of scan:
# Preslit: 0.032/0.031  I0: 0.330/0.171  Ignore: 0.010/0.003  I: 0.632/0.320  IREF: 0.199/0.132  
#
# Mono Info:
# 
#
# ID Info:
# 
#
# Slit Info:
# Kappa S1:  Center is at -542 (H), 500 (V)   Size is 8000 wide x 2000 high
# Vacuum Slits:  Center is at 850 (H), -25 (V)   Size is 899 wide x 1000 high
#
# Motor Positions:
# SMV (20bm:m29): -37594.243125 SMH (20bm:m30): 4802.187500 
#
# Detector Names/PVs:
# I0/20bm:scaler1_netA.C  I/20bm:scaler1_netA.E  IREF/20bm:scaler1_netA.F  
#
# Positioner names/Drive PVs/Readback PVs:
# Mono Energy */20bm:monoE.VAL/20bm:EnctoE.VAL  Scaler preset time */20bm:scaler1.TP/  
# Here is a readable list of column headings:
#  1) Mono Energy *        
#  2) Scaler preset time * 
#  3) I0                   
#  4) I                    
#  5) IREF                 
#
# Column Headings:
#Mono Energy *        Scaler preset time * I0                   I                    IREF                 
        4865.39136160            0.50000000        11613.39355469        26544.19335937         3717.99438477 
        4870.45241530            0.50000000        11420.39355469        26243.19335937         3586.99438477 
        4875.46271053            0.50000000        11264.39355469        26021.19335937         3571.99438477 
        4880.54201781            0.50000000        11121.39355469        26029.19335937         3466.99438477 
        4885.59442313            0.50000000        10929.39355469        25683.19335937         3368.99438477 
        4890.58107683            0.50000000        10827.39355469        25694.19335937         3290.99438477 
        4895.66118128            0.50000000        10679.39355469        25506.19335937         3230.99438477 
        4900.77228306            0.50000000        10586.39355469        25615.19335937         3201.99438477 
        4905.80274538            0.50000000        10425.39355469        25310.19335937         3103.99438477 
        4910.81044561            0.50000000        10329.39355469        25414.19335937         3062.99438477 
        4915.82448876            0.50000000        10124.39355469        25173.19335937         2984.99438477 
        4920.84977234            0.50000000        10143.39355469        25507.19335937         3011.99438477 
        4925.88633288            0.50000000         9958.39355469        25305.19335937         2922.99438477 
        4930.89488023            0.50000000         9839.39355469        25201.19335937         2861.99438477 
        4935.96387021            0.50000000         9707.39355469        25061.19335937         2872.99438477 
        4936.47632534            0.50000000         9792.39355469        25456.19335937         2902.99438477 
        4936.94453528            0.50000000         9810.39355469        25485.19335937         2906.99438477 
        4937.44735323            0.50000000         9794.39355469        25482.19335937         2896.99438477 
        4937.92069616            0.50000000         9693.39355469        25303.19335937         2864.99438477 
        4938.43359654            0.50000000         9763.39355469        25556.19335937         2916.99438477 
        4938.94168024            0.50000000         9753.39355469        25408.19335937         2903.99438477 
        4939.44000946            0.50000000         9689.39355469        25378.19335937         2863.99438477 
        4939.98286958            0.50000000         9686.39355469        25279.19335937         2840.99438477 
        4940.47155546            0.50000000         9703.39355469        25380.19335937         2880.99438477 
        4940.98009864            0.50000000         9709.39355469        25504.19335937         2871.99438477 
        4941.44430609            0.50000000         9604.39355469        25278.19335937         2831.99438477 
        4941.93824871            0.50000000         9636.39355469        25370.19335937         2856.99438477 
        4942.42735845            0.50000000         9719.39355469        25538.19335937         2876.99438477 
        4942.97093809            0.50000000         9625.39355469        25424.19335937         2851.99438477 
        4943.45532845            0.50000000         9623.39355469        25345.19335937         2845.99438477 
        4944.02387833            0.50000000         9661.39355469        25509.19335937         2843.99438477 
        4944.46893032            0.50000000         9579.39355469        25303.19335937         2838.99438477 
        4944.99816189            0.50000000         9582.39355469        25362.19335937         2815.99438477 
        4945.46319667            0.50000000         9491.39355469        25154.19335937         2811.99438477 
        4945.96296847            0.50000000         9535.39355469        25257.19335937         2806.99438477 
        4946.43315182            0.50000000         9601.39355469        25405.19335937         2820.99438477 
        4946.98759899            0.50000000         9537.39355469        25259.19335937         2796.99438477 
        4947.46789985            0.50000000         9528.39355469        25297.19335937         2831.99438477 
        4948.05232107            0.50000000         9555.39355469        25386.19335937         2847.99438477 
        4948.47339614            0.50000000         9488.39355469        25330.19335937         2815.99438477 
        4949.00852239            0.50000000         9504.39355469        25417.19335937         2837.99438477 
        4949.47438357            0.50000000         9509.39355469        25428.19335937         2809.99438477 
        4949.98495877            0.50000000         9468.39355469        25387.19335937         2823.99438477 
        4950.44110404            0.50000000         9480.39355469        25361.19335937         2826.99438477 
        4951.01637495            0.50000000         9558.39355469        25622.19335937         2829.99438477 
        4951.47768926            0.50000000         9461.39355469        25369.19335937         2792.99438477 
        4952.07307262            0.50000000         9528.39355469        25536.19335937         2801.99438477 
        4952.47504501            0.50000000         9526.39355469        25521.19335937         2810.99438477 
        4953.02601211            0.50000000         9492.39355469        25425.19335937         2825.99438477 
        4953.48277126            0.50000000         9512.39355469        25636.19335937         2805.99438477 
        4953.99425236            0.50000000         9457.39355469        25505.19335937         2794.99438477 
        4954.44127225            0.50000000         9483.39355469        25584.19335937         2822.99438477 
        4955.01756152            0.50000000         9474.39355469        25578.19335937         2814.99438477 
        4955.48466220            0.50000000         9370.39355469        25354.19335937         2770.99438477 
        4956.07613008            0.50000000         9492.39355469        25671.19335937         2802.99438477 
        4956.48378613            0.50000000         9339.39355469        25319.19335937         2777.99438477 
        4957.04070326            0.50000000         9393.39355469        25439.19335937         2776.99438477 
        4957.48832523            0.50000000         9386.39355469        25440.19335937         2766.99438477 
        4958.02558841            0.50000000         9377.39355469        25525.19335937         2782.99438477 
        4958.44852407            0.50000000         9369.39355469        25451.19335937         2780.99438477 
        4959.02085687            0.50000000         9379.39355469        25644.19335937         2770.99438477 
        4959.48878414            0.50000000         9318.39355469        25396.19335937         2762.99438477 
        4960.07631904            0.50000000         9365.39355469        25555.19335937         2743.99438477 
        4960.48967639            0.50000000         9272.39355469        25349.19335937         2720.99438477 
        4961.03263372            0.50000000         9475.39355469        25882.19335937         2801.99438477 
        4961.48602802            0.50000000         9292.39355469        25412.19335937         2739.99438477 
        4962.01925603            0.50000000         9462.39355469        25932.19335937         2796.99438477 
        4962.44293777            0.50000000         9304.39355469        25499.19335937         2710.99438477 
        4963.02126652            0.50000000         9429.39355469        25903.19335937         2744.99438477 
        4963.49002044            0.50000000         9234.39355469        25410.19335937         2669.99438477 
        4964.09355911            0.50000000         9310.39355469        25588.19335937         2680.99438477 
        4964.48270224            0.50000000         9210.39355469        25451.19335937         2617.99438477 
        4965.03160731            0.50000000         9265.39355469        25508.19335937         2539.99438477 
        4965.48081026            0.50000000         9215.39355469        25481.19335937         2452.99438477 
        4966.01997121            0.50000000         9303.39355469        25654.19335937         2116.99438477 
        4966.43441345            0.50000000         9201.39355469        25506.19335937         1687.99438477 
        4967.01875579            0.50000000         9244.39355469        25484.19335937         1443.99438477 
        4967.47834432            0.50000000         9147.39355469        25303.19335937         1524.99438477 
        4968.08294485            0.50000000         9232.39355469        25326.19335937         1734.99438477 
        4968.46777448            0.50000000         9148.39355469        25036.19335937         1785.99438477 
        4969.02264369            0.50000000         9232.39355469        25010.19335937         1804.99438477 
        4969.47263719            0.50000000         9148.39355469        24968.19335937         1704.99438477 
        4970.00774550            0.50000000         9187.39355469        24716.19335937         1613.99438477 
        4970.42791887            0.50000000         9136.39355469        24159.19335937         1524.99438477 
        4971.01829371            0.50000000         9176.39355469        23710.19335937         1452.99438477 
        4971.47869241            0.50000000         9096.39355469        23624.19335937         1399.99438477 
        4972.07935267            0.50000000         9160.39355469        24006.19335937         1407.99438477 
        4972.46986700            0.50000000         9124.39355469        24384.19335937         1406.99438477 
        4973.02571462            0.50000000         9125.39355469        24633.19335937         1365.99438477 
        4973.47149245            0.50000000         9091.39355469        24709.19335937         1290.99438477 
        4974.01255376            0.50000000         9130.39355469        24640.19335937         1231.99438477 
        4974.42845690            0.50000000         9082.39355469        24510.19335937         1199.99438477 
        4975.01987187            0.50000000         9055.39355469        24446.19335937         1109.99438477 
        4975.47606813            0.50000000         9014.39355469        24438.19335937         1073.99438477 
        4976.06775561            0.50000000         9154.39355469        24638.19335937         1030.99438477 
        4976.46397139            0.50000000         9003.39355469        24063.19335937          978.99432373 
        4977.01076217            0.50000000         9112.39355469        23968.19335937          949.99432373 
        4977.45732183            0.50000000         8961.39355469        23160.19335937          895.99432373 
        4977.99933217            0.50000000         9074.39355469        22949.19335937          888.99432373 
        4978.41094477            0.50000000         8963.39355469        22406.19335937          821.99432373 
        4978.99837457            0.50000000         9046.39355469        22348.19335937          798.99432373 
        4979.47043656            0.50000000         8937.39355469        21710.19335937          771.99432373 
        4980.06316360            0.50000000         9029.39355469        21404.19335937          738.99432373 
        4980.46007558            0.50000000         8908.39355469        20583.19335937          714.99432373 
        4981.01787894            0.50000000         8876.39355469        19900.19335937          700.99432373 
        4981.47025225            0.50000000         8894.39355469        19565.19335937          684.99432373 
        4981.99813468            0.50000000         8828.39355469        19136.19335937          678.99432373 
        4982.41549975            0.50000000         8881.39355469        18909.19335937          658.99432373 
        4982.99893329            0.50000000         8862.39355469        18540.19335937          660.99432373 
        4983.46679395            0.50000000         8782.39355469        18183.19335937          643.99432373 
        4984.04043163            0.50000000         8803.39355469        17981.19335937          644.99432373 
        4984.45817096            0.50000000         8788.39355469        17758.19335937          615.99432373 
        4985.00185004            0.50000000         8778.39355469        17468.19335937          612.99432373 
        4985.46005067            0.50000000         8754.39355469        17137.19335937          616.99432373 
        4985.96871086            0.50000000         8729.39355469        16756.19335937          603.99432373 
        4986.41703024            0.50000000         8784.39355469        16565.19335937          619.99432373 
        4986.99141081            0.50000000         8741.39355469        16089.19433594          612.99432373 
        4987.46513168            0.50000000         8685.39355469        15721.19433594          604.99432373 
        4988.04985905            0.50000000         8748.39355469        15470.19433594          602.99432373 
        4988.46329124            0.50000000         8627.39355469        14965.19433594          575.99432373 
        4988.99783900            0.50000000         8714.39355469        14821.19433594          575.99432373 
        4989.46693217            0.50000000         8598.39355469        14347.19433594          574.99432373 
        4989.96639539            0.50000000         8557.39355469        14192.19433594          568.99432373 
        4990.41550109            0.50000000         8591.39355469        14297.19433594          564.99432373 
        4990.98584129            0.50000000         8568.39355469        14459.19433594          552.99432373 
        4991.45534322            0.50000000         8504.39355469        14664.19433594          576.99432373 
        4992.01584291            0.50000000         8516.39355469        15149.19433594          579.99432373 
        4992.45019853            0.50000000         8519.39355469        15549.19433594          574.99432373 
        4992.98568077            0.50000000         8474.39355469        15831.19433594          598.99432373 
        4993.45054073            0.50000000         8539.39355469        16170.19433594          596.99432373 
        4993.93571286            0.50000000         8414.39355469        16164.19433594          599.99432373 
        4994.42604354            0.50000000         8474.39355469        16398.19335937          592.99432373 
        4994.96198916            0.50000000         8517.39355469        16534.19335937          592.99432373 
        4995.44242462            0.50000000         8473.39355469        16514.19335937          583.99432373 
        4995.99884450            0.50000000         8350.39355469        16291.19433594          582.99432373 
        4996.47443794            0.50000000         8451.39355469        16494.19335937          601.99432373 
        4996.96531364            0.50000000         8386.39355469        16356.19433594          577.99432373 
        4997.45123255            0.50000000         8305.39355469        16173.19433594          556.99432373 
        4997.91700176            0.50000000         8347.39355469        16159.19433594          552.99432373 
        4998.44363774            0.50000000         8322.39355469        16007.19433594          563.99432373 
        4998.95519838            0.50000000         8209.39355469        15662.19433594          537.99432373 
        4999.45167354            0.50000000         8355.39355469        15784.19433594          551.99432373 
        4999.98879861            0.50000000         8343.39355469        15588.19433594          529.99432373 
        5000.49056706            0.50000000         8277.39355469        15361.19433594          524.99432373 
        5000.96709552            0.50000000         8261.39355469        15134.19433594          510.99432373 
        5001.46400746            0.50000000         8334.39355469        15182.19433594          520.99432373 
        5001.93059442            0.50000000         8261.39355469        15008.19433594          503.99432373 
        5002.45308181            0.50000000         8227.39355469        14912.19433594          502.99432373 
        5002.92494474            0.50000000         8156.39404297        14820.19433594          504.99432373 
        5003.46288562            0.50000000         8236.39355469        15047.19433594          502.99432373 
        5003.97049288            0.50000000         8099.39404297        14921.19433594          494.99432373 
        5004.50360162            0.50000000         8158.39404297        15178.19433594          514.99432373 
        5004.95049312            0.50000000         8069.39404297        15162.19433594          501.99432373 
        5005.47367006            0.50000000         8181.39404297        15429.19433594          512.99432373 
        5005.92075085            0.50000000         8058.39404297        15415.19433594          505.99432373 
        5007.59808111            0.50000000         8036.39404297        15856.19433594          514.99432373 
        5009.40385331            0.50000000         7997.39404297        16236.19433594          524.99432373 
        5011.20086323            0.50000000         7854.39404297        16320.19433594          511.99432373 
        5013.02986206            0.50000000         7808.39404297        16534.19335937          521.99432373 
        5014.83991647            0.50000000         7741.39404297        16603.19335937          524.99432373 
        5016.81475764            0.50000000         7663.39404297        16614.19335937          525.99432373 
        5018.75553150            0.50000000         7577.39404297        16602.19335937          534.99432373 
        5020.79510940            0.50000000         7552.39404297        16644.19335937          511.99432373 
        5022.78531325            0.50000000         7544.39404297        16718.19335937          506.99432373 
        5024.87969967            0.50000000         7399.39404297        16539.19335937          526.99432373 
        5026.92471671            0.50000000         7359.39404297        16513.19335937          500.99432373 
        5029.06393276            0.50000000         7245.39404297        16269.19433594          487.99432373 
        5031.21027410            0.50000000         7314.39404297        16396.19335937          478.99432373 
        5033.47688409            0.50000000         7268.39404297        16328.19433594          465.99432373 
        5035.75601840            0.50000000         7164.39404297        16109.19433594          430.99432373 
        5038.02710115            0.50000000         7097.39404297        15966.19433594          408.99432373 
        5040.28494769            0.50000000         6971.39404297        15583.19433594          407.99432373 
        5042.66374297            0.50000000         6983.39404297        15587.19433594          383.99432373 
        5045.13284748            0.50000000         6904.39404297        15527.19433594          404.99432373 
        5047.47007660            0.50000000         6805.39404297        15447.19433594          377.99432373 
        5050.00128876            0.50000000         6815.39404297        15640.19433594          408.99432373 
        5052.44713106            0.50000000         6611.39404297        15328.19433594          408.99432373 
        5054.96822053            0.50000000         6581.39404297        15347.19433594          400.99432373 
        5057.59077899            0.50000000         6520.39404297        15241.19433594          418.99432373 
        5060.17989214            0.50000000         6433.39404297        15072.19433594          402.99432373 
        5062.80314330            0.50000000         6337.39404297        15009.19433594          425.99432373 
        5065.57013484            0.50000000         6339.39404297        15108.19433594          432.99432373 
        5068.26734273            0.50000000         6227.39404297        14946.19433594          414.99432373 
        5071.08266027            0.50000000         5998.39404297        14585.19433594          437.99432373 
        5073.96941438            0.50000000         6070.39404297        14819.19433594          445.99432373 
        5076.78640166            0.50000000         5951.39404297        14763.19433594          420.99432373 
        5079.67499175            0.50000000         5765.39404297        14454.19433594          386.99432373 
        5082.71948375            0.50000000         5704.39404297        14516.19433594          394.99432373 
        5085.73113767            0.50000000         5580.39404297        14293.19433594          371.99432373 
        5088.71508442            0.50000000         5583.39404297        14342.19433594          371.99432373 
        5091.84521627            0.50000000         5450.39404297        14258.19433594          346.99432373 
        5094.96898338            0.50000000         5303.39404297        14114.19433594          351.99432373 
        5098.07577721            0.50000000         5252.39404297        14095.19433594          348.99432373 
        5101.23964079            0.50000000         5176.39404297        14099.19433594          362.99432373 
        5104.51911516            0.50000000         5068.39404297        13968.19433594          381.99432373 
        5107.79256341            0.50000000         4979.39404297        13850.19433594          377.99432373 
        5111.07058345            0.50000000         5007.39404297        14021.19433594          390.99432373 
        5114.40110086            0.50000000         4926.39404297        13898.19433594          376.99432373 
        5117.78432897            0.50000000         4799.39404297        13749.19433594          371.99432373 
        5121.18310842            0.50000000         4679.39404297        13589.19433594          347.99432373 
        5124.60819017            0.50000000         4593.39404297        13402.19433594          358.99432373 
        5128.08645346            0.50000000         4682.39404297        13786.19433594          370.99432373 
        5131.62348564            0.50000000         4562.39404297        13507.19433594          347.99432373 
        5135.14971302            0.50000000         4457.39404297        13433.19433594          354.99432373 
        5138.72962582            0.50000000         4352.39404297        13169.19433594          340.99432373 
        5142.43349555            0.50000000         4325.39404297        13191.19433594          340.99432373 
        5145.99208379            0.50000000         4092.39404297        12715.19433594          322.99432373 
        5149.70734415            0.50000000         4075.39404297        12742.19433594          324.99432373 
        5153.43385059            0.50000000         4009.39404297        12700.19433594          324.99432373 
        5157.18790611            0.50000000         3891.39404297        12553.19433594          321.99432373 
        5161.04564888            0.50000000         3823.39404297        12458.19433594          321.99432373 
        5164.86071401            0.50000000         3694.39404297        12199.19433594          316.99432373 
        5168.75817745            0.50000000         3677.39404297        12274.19433594          322.99432373 
        5172.70568737            0.50000000         3556.39404297        12003.19433594          325.99432373 
        5176.55043219            0.50000000         3429.39404297        11758.19433594          329.99432373 
        5180.56562714            0.50000000         2748.39404297         9588.19433594          274.99432373 
        5184.56565149            0.50000000         3307.39404297        11544.19433594          333.99432373 
        5188.55041144            0.50000000         3221.39404297        11488.19433594          329.99432373 
        5192.71240326            0.50000000         3104.39404297        11222.19433594          326.99432373 
        5196.84857090            0.50000000         2965.39404297        10841.19433594          320.99432373 
        5200.95323931            0.50000000         2843.39404297        10508.19433594          301.99432373 
        5205.15897853            0.50000000         2709.39404297        10128.19433594          304.99432373 
        5208.93438865            0.50000000         2529.39404297         9489.19433594          293.99432373 
