# 1-D Scan File created by LabVIEW Control Panel  12/6/2011  1:26:34 AM; Scan time 0 hrs 4 min 29 sec. 
#
# Beamline 20 BM
#
# Scan config: 
#                 E0: 4966.00 eV   223 points
#        Scan bounds:  -100.00 -30.00 40.00 243.35 (7.99 (k))
#       Scan step(s):  5.00 0.50 0.07
#  Integration times:  0.50 0.50 0.50    kwgt in EXAFS region: 0.0 
#
# User Comment:
# 50oC
#
#
# Amplifier Sensitivities:
# Preslit: 20 nA/V  I0: 20 nA/V  I: 100 pA/V  IREF: 50 pA/V  
#
# Analog Input Voltages at start/end of scan:
# Preslit: 0.034/0.033  I0: 0.539/0.326  Ignore: 0.017/0.009  I: 0.827/0.647  IREF: 0.226/0.140  
#
# Mono Info:
# 
#
# ID Info:
# 
#
# Slit Info:
# Kappa S1:  Center is at -542 (H), 500 (V)   Size is 8000 wide x 2000 high
# Vacuum Slits:  Center is at 850 (H), -25 (V)   Size is 899 wide x 1000 high
#
# Motor Positions:
# SMV (20bm:m29): -37594.243125 SMH (20bm:m30): 4802.187500 
#
# Detector Names/PVs:
# I0/20bm:scaler1_netA.C  I/20bm:scaler1_netA.E  IREF/20bm:scaler1_netA.F  
#
# Positioner names/Drive PVs/Readback PVs:
# Mono Energy */20bm:monoE.VAL/20bm:EnctoE.VAL  Scaler preset time */20bm:scaler1.TP/  
# Here is a readable list of column headings:
#  1) Mono Energy *        
#  2) Scaler preset time * 
#  3) I0                   
#  4) I                    
#  5) IREF                 
#
# Column Headings:
#Mono Energy *        Scaler preset time * I0                   I                    IREF                 
        4865.39136160            0.50000000        21961.39453125        36327.19531250         5106.99414062 
        4870.44763076            0.50000000        21797.39453125        36359.19531250         5068.99414062 
        4875.46271053            0.50000000        21753.39453125        36610.19531250         4996.99414062 
        4880.54201781            0.50000000        21530.39453125        36507.19531250         4878.99414062 
        4885.58478858            0.50000000        21336.39453125        36514.19531250         4761.99414062 
        4890.57142068            0.50000000        21282.39453125        36816.19531250         4735.99414062 
        4895.65634219            0.50000000        21202.39453125        36975.19531250         4679.99414062 
        4900.77713326            0.50000000        21067.39453125        37150.19531250         4643.99414062 
        4905.80760651            0.50000000        20957.39453125        37314.19531250         4596.99414062 
        4910.81531763            0.50000000        20850.39453125        37517.19531250         4529.99414062 
        4915.82937170            0.50000000        20551.39453125        37481.19531250         4445.99414062 
        4920.85956013            0.50000000        20641.39453125        38001.19531250         4467.99414062 
        4925.89123776            0.50000000        20490.39453125        38147.19531250         4433.99414062 
        4930.89979604            0.50000000        20431.39453125        38414.19531250         4406.99414062 
        4935.97372402            0.50000000        20286.39453125        38604.19531250         4355.99414062 
        4936.48125336            0.50000000        20401.39453125        38992.19531250         4420.99414062 
        4936.95439338            0.50000000        20430.39453125        39072.19531250         4433.99414062 
        4937.45228338            0.50000000        20453.39453125        39176.19531250         4413.99414062 
        4937.92562734            0.50000000        20327.39453125        38986.19531250         4390.99414062 
        4938.43852885            0.50000000        20429.39453125        39105.19531250         4413.99414062 
        4938.95154708            0.50000000        20442.39453125        39180.19531250         4452.99414062 
        4939.45481300            0.50000000        20409.39453125        39294.19531250         4450.99414062 
        4939.99767669            0.50000000        20413.39453125        39214.19531250         4400.99414062 
        4940.47155546            0.50000000        20421.39453125        39231.19531250         4423.99414062 
        4940.98009864            0.50000000        20406.39453125        39486.19531250         4420.99414062 
        4941.45418389            0.50000000        20295.39453125        39284.19531250         4430.99414062 
        4941.95306866            0.50000000        20306.39453125        39323.19531250         4387.99414062 
        4942.44218161            0.50000000        20431.39453125        39566.19531250         4460.99414062 
        4942.98082257            0.50000000        20350.39453125        39522.19531250         4405.99414062 
        4943.46521506            0.50000000        20304.39453125        39447.19531250         4368.99414062 
        4944.02882287            0.50000000        20425.39453125        39674.19531250         4458.99414062 
        4944.47387584            0.50000000        20277.39453125        39380.19531250         4417.99414062 
        4944.99816189            0.50000000        20290.39453125        39519.19531250         4396.99414062 
        4945.46814437            0.50000000        20189.39453125        39438.19531250         4365.99414062 
        4945.96791726            0.50000000        20226.39453125        39552.19531250         4390.99414062 
        4946.43810164            0.50000000        20295.39453125        39550.19531250         4411.99414062 
        4946.99255003            0.50000000        20265.39453125        39722.19531250         4395.99414062 
        4947.48275614            0.50000000        20208.39453125        39591.19531250         4432.99414062 
        4948.05232107            0.50000000        20269.39453125        39808.19531250         4460.99414062 
        4948.47835043            0.50000000        20151.39453125        39710.19531250         4380.99414062 
        4949.02338881            0.50000000        20115.39453125        39654.19531250         4382.99414062 
        4949.48925307            0.50000000        20232.39453125        39944.19531250         4423.99414062 
        4949.99983162            0.50000000        20126.39453125        39746.19531250         4357.99414062 
        4950.44606265            0.50000000        20152.39453125        39830.19531250         4375.99414062 
        4951.01637495            0.50000000        20287.39453125        40105.19531250         4411.99414062 
        4951.48761103            0.50000000        20134.39453125        39938.19531250         4402.99414062 
        4952.08795921            0.50000000        20263.39453125        40123.19531250         4419.99414062 
        4952.49489735            0.50000000        20238.39453125        40105.19531250         4418.99414062 
        4953.03594068            0.50000000        20217.39453125        40097.19531250         4403.99414062 
        4953.48773654            0.50000000        20272.39453125        40288.19531250         4412.99414062 
        4954.00915160            0.50000000        20191.39453125        40277.19531250         4421.99414062 
        4954.45120703            0.50000000        20171.39453125        40222.19531250         4416.99414062 
        4955.02749883            0.50000000        20244.39453125        40433.19531250         4423.99414062 
        4955.49957126            0.50000000        20085.39453125        40232.19531250         4403.99414062 
        4956.09104303            0.50000000        20200.39453125        40429.19531250         4400.99414062 
        4956.49372988            0.50000000        20025.39453125        40173.19531250         4367.99414062 
        4957.04567635            0.50000000        20095.39453125        40306.19531250         4367.99414062 
        4957.50324748            0.50000000        20162.39453125        40414.19531250         4386.99414062 
        4958.03553893            0.50000000        20095.39453125        40407.19531250         4355.99414062 
        4958.45350026            0.50000000        20099.39453125        40401.19531250         4358.99414062 
        4959.03081176            0.50000000        20121.39453125        40571.19531250         4365.99414062 
        4959.49874109            0.50000000        20073.39453125        40486.19531250         4366.99414062 
        4960.08627857            0.50000000        20083.39453125        40591.19531250         4381.99414062 
        4960.49465706            0.50000000        19985.39453125        40383.19531250         4328.99414062 
        4961.04259746            0.50000000        20186.39453125        40795.19531250         4421.99414062 
        4961.49101088            0.50000000        19914.39453125        40396.19531250         4352.99414062 
        4962.02922410            0.50000000        20201.39453125        40923.19531250         4349.99414062 
        4962.44792274            0.50000000        19874.39453125        40390.19531250         4265.99414062 
        4963.02126652            0.50000000        20160.39453125        40920.19531250         4349.99414062 
        4963.49999498            0.50000000        19904.39453125        40532.19531250         4239.99414062 
        4964.09355911            0.50000000        19924.39453125        40553.19531250         4203.99414062 
        4964.48769169            0.50000000        19817.39453125        40500.19531250         4142.99414062 
        4965.04158863            0.50000000        19963.39453125        40770.19531250         4037.99438477 
        4965.48580190            0.50000000        19833.39453125        40628.19531250         3843.99438477 
        4966.02496404            0.50000000        19932.39453125        40718.19531250         3333.99438477 
        4966.43940720            0.50000000        19830.39453125        40647.19531250         2681.99438477 
        4967.02375081            0.50000000        19870.39453125        40545.19531250         2307.99438477 
        4967.48833641            0.50000000        19788.39453125        40470.19531250         2423.99438477 
        4968.08794222            0.50000000        19885.39453125        40531.19531250         2775.99438477 
        4968.47777093            0.50000000        19724.39453125        40152.19531250         2863.99438477 
        4969.02764313            0.50000000        19833.39453125        40118.19531250         2848.99438477 
        4969.47763762            0.50000000        19752.39453125        39871.19531250         2734.99438477 
        4970.01774873            0.50000000        19818.39453125        39722.19531250         2601.99438477 
        4970.43292141            0.50000000        19769.39453125        39612.19531250         2500.99438477 
        4971.02329755            0.50000000        19829.39453125        39459.19531250         2418.99438477 
        4971.48369726            0.50000000        19751.39453125        39594.19531250         2357.99438477 
        4972.08435884            0.50000000        19835.39453125        39875.19531250         2350.99438477 
        4972.46986700            0.50000000        19719.39453125        39840.19531250         2288.99438477 
        4973.02571462            0.50000000        19772.39453125        39892.19531250         2231.99438477 
        4973.47650169            0.50000000        19670.39453125        39627.19531250         2100.99438477 
        4974.01255376            0.50000000        19729.39453125        39376.19531250         2008.99438477 
        4974.42845690            0.50000000        19631.39453125        38823.19531250         1883.99438477 
        4975.01987187            0.50000000        19724.39453125        38015.19531250         1793.99438477 
        4975.47606813            0.50000000        19635.39453125        37209.19531250         1677.99438477 
        4976.06775561            0.50000000        19801.39453125        36578.19531250         1626.99438477 
        4976.46397139            0.50000000        19575.39453125        35722.19531250         1531.99438477 
        4977.01577921            0.50000000        19756.39453125        35589.19531250         1481.99438477 
        4977.47237593            0.50000000        19561.39453125        34907.19531250         1391.99438477 
        4978.00435139            0.50000000        19750.39453125        34836.19531250         1350.99438477 
        4978.42098503            0.50000000        19496.39453125        34197.19531250         1304.99438477 
        4979.00841742            0.50000000        19647.39453125        34163.19531250         1275.99438477 
        4979.48048149            0.50000000        19588.39453125        33911.19531250         1238.99438477 
        4980.06818737            0.50000000        19696.39453125        33696.19531250         1203.99438477 
        4980.46510022            0.50000000        19499.39453125        33118.19531250         1166.99438477 
        4981.02290481            0.50000000        19465.39453125        32589.19335937         1161.99438477 
        4981.48030601            0.50000000        19558.39453125        32277.19335937         1131.99438477 
        4982.00316272            0.50000000        19476.39453125        31472.19335937         1112.99438477 
        4982.42052871            0.50000000        19496.39453125        30768.19335937         1080.99438477 
        4983.00396353            0.50000000        19538.39453125        29716.19335937         1058.99438477 
        4983.47182523            0.50000000        19388.39453125        28664.19335937         1023.99432373 
        4984.04546418            0.50000000        19424.39453125        27464.19335937         1018.99432373 
        4984.46823792            0.50000000        19421.39453125        26570.19335937         1019.99432373 
        4985.00688471            0.50000000        19395.39453125        25606.19335937          998.99432373 
        4985.46508635            0.50000000        19389.39453125        24917.19335937          985.99432373 
        4985.98885815            0.50000000        19333.39453125        24252.19335937          967.99432373 
        4986.42710584            0.50000000        19379.39453125        23993.19335937          973.99432373 
        4986.99644987            0.50000000        19322.39453125        23644.19335937          986.99432373 
        4987.47017180            0.50000000        19267.39453125        23481.19335937          971.99432373 
        4988.04985905            0.50000000        19372.39453125        23700.19335937          980.99432373 
        4988.46833355            0.50000000        19218.39453125        23656.19335937          969.99432373 
        4989.00288250            0.50000000        19345.39453125        24114.19335937          986.99432373 
        4989.46693217            0.50000000        19163.39453125        24319.19335937          979.99432373 
        4989.97648668            0.50000000        19142.39453125        24785.19335937          982.99432373 
        4990.42054772            0.50000000        19272.39453125        25422.19335937          995.99432373 
        4990.98584129            0.50000000        19243.39453125        25963.19335937         1007.99432373 
        4991.46039215            0.50000000        19175.39453125        26369.19335937          980.99432373 
        4992.02089308            0.50000000        19211.39453125        26956.19335937         1011.99432373 
        4992.46030081            0.50000000        19139.39453125        27172.19335937          979.99432373 
        4992.99073309            0.50000000        19068.39453125        27427.19335937          992.99432373 
        4993.46064743            0.50000000        19120.39453125        27693.19335937         1013.99432373 
        4993.94076728            0.50000000        19011.39453125        27608.19335937          987.99432373 
        4994.42604354            0.50000000        19066.39453125        27814.19335937          997.99432373 
        4994.96704585            0.50000000        19158.39453125        27904.19335937         1010.99432373 
        4995.44748237            0.50000000        19093.39453125        27802.19335937         1012.99432373 
        4996.00390349            0.50000000        19007.39453125        27626.19335937          994.99432373 
        4996.47949797            0.50000000        19105.39453125        27558.19335937          972.99432373 
        4996.97543589            0.50000000        19061.39453125        27369.19335937          982.99432373 
        4997.46135696            0.50000000        18976.39453125        27074.19335937          944.99432373 
        4997.92206499            0.50000000        19052.39453125        26974.19335937          960.99432373 
        4998.44870213            0.50000000        18932.39453125        26547.19335937          937.99432373 
        4998.95519838            0.50000000        18848.39453125        26217.19335937          920.99432373 
        4999.45674017            0.50000000        18979.39453125        26201.19335937          915.99432373 
        4999.99386642            0.50000000        18998.39453125        26054.19335937          893.99432373 
        5000.49056706            0.50000000        18938.39453125        25918.19335937          891.99432373 
        5000.97216550            0.50000000        18850.39453125        25722.19335937          857.99432373 
        5001.47414964            0.50000000        19048.39453125        26048.19335937          898.99432373 
        5001.93059442            0.50000000        18933.39453125        26054.19335937          881.99432373 
        5002.45308181            0.50000000        18964.39453125        26122.19335937          884.99432373 
        5002.92494474            0.50000000        18778.39453125        25988.19335937          876.99432373 
        5003.45781011            0.50000000        18910.39453125        26520.19335937          876.99432373 
        5003.97049288            0.50000000        18676.39453125        26383.19335937          858.99432373 
        5004.50360162            0.50000000        18789.39453125        26840.19335937          858.99432373 
        5004.95049312            0.50000000        18722.39453125        27057.19335937          868.99432373 
        5005.47367006            0.50000000        18859.39453125        27511.19335937          891.99432373 
        5005.91566990            0.50000000        18656.39453125        27610.19335937          860.99432373 
        5007.59808111            0.50000000        18694.39453125        28737.19335937          877.99432373 
        5009.39876463            0.50000000        18683.39453125        29510.19335937          919.99432373 
        5011.20086323            0.50000000        18511.39453125        29769.19335937          932.99432373 
        5013.01966861            0.50000000        18410.39453125        29784.19335937          934.99432373 
        5014.83481572            0.50000000        18256.39453125        29501.19335937          914.99432373 
        5016.80965250            0.50000000        18274.39453125        29535.19335937          941.99432373 
        5018.75042204            0.50000000        18127.39453125        29501.19335937          934.99432373 
        5020.78488144            0.50000000        18103.39453125        29852.19335937          947.99432373 
        5022.77507644            0.50000000        18083.39453125        30190.19335937          944.99432373 
        5024.86945353            0.50000000        17958.39453125        30245.19335937          945.99432373 
        5026.90933386            0.50000000        17835.39453125        30099.19335937          924.99432373 
        5029.05366799            0.50000000        17652.39453125        29850.19335937          921.99432373 
        5031.19486261            0.50000000        17727.39453125        29893.19335937          906.99432373 
        5033.46145744            0.50000000        17624.39453125        29575.19335937          870.99432373 
        5035.73542923            0.50000000        17497.39453125        29074.19335937          835.99432373 
        5038.00649172            0.50000000        17457.39453125        28782.19335937          813.99432373 
        5040.25400337            0.50000000        17206.39453125        28191.19335937          760.99432373 
        5042.63792945            0.50000000        17195.39453125        28304.19335937          768.99432373 
        5045.10183820            0.50000000        17139.39453125        28465.19335937          750.99432373 
        5047.43903596            0.50000000        16963.39453125        28505.19335937          753.99432373 
        5049.97539323            0.50000000        16977.39453125        28784.19335937          758.99432373 
        5052.42120817            0.50000000        16673.39453125        28451.19335937          759.99432373 
        5054.94226943            0.50000000        16645.39453125        28555.19335937          811.99432373 
        5057.56999460            0.50000000        16544.39453125        28676.19335937          817.99432373 
        5060.15908454            0.50000000        16446.39453125        28828.19335937          824.99432373 
        5062.78751994            0.50000000        16321.39355469        28911.19335937          827.99432373 
        5065.55970684            0.50000000        16246.39355469        28990.19335937          843.99432373 
        5068.26212267            0.50000000        16146.39355469        29110.19335937          849.99432373 
        5071.06698117            0.50000000        15750.39355469        28704.19335937          840.99432373 
        5073.96418151            0.50000000        15857.39355469        29199.19335937          842.99432373 
        5076.78116247            0.50000000        15642.39355469        29103.19335937          825.99432373 
        5079.66974605            0.50000000        15290.39355469        28815.19335937          791.99432373 
        5082.71423121            0.50000000        15282.39355469        29121.19335937          751.99432373 
        5085.72587834            0.50000000        15085.39355469        29047.19335937          714.99432373 
        5088.70981837            0.50000000        15108.39355469        29258.19335937          722.99432373 
        5091.83467007            0.50000000        14909.39355469        29204.19335937          697.99432373 
        5094.95842309            0.50000000        14705.39355469        29007.19335937          673.99432373 
        5098.06520289            0.50000000        14692.39355469        29275.19335937          722.99432373 
        5101.23964079            0.50000000        14605.39355469        29552.19335937          742.99432373 
        5104.50851173            0.50000000        14396.39355469        29479.19335937          771.99432373 
        5107.78725428            0.50000000        14298.39355469        29571.19335937          787.99432373 
        5111.07058345            0.50000000        14307.39355469        29765.19335937          813.99432373 
        5114.40110086            0.50000000        14175.39355469        29717.19335937          808.99432373 
        5117.77899722            0.50000000        13882.39355469        29429.19335937          794.99432373 
        5121.17776897            0.50000000        13710.39355469        29301.19335937          775.99432373 
        5124.60819017            0.50000000        13513.39355469        28956.19335937          789.99432373 
        5128.08645346            0.50000000        13628.39355469        29527.19335937          801.99432373 
        5131.60739622            0.50000000        13336.39355469        29193.19335937          798.99432373 
        5135.13359955            0.50000000        13185.39355469        29282.19335937          808.99432373 
        5138.71886720            0.50000000        13055.39355469        29164.19335937          792.99432373 
        5142.42272008            0.50000000        13028.39355469        29399.19335937          805.99432373 
        5145.98668794            0.50000000        12525.39355469        28724.19335937          754.99432373 
        5149.70193983            0.50000000        12494.39355469        28969.19335937          717.99432373 
        5153.42843777            0.50000000        12383.39355469        29029.19335937          735.99432373 
        5157.17706334            0.50000000        12081.39355469        28755.19335937          728.99432373 
        5161.03478849            0.50000000        12032.39355469        29013.19335937          768.99432373 
        5164.84983618            0.50000000        11687.39355469        28661.19335937          739.99432373 
        5168.74728178            0.50000000        11600.39355469        28845.19335937          764.99432373 
        5172.69477363            0.50000000        11358.39355469        28516.19335937          769.99432373 
        5176.54496650            0.50000000        11133.39355469        28485.19335937          786.99432373 
        5180.56015224            0.50000000         9057.39355469        23533.19335937          665.99432373 
        5184.54371529            0.50000000        10942.39355469        28523.19335937          791.99432373 
        5188.53393181            0.50000000        10730.39355469        28422.19335937          797.99432373 
        5192.70139770            0.50000000        10447.39355469        28020.19335937          787.99432373 
        5196.83203404            0.50000000        10090.39355469        27388.19335937          763.99432373 
        5200.94219583            0.50000000         9930.39355469        27285.19335937          757.99432373 
        5205.14791567            0.50000000         9588.39355469        26644.19335937          735.99432373 
        5208.92330839            0.50000000         9166.39355469        25725.19335937          703.99432373 
