# 1-D Scan File created by LabVIEW Control Panel  12/6/2011  3:22:03 AM; Scan time 0 hrs 4 min 28 sec. 
#
# Beamline 20 BM
#
# Scan config: 
#                 E0: 4966.00 eV   223 points
#        Scan bounds:  -100.00 -30.00 40.00 243.35 (7.99 (k))
#       Scan step(s):  5.00 0.50 0.07
#  Integration times:  0.50 0.50 0.50    kwgt in EXAFS region: 0.0 
#
# User Comment:
# 50oC
#
#
# Amplifier Sensitivities:
# Preslit: 20 nA/V  I0: 20 nA/V  I: 100 pA/V  IREF: 50 pA/V  
#
# Analog Input Voltages at start/end of scan:
# Preslit: 0.033/0.030  I0: 0.435/0.224  Ignore: 0.014/0.006  I: 0.760/0.454  IREF: 0.216/0.133  
#
# Mono Info:
# 
#
# ID Info:
# 
#
# Slit Info:
# Kappa S1:  Center is at -542 (H), 500 (V)   Size is 8000 wide x 2000 high
# Vacuum Slits:  Center is at 850 (H), -25 (V)   Size is 899 wide x 1000 high
#
# Motor Positions:
# SMV (20bm:m29): -37594.243125 SMH (20bm:m30): 4802.187500 
#
# Detector Names/PVs:
# I0/20bm:scaler1_netA.C  I/20bm:scaler1_netA.E  IREF/20bm:scaler1_netA.F  
#
# Positioner names/Drive PVs/Readback PVs:
# Mono Energy */20bm:monoE.VAL/20bm:EnctoE.VAL  Scaler preset time */20bm:scaler1.TP/  
# Here is a readable list of column headings:
#  1) Mono Energy *        
#  2) Scaler preset time * 
#  3) I0                   
#  4) I                    
#  5) IREF                 
#
# Column Headings:
#Mono Energy *        Scaler preset time * I0                   I                    IREF                 
        4865.38181436            0.50000000        16673.39453125        32936.19531250         4489.99414062 
        4870.45241530            0.50000000        16467.39453125        32711.19335937         4427.99414062 
        4875.46271053            0.50000000        16369.39355469        32838.19531250         4344.99414062 
        4880.54201781            0.50000000        16201.39355469        32852.19531250         4273.99414062 
        4885.58960585            0.50000000        16022.39355469        32784.19531250         4172.99414062 
        4890.57624875            0.50000000        15891.39355469        32802.19531250         4120.99414062 
        4895.65634219            0.50000000        15775.39355469        32869.19531250         4063.99438477 
        4900.77228306            0.50000000        15678.39355469        33005.19531250         4044.99438477 
        4905.80274538            0.50000000        15543.39355469        32950.19531250         3961.99438477 
        4910.80557360            0.50000000        15459.39355469        33225.19531250         3930.99438477 
        4915.81960583            0.50000000        15183.39355469        33047.19531250         3855.99438477 
        4920.84977234            0.50000000        15217.39355469        33486.19531250         3854.99438477 
        4925.88142801            0.50000000        15073.39355469        33420.19531250         3819.99438477 
        4930.88504862            0.50000000        14931.39355469        33552.19531250         3802.99438477 
        4935.96387021            0.50000000        14825.39355469        33648.19531250         3778.99438477 
        4936.47139734            0.50000000        14901.39355469        34021.19531250         3803.99438477 
        4936.94453528            0.50000000        14918.39355469        34076.19531250         3825.99438477 
        4937.44242310            0.50000000        14878.39355469        33982.19531250         3852.99438477 
        4937.91576500            0.50000000        14758.39355469        33856.19531250         3775.99438477 
        4938.43359654            0.50000000        14834.39355469        33951.19531250         3750.99438477 
        4938.94168024            0.50000000        14817.39355469        33888.19531250         3781.99438477 
        4939.44494397            0.50000000        14768.39355469        33924.19531250         3773.99438477 
        4939.98286958            0.50000000        14772.39355469        33871.19531250         3776.99438477 
        4940.46661871            0.50000000        14762.39355469        33920.19531250         3790.99438477 
        4940.97516077            0.50000000        14733.39355469        33979.19531250         3770.99438477 
        4941.44430609            0.50000000        14646.39355469        33818.19531250         3748.99438477 
        4941.93824871            0.50000000        14685.39355469        33970.19531250         3751.99438477 
        4942.42735845            0.50000000        14761.39355469        34067.19531250         3776.99438477 
        4942.96599587            0.50000000        14677.39355469        34039.19531250         3761.99438477 
        4943.45532845            0.50000000        14628.39355469        33905.19531250         3735.99438477 
        4944.01893380            0.50000000        14712.39355469        34092.19531250         3754.99438477 
        4944.46893032            0.50000000        14599.39355469        33973.19531250         3720.99438477 
        4944.99321522            0.50000000        14616.39355469        33989.19531250         3728.99438477 
        4945.46319667            0.50000000        14481.39355469        33769.19531250         3718.99438477 
        4945.95801969            0.50000000        14520.39355469        33858.19531250         3685.99438477 
        4946.43315182            0.50000000        14578.39355469        33855.19531250         3705.99438477 
        4946.98759899            0.50000000        14573.39355469        34082.19531250         3738.99438477 
        4947.46789985            0.50000000        14537.39355469        33990.19531250         3724.99438477 
        4948.04241437            0.50000000        14602.39355469        34287.19531250         3785.99438477 
        4948.47339614            0.50000000        14474.39355469        34003.19531250         3719.99438477 
        4949.01347785            0.50000000        14465.39355469        34042.19531250         3740.99438477 
        4949.47438357            0.50000000        14502.39355469        34210.19531250         3728.99438477 
        4949.98495877            0.50000000        14475.39355469        34072.19531250         3742.99438477 
        4950.43614545            0.50000000        14491.39355469        34150.19531250         3729.99438477 
        4951.01141509            0.50000000        14613.39355469        34524.19531250         3788.99438477 
        4951.47768926            0.50000000        14459.39355469        34245.19531250         3718.99438477 
        4952.06811044            0.50000000        14557.39355469        34334.19531250         3780.99438477 
        4952.47504501            0.50000000        14538.39355469        34373.19531250         3761.99438477 
        4953.02104785            0.50000000        14519.39355469        34293.19531250         3705.99438477 
        4953.47780599            0.50000000        14523.39355469        34480.19531250         3728.99438477 
        4953.98928596            0.50000000        14475.39355469        34448.19531250         3733.99438477 
        4954.43630488            0.50000000        14462.39355469        34418.19531250         3730.99438477 
        4955.01756152            0.50000000        14496.39355469        34571.19531250         3726.99438477 
        4955.47969254            0.50000000        14436.39355469        34511.19531250         3710.99438477 
        4956.07613008            0.50000000        14499.39355469        34672.19531250         3740.99438477 
        4956.47881427            0.50000000        14345.39355469        34372.19531250         3679.99438477 
        4957.03075711            0.50000000        14388.39355469        34464.19531250         3681.99438477 
        4957.48832523            0.50000000        14365.39355469        34393.19531250         3719.99438477 
        4958.01563793            0.50000000        14352.39355469        34460.19531250         3722.99438477 
        4958.44354790            0.50000000        14346.39355469        34462.19531250         3702.99438477 
        4959.01587944            0.50000000        14389.39355469        34636.19531250         3692.99438477 
        4959.48878414            0.50000000        14279.39355469        34373.19531250         3639.99438477 
        4960.07133929            0.50000000        14393.39355469        34712.19531250         3715.99438477 
        4960.48469573            0.50000000        14236.39355469        34350.19531250         3668.99438477 
        4961.02765187            0.50000000        14441.39355469        34879.19531250         3716.99438477 
        4961.48104517            0.50000000        14212.39355469        34346.19531250         3615.99438477 
        4962.01925603            0.50000000        14401.39355469        34881.19531250         3693.99438477 
        4962.43795282            0.50000000        14215.39355469        34485.19531250         3611.99438477 
        4963.01628030            0.50000000        14428.39355469        34971.19531250         3658.99438477 
        4963.49002044            0.50000000        14174.39355469        34440.19531250         3564.99438477 
        4964.08857053            0.50000000        14268.39355469        34702.19531250         3572.99438477 
        4964.47771280            0.50000000        14174.39355469        34609.19531250         3485.99438477 
        4965.02661666            0.50000000        14212.39355469        34664.19531250         3424.99438477 
        4965.47581862            0.50000000        14154.39355469        34579.19531250         3259.99438477 
        4966.00998558            0.50000000        14195.39355469        34610.19531250         2806.99438477 
        4966.42442600            0.50000000        14159.39355469        34640.19531250         2261.99438477 
        4967.01376077            0.50000000        14185.39355469        34584.19531250         1919.99438477 
        4967.47834432            0.50000000        14101.39355469        34431.19531250         2032.99438477 
        4968.07794749            0.50000000        14176.39355469        34464.19531250         2335.99438477 
        4968.46277628            0.50000000        14104.39355469        34283.19531250         2401.99438477 
        4969.01264485            0.50000000        14164.39355469        34178.19531250         2383.99438477 
        4969.46263637            0.50000000        14095.39355469        33952.19531250         2293.99438477 
        4970.00774550            0.50000000        14122.39355469        33803.19531250         2177.99438477 
        4970.41791384            0.50000000        14115.39355469        33744.19531250         2087.99438477 
        4971.00828608            0.50000000        14091.39355469        33333.19531250         1988.99438477 
        4971.46868275            0.50000000        14063.39355469        33543.19531250         1954.99438477 
        4972.06934037            0.50000000        14143.39355469        33866.19531250         1952.99438477 
        4972.45484597            0.50000000        14021.39355469        33808.19531250         1919.99438477 
        4973.01068993            0.50000000        14062.39355469        33780.19531250         1835.99438477 
        4973.46147401            0.50000000        14000.39355469        33636.19531250         1762.99438477 
        4973.99752254            0.50000000        14013.39355469        33309.19531250         1648.99438477 
        4974.41342293            0.50000000        14000.39355469        33048.19531250         1555.99438477 
        4975.00483399            0.50000000        14014.39355469        32304.19335937         1466.99438477 
        4975.46604086            0.50000000        13954.39355469        31654.19335937         1379.99438477 
        4976.05772573            0.50000000        14091.39355469        31204.19335937         1328.99438477 
        4976.45393976            0.50000000        13869.39355469        30372.19335937         1243.99438477 
        4977.00574514            0.50000000        14091.39355469        30364.19335937         1221.99438477 
        4977.45732183            0.50000000        13883.39355469        29600.19335937         1126.99438477 
        4977.98929377            0.50000000        14009.39355469        29568.19335937         1131.99438477 
        4978.40592465            0.50000000        13855.39355469        29110.19335937         1069.99438477 
        4978.99335316            0.50000000        13955.39355469        29044.19335937         1043.99438477 
        4979.46541411            0.50000000        13829.39355469        28525.19335937          994.99432373 
        4980.05813984            0.50000000        13931.39355469        28503.19335937          983.99432373 
        4980.45002632            0.50000000        13820.39355469        28024.19335937          939.99432373 
        4981.01285307            0.50000000        13840.39355469        27618.19335937          937.99432373 
        4981.46522538            0.50000000        13890.39355469        27366.19335937          904.99432373 
        4981.99310665            0.50000000        13786.39355469        26528.19335937          866.99432373 
        4982.41047080            0.50000000        13824.39355469        26056.19335937          887.99432373 
        4982.99893329            0.50000000        13858.39355469        25245.19335937          861.99432373 
        4983.46176268            0.50000000        13749.39355469        24274.19335937          827.99432373 
        4984.03036657            0.50000000        13816.39355469        23391.19335937          827.99432373 
        4984.45313750            0.50000000        13761.39355469        22532.19335937          834.99432373 
        4984.99681538            0.50000000        13766.39355469        21800.19335937          799.99432373 
        4985.44997933            0.50000000        13750.39355469        21149.19335937          791.99432373 
        4985.96871086            0.50000000        13671.39355469        20599.19335937          786.99432373 
        4986.41199245            0.50000000        13759.39355469        20427.19335937          786.99432373 
        4986.98637175            0.50000000        13699.39355469        20038.19335937          774.99432373 
        4987.45505149            0.50000000        13677.39355469        19982.19335937          794.99432373 
        4988.04481765            0.50000000        13721.39355469        20029.19335937          792.99432373 
        4988.45824893            0.50000000        13664.39355469        20076.19335937          794.99432373 
        4988.99279551            0.50000000        13656.39355469        20275.19335937          784.99432373 
        4989.46188765            0.50000000        13553.39355469        20442.19335937          794.99432373 
        4989.95630414            0.50000000        13559.39355469        20880.19335937          813.99432373 
        4990.41045447            0.50000000        13554.39355469        21207.19335937          815.99432373 
        4990.97574553            0.50000000        13544.39355469        21713.19335937          801.99432373 
        4991.45029430            0.50000000        13479.39355469        22031.19335937          832.99432373 
        4992.01079275            0.50000000        13529.39355469        22581.19335937          829.99432373 
        4992.45019853            0.50000000        13408.39355469        22633.19335937          799.99432373 
        4992.98062847            0.50000000        13425.39355469        22983.19335937          811.99432373 
        4993.44548739            0.50000000        13470.39355469        23254.19335937          826.99432373 
        4993.92560406            0.50000000        13404.39355469        23214.19335937          819.99432373 
        4994.42098805            0.50000000        13402.39355469        23341.19335937          802.99432373 
        4994.95693249            0.50000000        13486.39355469        23471.19335937          819.99432373 
        4995.43736688            0.50000000        13447.39355469        23364.19335937          811.99432373 
        4995.98872657            0.50000000        13276.39355469        22993.19335937          786.99432373 
        4996.46431790            0.50000000        13436.39355469        23184.19335937          794.99432373 
        4996.96531364            0.50000000        13399.39355469        22953.19335937          788.99432373 
        4997.45123255            0.50000000        13292.39355469        22681.19335937          756.99432373 
        4997.92206499            0.50000000        13349.39355469        22552.19335937          760.99432373 
        4998.43857335            0.50000000        13303.39355469        22259.19335937          769.99432373 
        4998.95013286            0.50000000        13191.39355469        21899.19335937          714.99432373 
        4999.44154032            0.50000000        13338.39355469        21939.19335937          734.99432373 
        4999.98373080            0.50000000        13334.39355469        21809.19335937          725.99432373 
        5000.48042923            0.50000000        13275.39355469        21645.19335937          721.99432373 
        5000.95695558            0.50000000        13219.39355469        21507.19335937          709.99432373 
        5001.46400746            0.50000000        13336.39355469        21711.19335937          717.99432373 
        5001.92045021            0.50000000        13246.39355469        21682.19335937          703.99432373 
        5002.44293529            0.50000000        13181.39355469        21646.19335937          707.99432373 
        5002.91479613            0.50000000        13090.39355469        21649.19335937          695.99432373 
        5003.45273462            0.50000000        13186.39355469        22057.19335937          692.99432373 
        5003.95526303            0.50000000        13067.39355469        21922.19335937          666.99432373 
        5004.49852381            0.50000000        13154.39355469        22347.19335937          705.99432373 
        5004.94033552            0.50000000        13069.39355469        22491.19335937          686.99432373 
        5005.45843021            0.50000000        13173.39355469        22880.19335937          705.99432373 
        5005.90550802            0.50000000        13030.39355469        22923.19335937          688.99432373 
        5007.58282713            0.50000000        13020.39355469        23851.19335937          694.99432373 
        5009.38858730            0.50000000        12956.39355469        24369.19335937          711.99432373 
        5011.18558526            0.50000000        12816.39355469        24532.19335937          743.99432373 
        5013.00947521            0.50000000        12712.39355469        24516.19335937          742.99432373 
        5014.82461425            0.50000000        12659.39355469        24417.19335937          748.99432373 
        5016.79944226            0.50000000        12622.39355469        24377.19335937          725.99432373 
        5018.74531260            0.50000000        12516.39355469        24332.19335937          759.99432373 
        5020.78488144            0.50000000        12524.39355469        24633.19335937          759.99432373 
        5022.77507644            0.50000000        12473.39355469        24847.19335937          751.99432373 
        5024.86433048            0.50000000        12303.39355469        24746.19335937          748.99432373 
        5026.90933386            0.50000000        12234.39355469        24683.19335937          725.99432373 
        5029.05366799            0.50000000        12064.39355469        24338.19335937          737.99432373 
        5031.18972547            0.50000000        12107.39355469        24386.19335937          733.99432373 
        5033.46145744            0.50000000        12078.39355469        24250.19335937          677.99432373 
        5035.73028197            0.50000000        11957.39355469        23775.19335937          668.99432373 
        5038.00649172            0.50000000        11893.39355469        23457.19335937          632.99432373 
        5040.25400337            0.50000000        11693.39355469        22920.19335937          605.99432373 
        5042.63792945            0.50000000        11694.39355469        22917.19335937          619.99432373 
        5045.10183820            0.50000000        11587.39355469        23019.19335937          591.99432373 
        5047.44420937            0.50000000        11461.39355469        23044.19335937          583.99432373 
        5049.97539323            0.50000000        11442.39355469        23199.19335937          610.99432373 
        5052.42120817            0.50000000        11165.39355469        22814.19335937          605.99432373 
        5054.93707924            0.50000000        11143.39355469        22954.19335937          609.99432373 
        5057.56479853            0.50000000        11040.39355469        22943.19335937          631.99432373 
        5060.15908454            0.50000000        10916.39355469        22911.19335937          625.99432373 
        5062.78231218            0.50000000        10776.39355469        22958.19335937          642.99432373 
        5065.55449286            0.50000000        10756.39355469        23004.19335937          660.99432373 
        5068.25168259            0.50000000        10650.39355469        22997.19335937          657.99432373 
        5071.06698117            0.50000000        10322.39355469        22594.19335937          638.99432373 
        5073.95371582            0.50000000        10406.39355469        22977.19335937          623.99432373 
        5076.77592328            0.50000000        10193.39355469        22834.19335937          616.99432373 
        5079.66974605            0.50000000         9913.39355469        22332.19335937          586.99432373 
        5082.70897868            0.50000000         9914.39355469        22671.19335937          572.99432373 
        5085.72061903            0.50000000         9751.39355469        22562.19335937          546.99432373 
        5088.70455233            0.50000000         9739.39355469        22572.19335937          533.99432373 
        5091.83467007            0.50000000         9574.39355469        22481.19335937          510.99432373 
        5094.95842309            0.50000000         9392.39355469        22329.19335937          497.99432373 
        5098.05991575            0.50000000         9364.39355469        22407.19335937          545.99432373 
        5101.23434648            0.50000000         9229.39355469        22402.19335937          555.99432373 
        5104.50321003            0.50000000         9086.39355469        22435.19335937          557.99432373 
        5107.78194517            0.50000000         8999.39355469        22475.19335937          582.99432373 
        5111.06526691            0.50000000         8983.39355469        22498.19335937          583.99432373 
        5114.38512865            0.50000000         8865.39355469        22327.19335937          586.99432373 
        5117.77366549            0.50000000         8681.39355469        22157.19335937          586.99432373 
        5121.17242953            0.50000000         8566.39355469        22092.19335937          569.99432373 
        5124.59749574            0.50000000         8350.39355469        21551.19335937          577.99432373 
        5128.07574324            0.50000000         8455.39355469        22073.19335937          582.99432373 
        5131.60203310            0.50000000         8250.39355469        21664.19335937          576.99432373 
        5135.13359955            0.50000000         8137.39404297        21786.19335937          564.99432373 
        5138.70810864            0.50000000         8001.39404297        21570.19335937          550.99432373 
        5142.41194465            0.50000000         7997.39404297        21775.19335937          547.99432373 
        5145.97589628            0.50000000         7605.39404297        21096.19335937          531.99432373 
        5149.69113124            0.50000000         7548.39404297        21121.19335937          512.99432373 
        5153.42302496            0.50000000         7459.39404297        21008.19335937          528.99432373 
        5157.16622063            0.50000000         7281.39404297        20921.19335937          506.99432373 
        5161.02935832            0.50000000         7174.39404297        20850.19335937          513.99432373 
        5164.84983618            0.50000000         7000.39404297        20681.19335937          517.99432373 
        5168.74728178            0.50000000         6911.39404297        20723.19335937          528.99432373 
        5172.69477363            0.50000000         6712.39404297        20341.19335937          526.99432373 
        5176.53950083            0.50000000         6551.39404297        20195.19335937          537.99432373 
        5180.56015224            0.50000000         5276.39404297        16457.19335937          456.99432373 
        5184.54919932            0.50000000         6414.39404297        20131.19335937          564.99432373 
        5188.53942501            0.50000000         6230.39404297        19971.19335937          555.99432373 
        5192.71240326            0.50000000         5995.39404297        19329.19335937          545.99432373 
        5196.83754631            0.50000000         5779.39404297        18857.19335937          513.99432373 
        5200.94771756            0.50000000         5609.39404297        18588.19335937          512.99432373 
        5205.15344710            0.50000000         5381.39404297        18032.19335937          503.99432373 
        5208.93438865            0.50000000         5090.39404297        17158.19335937          466.99432373 
