# 1-D Scan File created by LabVIEW Control Panel  12/6/2011  6:47:56 AM; Scan time 0 hrs 4 min 29 sec. 
#
# Beamline 20 BM
#
# Scan config: 
#                 E0: 4966.00 eV   223 points
#        Scan bounds:  -100.00 -30.00 40.00 243.35 (7.99 (k))
#       Scan step(s):  5.00 0.50 0.07
#  Integration times:  0.50 0.50 0.50    kwgt in EXAFS region: 0.0 
#
# User Comment:
# 50oC
#
#
# Amplifier Sensitivities:
# Preslit: 20 nA/V  I0: 20 nA/V  I: 100 pA/V  IREF: 50 pA/V  
#
# Analog Input Voltages at start/end of scan:
# Preslit: 0.033/0.032  I0: 0.308/0.154  Ignore: 0.008/0.004  I: 0.606/0.276  IREF: 0.196/0.129  
#
# Mono Info:
# 
#
# ID Info:
# 
#
# Slit Info:
# Kappa S1:  Center is at -542 (H), 500 (V)   Size is 8000 wide x 2000 high
# Vacuum Slits:  Center is at 850 (H), -25 (V)   Size is 899 wide x 1000 high
#
# Motor Positions:
# SMV (20bm:m29): -37594.243125 SMH (20bm:m30): 4802.187500 
#
# Detector Names/PVs:
# I0/20bm:scaler1_netA.C  I/20bm:scaler1_netA.E  IREF/20bm:scaler1_netA.F  
#
# Positioner names/Drive PVs/Readback PVs:
# Mono Energy */20bm:monoE.VAL/20bm:EnctoE.VAL  Scaler preset time */20bm:scaler1.TP/  
# Here is a readable list of column headings:
#  1) Mono Energy *        
#  2) Scaler preset time * 
#  3) I0                   
#  4) I                    
#  5) IREF                 
#
# Column Headings:
#Mono Energy *        Scaler preset time * I0                   I                    IREF                 
        4865.38181436            0.50000000        10564.39355469        25359.19335937         3492.99438477 
        4870.45241530            0.50000000        10355.39355469        24940.19335937         3405.99438477 
        4875.46750590            0.50000000        10214.39355469        24843.19335937         3345.99438477 
        4880.54201781            0.50000000        10023.39355469        24614.19335937         3233.99438477 
        4885.59442313            0.50000000         9859.39355469        24416.19335937         3181.99438477 
        4890.58590492            0.50000000         9766.39355469        24364.19335937         3113.99438477 
        4895.66602039            0.50000000         9634.39355469        24201.19335937         3052.99438477 
        4900.77713326            0.50000000         9512.39355469        24221.19335937         2986.99438477 
        4905.79788426            0.50000000         9399.39355469        24012.19335937         2907.99438477 
        4910.80557360            0.50000000         9261.39355469        23977.19335937         2878.99438477 
        4915.81960583            0.50000000         9016.39355469        23548.19335937         2783.99438477 
        4920.84487846            0.50000000         8997.39355469        23762.19335937         2759.99438477 
        4925.87161830            0.50000000         8834.39355469        23560.19335937         2727.99438477 
        4930.88013284            0.50000000         8717.39355469        23514.19335937         2679.99438477 
        4935.94908958            0.50000000         8605.39355469        23388.19335937         2641.99438477 
        4936.46646934            0.50000000         8699.39355469        23805.19335937         2684.99438477 
        4936.92974822            0.50000000         8697.39355469        23801.19335937         2690.99438477 
        4937.43256287            0.50000000         8679.39355469        23773.19335937         2669.99438477 
        4937.91083384            0.50000000         8589.39355469        23521.19335937         2658.99438477 
        4938.42373197            0.50000000         8639.39355469        23687.19335937         2680.99438477 
        4938.92688007            0.50000000         8630.39355469        23648.19335937         2667.99438477 
        4939.43014049            0.50000000         8586.39355469        23628.19335937         2655.99438477 
        4939.97299823            0.50000000         8548.39355469        23487.19335937         2630.99438477 
        4940.46168197            0.50000000         8609.39355469        23656.19335937         2671.99438477 
        4940.96528508            0.50000000         8553.39355469        23617.19335937         2622.99438477 
        4941.43442835            0.50000000         8494.39355469        23492.19335937         2637.99438477 
        4941.92836880            0.50000000         8478.39355469        23441.19335937         2648.99438477 
        4942.42241741            0.50000000         8604.39355469        23826.19335937         2686.99438477 
        4942.96105366            0.50000000         8499.39355469        23550.19335937         2626.99438477 
        4943.44544190            0.50000000         8503.39355469        23551.19335937         2613.99438477 
        4944.00410028            0.50000000         8583.39355469        23781.19335937         2679.99438477 
        4944.45903933            0.50000000         8437.39355469        23444.19335937         2613.99438477 
        4944.98332193            0.50000000         8479.39355469        23560.19335937         2621.99438477 
        4945.45330132            0.50000000         8359.39355469        23267.19335937         2586.99438477 
        4945.94317342            0.50000000         8405.39355469        23388.19335937         2597.99438477 
        4946.42325221            0.50000000         8469.39355469        23506.19335937         2608.99438477 
        4946.97769696            0.50000000         8395.39355469        23471.19335937         2605.99438477 
        4947.45304365            0.50000000         8404.39355469        23441.19335937         2620.99438477 
        4948.03250771            0.50000000         8400.39355469        23535.19335937         2604.99438477 
        4948.46348759            0.50000000         8333.39355469        23371.19335937         2568.99438477 
        4949.00356693            0.50000000         8322.39355469        23368.19335937         2576.99438477 
        4949.46447063            0.50000000         8370.39355469        23535.19335937         2600.99438477 
        4949.97008602            0.50000000         8353.39355469        23568.19335937         2590.99438477 
        4950.42126973            0.50000000         8322.39355469        23411.19335937         2608.99438477 
        4950.99653559            0.50000000         8435.39355469        23754.19335937         2651.99438477 
        4951.46776753            0.50000000         8315.39355469        23443.19335937         2579.99438477 
        4952.06314828            0.50000000         8409.39355469        23658.19335937         2604.99438477 
        4952.47008195            0.50000000         8381.39355469        23642.19335937         2612.99438477 
        4953.01608359            0.50000000         8403.39355469        23730.19335937         2630.99438477 
        4953.47780599            0.50000000         8406.39355469        23793.19335937         2615.99438477 
        4953.98928596            0.50000000         8321.39355469        23643.19335937         2614.99438477 
        4954.43630488            0.50000000         8346.39355469        23692.19335937         2599.99438477 
        4955.00762425            0.50000000         8365.39355469        23814.19335937         2599.99438477 
        4955.47472289            0.50000000         8368.39355469        23795.19335937         2601.99438477 
        4956.07115912            0.50000000         8412.39355469        23999.19335937         2637.99438477 
        4956.47384243            0.50000000         8268.39355469        23610.19335937         2559.99438477 
        4957.02578405            0.50000000         8330.39355469        23764.19335937         2599.99438477 
        4957.47837711            0.50000000         8316.39355469        23735.19335937         2581.99438477 
        4958.01563793            0.50000000         8307.39355469        23768.19335937         2590.99438477 
        4958.44354790            0.50000000         8289.39355469        23697.19335937         2579.99438477 
        4959.01587944            0.50000000         8333.39355469        23870.19335937         2592.99438477 
        4959.48380568            0.50000000         8237.39355469        23624.19335937         2593.99438477 
        4960.07133929            0.50000000         8270.39355469        23778.19335937         2557.99438477 
        4960.48469573            0.50000000         8220.39355469        23627.19335937         2550.99438477 
        4961.02765187            0.50000000         8359.39355469        24077.19335937         2590.99438477 
        4961.48104517            0.50000000         8159.39404297        23494.19335937         2500.99438477 
        4962.01925603            0.50000000         8349.39355469        24067.19335937         2588.99438477 
        4962.43795282            0.50000000         8166.39404297        23616.19335937         2517.99438477 
        4963.01628030            0.50000000         8316.39355469        23993.19335937         2541.99438477 
        4963.49002044            0.50000000         8100.39404297        23471.19335937         2468.99438477 
        4964.08857053            0.50000000         8198.39355469        23737.19335937         2481.99438477 
        4964.47771280            0.50000000         8106.39404297        23512.19335937         2393.99438477 
        4965.02661666            0.50000000         8192.39355469        23755.19335937         2363.99438477 
        4965.47581862            0.50000000         8093.39404297        23531.19335937         2206.99438477 
        4966.00998558            0.50000000         8130.39404297        23538.19335937         1922.99438477 
        4966.42442600            0.50000000         8063.39404297        23463.19335937         1551.99438477 
        4967.01376077            0.50000000         8135.39404297        23623.19335937         1335.99438477 
        4967.47834432            0.50000000         8067.39404297        23449.19335937         1411.99438477 
        4968.07794749            0.50000000         8119.39404297        23436.19335937         1602.99438477 
        4968.46277628            0.50000000         8026.39404297        23050.19335937         1650.99438477 
        4969.01764427            0.50000000         8080.39404297        23072.19335937         1626.99438477 
        4969.46763678            0.50000000         8024.39404297        22990.19335937         1561.99438477 
        4970.00774550            0.50000000         8094.39404297        22894.19335937         1514.99438477 
        4970.42291635            0.50000000         8029.39404297        22263.19335937         1398.99438477 
        4971.01328989            0.50000000         8089.39404297        21953.19335937         1336.99438477 
        4971.47368758            0.50000000         7978.39404297        21763.19335937         1311.99438477 
        4972.06934037            0.50000000         8057.39404297        22156.19335937         1317.99438477 
        4972.45484597            0.50000000         7968.39404297        22331.19335937         1292.99438477 
        4973.01569815            0.50000000         8052.39404297        22835.19335937         1283.99438477 
        4973.46648323            0.50000000         7957.39404297        22678.19335937         1210.99438477 
        4974.00253293            0.50000000         8005.39404297        22670.19335937         1145.99438477 
        4974.41843424            0.50000000         7937.39404297        22522.19335937         1065.99438477 
        4975.00984661            0.50000000         7987.39404297        22637.19335937         1039.99438477 
        4975.46604086            0.50000000         7909.39404297        22522.19335937          980.99432373 
        4976.05772573            0.50000000         8022.39404297        22732.19335937          964.99432373 
        4976.45393976            0.50000000         7894.39404297        22252.19335937          897.99432373 
        4977.01076217            0.50000000         8001.39404297        22218.19335937          895.99432373 
        4977.45732183            0.50000000         7888.39404297        21552.19335937          823.99432373 
        4977.99431297            0.50000000         7992.39404297        21435.19335937          808.99432373 
        4978.40090455            0.50000000         7841.39404297        20741.19335937          757.99432373 
        4978.99335316            0.50000000         7949.39404297        20696.19335937          749.99432373 
        4979.46039167            0.50000000         7862.39404297        20192.19335937          719.99432373 
        4980.05813984            0.50000000         7911.39404297        19764.19335937          689.99432373 
        4980.45505094            0.50000000         7826.39404297        19080.19335937          673.99432373 
        4981.01285307            0.50000000         7800.39404297        18502.19335937          640.99432373 
        4981.46522538            0.50000000         7835.39404297        18185.19335937          618.99432373 
        4981.98807863            0.50000000         7784.39404297        17737.19335937          605.99432373 
        4982.40544186            0.50000000         7813.39404297        17559.19335937          611.99432373 
        4982.99390305            0.50000000         7808.39404297        17213.19335937          605.99432373 
        4983.46176268            0.50000000         7728.39404297        16829.19335937          581.99432373 
        4984.04043163            0.50000000         7790.39404297        16669.19335937          609.99432373 
        4984.45817096            0.50000000         7746.39404297        16404.19335937          581.99432373 
        4984.99681538            0.50000000         7723.39404297        16119.19433594          561.99432373 
        4985.45501500            0.50000000         7716.39404297        15852.19433594          581.99432373 
        4985.97374767            0.50000000         7693.39404297        15514.19433594          569.99432373 
        4986.41703024            0.50000000         7718.39404297        15305.19433594          570.99432373 
        4986.98637175            0.50000000         7663.39404297        14866.19433594          564.99432373 
        4987.45505149            0.50000000         7654.39404297        14614.19433594          565.99432373 
        4988.04481765            0.50000000         7704.39404297        14396.19433594          548.99432373 
        4988.45824893            0.50000000         7606.39404297        13957.19433594          549.99432373 
        4988.99279551            0.50000000         7673.39404297        13767.19433594          540.99432373 
        4989.46188765            0.50000000         7570.39404297        13347.19433594          535.99432373 
        4989.96639539            0.50000000         7568.39404297        13246.19433594          522.99432373 
        4990.41550109            0.50000000         7596.39404297        13332.19433594          548.99432373 
        4990.98584129            0.50000000         7584.39404297        13435.19433594          540.99432373 
        4991.45534322            0.50000000         7542.39404297        13708.19433594          548.99432373 
        4992.01584291            0.50000000         7535.39404297        14085.19433594          550.99432373 
        4992.45019853            0.50000000         7519.39404297        14369.19433594          529.99432373 
        4992.98568077            0.50000000         7473.39404297        14614.19433594          544.99432373 
        4993.45559407            0.50000000         7533.39404297        14994.19433594          546.99432373 
        4993.93065845            0.50000000         7426.39404297        14911.19433594          524.99432373 
        4994.42098805            0.50000000         7531.39404297        15270.19433594          566.99432373 
        4994.95187582            0.50000000         7500.39404297        15255.19433594          559.99432373 
        4995.43736688            0.50000000         7476.39404297        15275.19433594          548.99432373 
        4995.99884450            0.50000000         7391.39404297        15097.19433594          541.99432373 
        4996.46431790            0.50000000         7464.39404297        15243.19433594          551.99432373 
        4996.96531364            0.50000000         7412.39404297        15162.19433594          537.99432373 
        4997.44617036            0.50000000         7345.39404297        15006.19433594          534.99432373 
        4997.91193854            0.50000000         7377.39404297        15008.19433594          529.99432373 
        4998.43857335            0.50000000         7331.39404297        14805.19433594          514.99432373 
        4998.94506736            0.50000000         7243.39404297        14483.19433594          509.99432373 
        4999.44660692            0.50000000         7368.39404297        14623.19433594          498.99432373 
        4999.98373080            0.50000000         7336.39404297        14369.19433594          478.99432373 
        5000.48042923            0.50000000         7308.39404297        14283.19433594          483.99432373 
        5000.95695558            0.50000000         7258.39404297        14016.19433594          481.99432373 
        5001.46907854            0.50000000         7358.39404297        14062.19433594          500.99432373 
        5001.92045021            0.50000000         7285.39404297        13916.19433594          478.99432373 
        5002.44293529            0.50000000         7250.39404297        13827.19433594          473.99432373 
        5002.91479613            0.50000000         7196.39404297        13743.19433594          469.99432373 
        5003.45273462            0.50000000         7252.39404297        13925.19433594          467.99432373 
        5003.96541625            0.50000000         7119.39404297        13772.19433594          461.99432373 
        5004.49852381            0.50000000         7195.39404297        14056.19433594          472.99432373 
        5004.94033552            0.50000000         7115.39404297        14010.19433594          474.99432373 
        5005.46859010            0.50000000         7210.39404297        14269.19433594          481.99432373 
        5005.90550802            0.50000000         7092.39404297        14190.19433594          447.99432373 
        5007.58791178            0.50000000         7071.39404297        14632.19433594          457.99432373 
        5009.39876463            0.50000000         7054.39404297        14977.19433594          486.99432373 
        5011.19577056            0.50000000         6951.39404297        15105.19433594          484.99432373 
        5013.01966861            0.50000000         6906.39404297        15335.19433594          486.99432373 
        5014.83481572            0.50000000         6822.39404297        15367.19433594          488.99432373 
        5016.80965250            0.50000000         6779.39404297        15437.19433594          498.99432373 
        5018.75553150            0.50000000         6697.39404297        15397.19433594          494.99432373 
        5020.79510940            0.50000000         6685.39404297        15458.19433594          484.99432373 
        5022.78531325            0.50000000         6651.39404297        15495.19433594          498.99432373 
        5024.87969967            0.50000000         6567.39404297        15413.19433594          500.99432373 
        5026.92471671            0.50000000         6495.39404297        15306.19433594          477.99432373 
        5029.06906517            0.50000000         6382.39404297        15089.19433594          477.99432373 
        5031.21541128            0.50000000         6397.39404297        15111.19433594          472.99432373 
        5033.47688409            0.50000000         6360.39404297        15031.19433594          445.99432373 
        5035.74572380            0.50000000         6261.39404297        14832.19433594          421.99432373 
        5038.02194877            0.50000000         6240.39404297        14726.19433594          403.99432373 
        5040.27979028            0.50000000         6101.39404297        14421.19433594          388.99432373 
        5042.66374297            0.50000000         6101.39404297        14340.19433594          380.99432373 
        5045.13284748            0.50000000         6026.39404297        14266.19433594          370.99432373 
        5047.46490313            0.50000000         5945.39404297        14232.19433594          390.99432373 
        5049.99093051            0.50000000         5925.39404297        14310.19433594          388.99432373 
        5052.43676187            0.50000000         5769.39404297        14093.19433594          373.99432373 
        5054.96303029            0.50000000         5748.39404297        14143.19433594          392.99432373 
        5057.58558288            0.50000000         5662.39404297        14009.19433594          384.99432373 
        5060.16948832            0.50000000         5615.39404297        13896.19433594          391.99432373 
        5062.79793550            0.50000000         5555.39404297        13867.19433594          400.99432373 
        5065.56492084            0.50000000         5506.39404297        13804.19433594          381.99432373 
        5068.26734273            0.50000000         5414.39404297        13726.19433594          400.99432373 
        5071.07743389            0.50000000         5230.39404297        13445.19433594          395.99432373 
        5073.96418151            0.50000000         5313.39404297        13713.19433594          396.99432373 
        5076.78640166            0.50000000         5170.39404297        13564.19433594          388.99432373 
        5079.67499175            0.50000000         4996.39404297        13225.19433594          359.99432373 
        5082.71948375            0.50000000         4961.39404297        13319.19433594          362.99432373 
        5085.72587834            0.50000000         4869.39404297        13213.19433594          335.99432373 
        5088.70981837            0.50000000         4814.39404297        13084.19433594          318.99432373 
        5091.84521627            0.50000000         4745.39404297        13099.19433594          311.99432373 
        5094.96898338            0.50000000         4603.39404297        12900.19433594          298.99432373 
        5098.07049004            0.50000000         4571.39404297        12982.19433594          324.99432373 
        5101.24493511            0.50000000         4462.39404297        12858.19433594          322.99432373 
        5104.51381344            0.50000000         4391.39404297        12800.19433594          353.99432373 
        5107.78725428            0.50000000         4312.39404297        12733.19433594          319.99432373 
        5111.07058345            0.50000000         4296.39404297        12748.19433594          329.99432373 
        5114.40110086            0.50000000         4213.39404297        12579.19433594          329.99432373 
        5117.77899722            0.50000000         4086.39404297        12411.19433594          327.99432373 
        5121.18310842            0.50000000         3985.39404297        12287.19433594          332.99432373 
        5124.60819017            0.50000000         3907.39404297        12046.19433594          318.99432373 
        5128.08645346            0.50000000         3954.39404297        12320.19433594          333.99432373 
        5131.61812249            0.50000000         3857.39404297        12078.19433594          332.99432373 
        5135.14434185            0.50000000         3766.39404297        11989.19433594          310.99432373 
        5138.71886720            0.50000000         3684.39404297        11776.19433594          311.99432373 
        5142.42272008            0.50000000         3663.39404297        11824.19433594          312.99432373 
        5145.98668794            0.50000000         3490.39404297        11499.19433594          297.99432373 
        5149.70193983            0.50000000         3451.39404297        11464.19433594          291.99432373 
        5153.42843777            0.50000000         3400.39404297        11403.19433594          283.99432373 
        5157.17706334            0.50000000         3382.39404297        11526.19433594          286.99432373 
        5161.02935832            0.50000000         3296.39404297        11341.19433594          292.99432373 
        5164.84439729            0.50000000         3156.39404297        11005.19433594          300.99432373 
        5168.74728178            0.50000000         3118.39404297        11034.19433594          304.99432373 
        5172.70023049            0.50000000         3015.39404297        10772.19433594          291.99432373 
        5176.53950083            0.50000000         2903.39404297        10534.19433594          292.99432373 
        5180.55467736            0.50000000         2330.39404297         8552.19433594          244.99432373 
        5184.54371529            0.50000000         2807.39404297        10342.19433594          286.99432373 
        5188.53942501            0.50000000         2695.39404297        10126.19433594          273.99432373 
        5192.70139770            0.50000000         2593.39404297         9855.19433594          277.99432373 
        5196.83203404            0.50000000         2478.39404297         9506.19433594          268.99432373 
        5200.94771756            0.50000000         2387.39404297         9297.19433594          281.99432373 
        5205.15344710            0.50000000         2266.39404297         8887.19433594          259.99432373 
        5208.93438865            0.50000000         2104.39404297         8276.19433594          241.99432373 
