# 1-D Scan File created by LabVIEW Control Panel  12/5/2011  11:21:03 PM; Scan time 0 hrs 4 min 28 sec. 
#
# Beamline 20 BM
#
# Scan config: 
#                 E0: 4966.00 eV   223 points
#        Scan bounds:  -100.00 -30.00 40.00 243.35 (7.99 (k))
#       Scan step(s):  5.00 0.50 0.07
#  Integration times:  0.50 0.50 0.50    kwgt in EXAFS region: 0.0 
#
# User Comment:
# 50oC
#
#
# Amplifier Sensitivities:
# Preslit: 20 nA/V  I0: 20 nA/V  I: 100 pA/V  IREF: 50 pA/V  
#
# Analog Input Voltages at start/end of scan:
# Preslit: 0.033/0.032  I0: 0.718/0.475  Ignore: 0.020/0.012  I: 0.921/0.904  IREF: 0.242/0.145  
#
# Mono Info:
# 
#
# ID Info:
# 
#
# Slit Info:
# Kappa S1:  Center is at -542 (H), 500 (V)   Size is 8000 wide x 2000 high
# Vacuum Slits:  Center is at 850 (H), -25 (V)   Size is 899 wide x 1000 high
#
# Motor Positions:
# SMV (20bm:m29): -37594.243125 SMH (20bm:m30): 4802.187500 
#
# Detector Names/PVs:
# I0/20bm:scaler1_netA.C  I/20bm:scaler1_netA.E  IREF/20bm:scaler1_netA.F  
#
# Positioner names/Drive PVs/Readback PVs:
# Mono Energy */20bm:monoE.VAL/20bm:EnctoE.VAL  Scaler preset time */20bm:scaler1.TP/  
# Here is a readable list of column headings:
#  1) Mono Energy *        
#  2) Scaler preset time * 
#  3) I0                   
#  4) I                    
#  5) IREF                 
#
# Column Headings:
#Mono Energy *        Scaler preset time * I0                   I                    IREF                 
        4865.41522989            0.50000000        30814.39453125        41157.19531250         5980.99414062 
        4870.47155359            0.50000000        30719.39453125        41325.19531250         5921.99414062 
        4875.47709668            0.50000000        30651.39453125        41569.19531250         5876.99414062 
        4880.55163053            0.50000000        30521.39453125        41750.19531250         5776.99414062 
        4885.59924042            0.50000000        30367.39453125        41874.19531250         5672.99414062 
        4890.59073303            0.50000000        30345.39453125        42319.19531250         5639.99414062 
        4895.67569864            0.50000000        30258.39453125        42551.19531250         5527.99414062 
        4900.79653417            0.50000000        30201.39453125        42915.19531250         5522.99414062 
        4905.82218997            0.50000000        30062.39453125        43079.19531250         5474.99414062 
        4910.83480583            0.50000000        30025.39453125        43443.19531250         5463.99414062 
        4915.85866957            0.50000000        29680.39453125        43418.19531250         5272.99414062 
        4920.87913585            0.50000000        29845.39453125        44197.19531250         5277.99414062 
        4925.91085739            0.50000000        29732.39453125        44513.19531250         5258.99414062 
        4930.91945942            0.50000000        29687.39453125        44920.19531250         5253.99414062 
        4935.98357787            0.50000000        29584.39453125        45295.19531250         5251.99414062 
        4936.49603748            0.50000000        29781.39453125        45747.19531250         5263.99414062 
        4936.96425152            0.50000000        29799.39453125        45787.19531250         5315.99414062 
        4937.45721353            0.50000000        29827.39453125        45897.19531250         5300.99414062 
        4937.94535217            0.50000000        29583.39453125        45646.19531250         5246.99414062 
        4938.45332581            0.50000000        29731.39453125        45816.19531250         5283.99414062 
        4938.96634742            0.50000000        29724.39453125        45828.19531250         5281.99414062 
        4939.45974754            0.50000000        29650.39453125        45874.19531250         5219.99414062 
        4940.00754815            0.50000000        29632.39453125        45834.19531250         5244.99414062 
        4940.48636577            0.50000000        29674.39453125        45944.19531250         5250.99414062 
        4940.99491229            0.50000000        29683.39453125        46063.19531250         5242.99414062 
        4941.47393960            0.50000000        29524.39453125        45868.19531250         5201.99414062 
        4941.97282874            0.50000000        29562.39453125        45963.19531250         5211.99414062 
        4942.44712268            0.50000000        29708.39453125        46266.19531250         5259.99414062 
        4942.99070709            0.50000000        29529.39453125        46086.19531250         5243.99414062 
        4943.48004504            0.50000000        29533.39453125        46121.19531250         5210.99414062 
        4944.03871198            0.50000000        29669.39453125        46328.19531250         5245.99414062 
        4944.48871245            0.50000000        29513.39453125        46153.19531250         5230.99414062 
        4945.01794865            0.50000000        29474.39453125        46173.19531250         5214.99414062 
        4945.48793525            0.50000000        29365.39453125        46041.19531250         5184.99414062 
        4945.98771252            0.50000000        29452.39453125        46164.19531250         5168.99414062 
        4946.44800131            0.50000000        29585.39453125        46435.19531250         5263.99414062 
        4947.01235427            0.50000000        29552.39453125        46578.19531250         5279.99414062 
        4947.49761254            0.50000000        29513.39453125        46569.19531250         5284.99414062 
        4948.07213461            0.50000000        29580.39453125        46707.19531250         5304.99414062 
        4948.49816771            0.50000000        29437.39453125        46559.19531250         5246.99414062 
        4949.03825534            0.50000000        29400.39453125        46589.19531250         5265.99414062 
        4949.50412266            0.50000000        29434.39453125        46679.19531250         5275.99414062 
        4950.00974691            0.50000000        29506.39453125        46843.19531250         5240.99414062 
        4950.46093854            0.50000000        29447.39453125        46774.19531250         5249.99414062 
        4951.03125459            0.50000000        29658.39453125        47164.19531250         5298.99414062 
        4951.50745470            0.50000000        29425.39453125        46848.19531250         5275.99414062 
        4952.10284590            0.50000000        29570.39453125        47083.19531250         5309.99414062 
        4952.50978672            0.50000000        29591.39453125        47200.19531250         5294.99414062 
        4953.05083361            0.50000000        29470.39453125        47066.19531250         5227.99414062 
        4953.51256311            0.50000000        29588.39453125        47296.19531250         5303.99414062 
        4954.02901740            0.50000000        29506.39453125        47300.19531250         5248.99414062 
        4954.46610928            0.50000000        29543.39453125        47383.19531250         5282.99414062 
        4955.03743618            0.50000000        29593.39453125        47516.19531250         5322.99414062 
        4955.50951068            0.50000000        29453.39453125        47450.19531250         5233.99414062 
        4956.09601404            0.50000000        29601.39453125        47723.19531250         5305.99414062 
        4956.50864558            0.50000000        29316.39453125        47284.19531250         5226.99414062 
        4957.05562256            0.50000000        29426.39453125        47468.19531250         5249.99414062 
        4957.51319571            0.50000000        29468.39453125        47603.19531250         5276.99414062 
        4958.05046479            0.50000000        29429.39453125        47618.19531250         5225.99414062 
        4958.46842887            0.50000000        29461.39453125        47652.19531250         5285.99414062 
        4959.03578922            0.50000000        29497.39453125        47792.19531250         5271.99414062 
        4959.51367660            0.50000000        29415.39453125        47694.19531250         5227.99414062 
        4960.10121795            0.50000000        29511.39453125        47941.19531250         5241.99414062 
        4960.51457984            0.50000000        29359.39453125        47724.19531250         5242.99414062 
        4961.05256124            0.50000000        29544.39453125        48119.19531250         5270.99414062 
        4961.50595952            0.50000000        29245.39453125        47706.19531250         5190.99414062 
        4962.04417629            0.50000000        29500.39453125        48087.19531250         5234.99414062 
        4962.46287769            0.50000000        29205.39453125        47709.19531250         5118.99414062 
        4963.03622526            0.50000000        29561.39453125        48291.19531250         5239.99414062 
        4963.51994420            0.50000000        29169.39453125        47808.19531250         5120.99414062 
        4964.11351354            0.50000000        29337.39453125        48074.19531250         5075.99414062 
        4964.50764959            0.50000000        29275.39453125        48042.19531250         5001.99414062 
        4965.05157000            0.50000000        29343.39453125        48215.19531250         4898.99414062 
        4965.50576858            0.50000000        29191.39453125        48020.19531250         4622.99414062 
        4966.03994259            0.50000000        29324.39453125        48200.19531250         4055.99438477 
        4966.45438849            0.50000000        29148.39453125        47981.19531250         3210.99438477 
        4967.04373103            0.50000000        29249.39453125        48061.19531250         2838.99438477 
        4967.51331682            0.50000000        29167.39453125        47954.19531250         3005.99438477 
        4968.10793180            0.50000000        29250.39453125        47924.19531250         3381.99438477 
        4968.49276568            0.50000000        29197.39453125        47794.19531250         3511.99438477 
        4969.04264151            0.50000000        29239.39453125        47606.19531250         3467.99438477 
        4969.49263898            0.50000000        29099.39453125        47311.19531250         3299.99438477 
        4970.03275365            0.50000000        29175.39453125        47114.19531250         3169.99438477 
        4970.44292650            0.50000000        29135.39453125        46948.19531250         3032.99438477 
        4971.03330524            0.50000000        29250.39453125        46935.19531250         2929.99438477 
        4971.49871186            0.50000000        29031.39453125        46912.19531250         2874.99438477 
        4972.09437122            0.50000000        29159.39453125        47229.19531250         2877.99438477 
        4972.47988107            0.50000000        29049.39453125        47209.19531250         2804.99438477 
        4973.04073942            0.50000000        29127.39453125        47352.19531250         2710.99438477 
        4973.48652020            0.50000000        28958.39453125        46932.19531250         2595.99438477 
        4974.02758507            0.50000000        29057.39453125        46574.19531250         2449.99438477 
        4974.43847960            0.50000000        29060.39453125        46105.19531250         2317.99438477 
        4975.03490985            0.50000000        29118.39453125        45116.19531250         2188.99438477 
        4975.49110913            0.50000000        28972.39453125        43971.19531250         2049.99438477 
        4976.08781551            0.50000000        29236.39453125        43319.19531250         1989.99438477 
        4976.47901892            0.50000000        28925.39453125        42352.19531250         1875.99438477 
        4977.03083039            0.50000000        29192.39453125        42115.19531250         1844.99438477 
        4977.48743013            0.50000000        29011.39453125        41479.19531250         1754.99438477 
        4978.01940911            0.50000000        29216.39453125        41356.19531250         1720.99438477 
        4978.43604550            0.50000000        28945.39453125        40716.19531250         1653.99438477 
        4979.01343887            0.50000000        29230.39453125        40764.19531250         1632.99438477 
        4979.49052647            0.50000000        28962.39453125        40202.19531250         1559.99438477 
        4980.08325875            0.50000000        29257.39453125        40317.19531250         1565.99438477 
        4980.48017423            0.50000000        28951.39453125        39582.19531250         1471.99438477 
        4981.03295660            0.50000000        28939.39453125        39040.19531250         1442.99438477 
        4981.49035981            0.50000000        28987.39453125        38556.19531250         1457.99438477 
        4982.02327499            0.50000000        28910.39453125        37571.19531250         1398.99438477 
        4982.44064467            0.50000000        29002.39453125        36792.19531250         1383.99438477 
        4983.01402407            0.50000000        29027.39453125        35479.19531250         1349.99438477 
        4983.48691914            0.50000000        28845.39453125        34134.19531250         1293.99438477 
        4984.06056189            0.50000000        28984.39453125        32725.19335937         1306.99438477 
        4984.47830491            0.50000000        28948.39453125        31628.19335937         1258.99438477 
        4985.01695408            0.50000000        28940.39453125        30434.19335937         1250.99438477 
        4985.48019347            0.50000000        28901.39453125        29659.19335937         1251.99438477 
        4985.99893187            0.50000000        28800.39453125        28871.19335937         1221.99438477 
        4986.43214366            0.50000000        28942.39453125        28690.19335937         1252.99438477 
        4987.01156714            0.50000000        28834.39453125        28257.19335937         1230.99438477 
        4987.48025205            0.50000000        28808.39453125        28131.19335937         1223.99438477 
        4988.07002473            0.50000000        28938.39453125        28406.19335937         1235.99438477 
        4988.48346058            0.50000000        28762.39453125        28491.19335937         1240.99438477 
        4989.01296954            0.50000000        28871.39453125        29056.19335937         1265.99438477 
        4989.48206582            0.50000000        28681.39453125        29374.19335937         1250.99438477 
        4989.98657802            0.50000000        28699.39453125        29978.19335937         1248.99438477 
        4990.43064102            0.50000000        28762.39453125        30742.19335937         1271.99438477 
        4991.00603293            0.50000000        28700.39453125        31392.19335937         1285.99438477 
        4991.48058800            0.50000000        28570.39453125        31791.19335937         1255.99438477 
        4992.04109388            0.50000000        28707.39453125        32549.19335937         1286.99438477 
        4992.47040313            0.50000000        28596.39453125        32853.19531250         1278.99438477 
        4993.00589011            0.50000000        28562.39453125        33162.19531250         1290.99438477 
        4993.47580757            0.50000000        28601.39453125        33413.19531250         1308.99438477 
        4993.96098507            0.50000000        28512.39453125        33499.19531250         1296.99438477 
        4994.44121008            0.50000000        28570.39453125        33593.19531250         1280.99438477 
        4994.98727272            0.50000000        28711.39453125        33760.19531250         1288.99438477 
        4995.46771349            0.50000000        28618.39453125        33664.19531250         1297.99438477 
        4996.02413953            0.50000000        28448.39453125        33258.19531250         1236.99438477 
        4996.49467815            0.50000000        28645.39453125        33371.19531250         1253.99438477 
        4996.99568054            0.50000000        28599.39453125        33127.19531250         1237.99438477 
        4997.47654366            0.50000000        28406.39453125        32639.19335937         1194.99438477 
        4997.94231803            0.50000000        28530.39453125        32516.19335937         1205.99438477 
        4998.45883096            0.50000000        28466.39453125        32218.19335937         1207.99438477 
        4998.97546057            0.50000000        28359.39453125        31769.19335937         1149.99438477 
        4999.46180681            0.50000000        28532.39453125        31724.19335937         1177.99438477 
        5000.00906995            0.50000000        28588.39453125        31596.19335937         1152.99438477 
        5000.50070493            0.50000000        28445.39453125        31405.19335937         1145.99438477 
        5000.98230551            0.50000000        28364.39453125        31298.19335937         1122.99438477 
        5001.48429187            0.50000000        28605.39453125        31640.19335937         1137.99438477 
        5001.94073867            0.50000000        28479.39453125        31659.19335937         1132.99438477 
        5002.46322838            0.50000000        28443.39453125        31769.19335937         1127.99438477 
        5002.94524210            0.50000000        28269.39453125        31748.19335937         1113.99438477 
        5003.47811220            0.50000000        28436.39453125        32270.19335937         1112.99438477 
        5003.99079951            0.50000000        28198.39453125        32236.19335937         1099.99438477 
        5004.51375728            0.50000000        28353.39453125        32873.19531250         1102.99438477 
        5004.96065075            0.50000000        28204.39453125        32985.19531250         1127.99438477 
        5005.47875003            0.50000000        28385.39453125        33607.19531250         1141.99438477 
        5005.93599378            0.50000000        28219.39453125        33816.19531250         1118.99438477 
        5007.60825050            0.50000000        28248.39453125        35130.19531250         1162.99438477 
        5009.40385331            0.50000000        28214.39453125        36135.19531250         1182.99438477 
        5011.21104860            0.50000000        28059.39453125        36522.19531250         1179.99438477 
        5013.02986206            0.50000000        27983.39453125        36646.19531250         1215.99438477 
        5014.84501723            0.50000000        27856.39453125        36413.19531250         1191.99438477 
        5016.81986279            0.50000000        27848.39453125        36349.19531250         1230.99438477 
        5018.75553150            0.50000000        27723.39453125        36456.19531250         1236.99438477 
        5020.80022340            0.50000000        27715.39453125        36872.19531250         1227.99438477 
        5022.79043168            0.50000000        27686.39453125        37301.19531250         1237.99438477 
        5024.87969967            0.50000000        27541.39453125        37559.19531250         1238.99438477 
        5026.92471671            0.50000000        27451.39453125        37507.19531250         1224.99438477 
        5029.07419758            0.50000000        27316.39453125        37279.19531250         1184.99438477 
        5031.22054848            0.50000000        27432.39453125        37412.19531250         1186.99438477 
        5033.48202632            0.50000000        27364.39453125        37154.19531250         1141.99438477 
        5035.75087109            0.50000000        27279.39453125        36616.19531250         1093.99438477 
        5038.02194877            0.50000000        27226.39453125        36200.19531250         1054.99438477 
        5040.27979028            0.50000000        26959.39453125        35660.19531250         1018.99432373 
        5042.65858025            0.50000000        27069.39453125        35969.19531250         1007.99432373 
        5045.12767924            0.50000000        26891.39453125        36043.19531250          997.99432373 
        5047.46490313            0.50000000        26776.39453125        36283.19531250          999.99432373 
        5049.99093051            0.50000000        26782.39453125        36601.19531250         1031.99438477 
        5052.44194646            0.50000000        26472.39453125        36385.19531250         1037.99438477 
        5054.97341079            0.50000000        26402.39453125        36551.19531250         1063.99438477 
        5057.59077899            0.50000000        26317.39453125        36742.19531250         1100.99438477 
        5060.17989214            0.50000000        26247.39453125        37056.19531250         1111.99438477 
        5062.80314330            0.50000000        26099.39453125        37278.19531250         1101.99438477 
        5065.57534886            0.50000000        26142.39453125        37669.19531250         1119.99438477 
        5068.28300297            0.50000000        25881.39453125        37608.19531250         1147.99438477 
        5071.09311307            0.50000000        25415.39453125        37254.19531250         1098.99438477 
        5073.98511304            0.50000000        25677.39453125        38072.19531250         1135.99438477 
        5076.80211933            0.50000000        25472.39453125        38199.19531250         1114.99438477 
        5079.69072890            0.50000000        25081.39453125        37886.19531250         1060.99438477 
        5082.72998888            0.50000000        25188.39453125        38479.19531250         1042.99438477 
        5085.74691572            0.50000000        24911.39453125        38440.19531250         1011.99432373 
        5088.72561655            0.50000000        24963.39453125        38910.19531250          966.99432373 
        5091.85576252            0.50000000        24772.39453125        38850.19531250          966.99432373 
        5094.98482391            0.50000000        24502.39453125        38739.19531250          937.99432373 
        5098.08635157            0.50000000        24401.39453125        38924.19531250          957.99432373 
        5101.26081815            0.50000000        24265.39453125        39192.19531250         1031.99438477 
        5104.52971864            0.50000000        24088.39453125        39341.19531250         1057.99438477 
        5107.80849085            0.50000000        23948.39453125        39482.19531250         1078.99438477 
        5111.08653314            0.50000000        24082.39453125        40005.19531250         1122.99438477 
        5114.41707317            0.50000000        24002.39453125        40178.19531250         1115.99438477 
        5117.79499250            0.50000000        23628.39453125        39778.19531250         1085.99438477 
        5121.19378736            0.50000000        23333.39453125        39558.19531250         1076.99438477 
        5124.62423191            0.50000000        23146.39453125        39505.19531250         1104.99438477 
        5128.10787405            0.50000000        23309.39453125        40074.19531250         1117.99438477 
        5131.62348564            0.50000000        23063.39453125        40078.19531250         1114.99438477 
        5135.14971302            0.50000000        22905.39453125        40277.19531250         1100.99438477 
        5138.72962582            0.50000000        22729.39453125        40303.19531250         1093.99438477 
        5142.43349555            0.50000000        22671.39453125        40526.19531250         1075.99438477 
        5145.99747965            0.50000000        22077.39453125        39960.19531250         1050.99438477 
        5149.71274848            0.50000000        22025.39453125        40367.19531250         1031.99438477 
        5153.43926342            0.50000000        21956.39453125        40645.19531250         1047.99438477 
        5157.18248472            0.50000000        21606.39453125        40475.19531250         1040.99438477 
        5161.04021868            0.50000000        21436.39453125        40717.19531250         1053.99438477 
        5164.86071401            0.50000000        21141.39453125        40741.19531250         1068.99438477 
        5168.74728178            0.50000000        21037.39453125        41125.19531250         1078.99438477 
        5172.70568737            0.50000000        20792.39453125        41172.19531250         1112.99438477 
        5176.55043219            0.50000000        20479.39453125        41098.19531250         1124.99438477 
        5180.56015224            0.50000000        17010.39453125        34860.19531250         1006.99432373 
        5184.56016742            0.50000000        20478.39453125        42023.19531250         1173.99438477 
        5188.55041144            0.50000000        20150.39453125        41920.19531250         1175.99438477 
        5192.71240326            0.50000000        19651.39453125        41413.19531250         1154.99438477 
        5196.84305860            0.50000000        19222.39453125        41001.19531250         1132.99438477 
        5200.95323931            0.50000000        18949.39453125        40909.19531250         1128.99438477 
        5205.15344710            0.50000000        18421.39453125        40274.19531250         1134.99438477 
        5208.93438865            0.50000000        17805.39453125        39492.19531250         1094.99438477 
