# 1-D Scan File created by LabVIEW Control Panel  12/6/2011  5:32:37 AM; Scan time 0 hrs 4 min 28 sec. 
#
# Beamline 20 BM
#
# Scan config: 
#                 E0: 4966.00 eV   223 points
#        Scan bounds:  -100.00 -30.00 40.00 243.35 (7.99 (k))
#       Scan step(s):  5.00 0.50 0.07
#  Integration times:  0.50 0.50 0.50    kwgt in EXAFS region: 0.0 
#
# User Comment:
# 50oC
#
#
# Amplifier Sensitivities:
# Preslit: 20 nA/V  I0: 20 nA/V  I: 100 pA/V  IREF: 50 pA/V  
#
# Analog Input Voltages at start/end of scan:
# Preslit: 0.031/0.030  I0: 0.345/0.171  Ignore: 0.008/0.004  I: 0.648/0.337  IREF: 0.201/0.129  
#
# Mono Info:
# 
#
# ID Info:
# 
#
# Slit Info:
# Kappa S1:  Center is at -542 (H), 500 (V)   Size is 8000 wide x 2000 high
# Vacuum Slits:  Center is at 850 (H), -25 (V)   Size is 899 wide x 1000 high
#
# Motor Positions:
# SMV (20bm:m29): -37594.243125 SMH (20bm:m30): 4802.187500 
#
# Detector Names/PVs:
# I0/20bm:scaler1_netA.C  I/20bm:scaler1_netA.E  IREF/20bm:scaler1_netA.F  
#
# Positioner names/Drive PVs/Readback PVs:
# Mono Energy */20bm:monoE.VAL/20bm:EnctoE.VAL  Scaler preset time */20bm:scaler1.TP/  
# Here is a readable list of column headings:
#  1) Mono Energy *        
#  2) Scaler preset time * 
#  3) I0                   
#  4) I                    
#  5) IREF                 
#
# Column Headings:
#Mono Energy *        Scaler preset time * I0                   I                    IREF                 
        4865.39136160            0.50000000        12283.39355469        27327.19335937         3785.99438477 
        4870.45241530            0.50000000        12080.39355469        27021.19335937         3703.99438477 
        4875.45791516            0.50000000        11962.39355469        27004.19335937         3630.99438477 
        4880.54682416            0.50000000        11763.39355469        26835.19335937         3532.99438477 
        4885.58960585            0.50000000        11564.39355469        26596.19335937         3445.99438477 
        4890.57624875            0.50000000        11502.39355469        26701.19335937         3371.99438477 
        4895.66602039            0.50000000        11347.39355469        26486.19335937         3348.99438477 
        4900.77228306            0.50000000        11233.39355469        26616.19335937         3302.99438477 
        4905.80274538            0.50000000        11073.39355469        26299.19335937         3242.99438477 
        4910.81044561            0.50000000        10966.39355469        26413.19335937         3186.99438477 
        4915.82937170            0.50000000        10750.39355469        26112.19335937         3104.99438477 
        4920.85466623            0.50000000        10725.39355469        26423.19335937         3095.99438477 
        4925.88633288            0.50000000        10586.39355469        26284.19335937         3022.99438477 
        4930.89488023            0.50000000        10472.39355469        26309.19335937         3023.99438477 
        4935.96879711            0.50000000        10350.39355469        26235.19335937         2993.99438477 
        4936.47632534            0.50000000        10421.39355469        26587.19335937         3018.99438477 
        4936.94946433            0.50000000        10421.39355469        26592.19335937         3007.99438477 
        4937.44735323            0.50000000        10408.39355469        26548.19335937         3018.99438477 
        4937.92069616            0.50000000        10361.39355469        26528.19335937         3004.99438477 
        4938.43359654            0.50000000        10403.39355469        26561.19335937         3032.99438477 
        4938.94661366            0.50000000        10371.39355469        26503.19335937         2994.99438477 
        4939.44494397            0.50000000        10332.39355469        26496.19335937         2967.99438477 
        4939.98780527            0.50000000        10341.39355469        26514.19335937         2951.99438477 
        4940.47155546            0.50000000        10337.39355469        26492.19335937         2979.99438477 
        4940.98009864            0.50000000        10328.39355469        26566.19335937         2977.99438477 
        4941.44430609            0.50000000        10223.39355469        26334.19335937         2956.99438477 
        4941.94318868            0.50000000        10279.39355469        26556.19335937         2961.99438477 
        4942.43229949            0.50000000        10363.39355469        26735.19335937         3014.99438477 
        4942.97093809            0.50000000        10253.39355469        26546.19335937         3002.99438477 
        4943.46027175            0.50000000        10273.39355469        26602.19335937         2980.99438477 
        4944.02387833            0.50000000        10277.39355469        26569.19335937         2986.99438477 
        4944.46893032            0.50000000        10201.39355469        26433.19335937         2950.99438477 
        4944.99816189            0.50000000        10192.39355469        26465.19335937         2950.99438477 
        4945.46814437            0.50000000        10100.39355469        26291.19335937         2935.99438477 
        4945.96296847            0.50000000        10100.39355469        26280.19335937         2916.99438477 
        4946.43315182            0.50000000        10207.39355469        26409.19335937         2930.99438477 
        4946.98759899            0.50000000        10180.39355469        26538.19335937         2916.99438477 
        4947.46789985            0.50000000        10152.39355469        26517.19335937         2948.99438477 
        4948.04736771            0.50000000        10154.39355469        26564.19335937         2977.99438477 
        4948.47835043            0.50000000        10081.39355469        26408.19335937         2915.99438477 
        4949.01347785            0.50000000        10075.39355469        26460.19335937         2967.99438477 
        4949.47934006            0.50000000        10109.39355469        26569.19335937         2970.99438477 
        4949.98991638            0.50000000        10063.39355469        26463.19335937         2963.99438477 
        4950.44110404            0.50000000        10087.39355469        26522.19335937         2902.99438477 
        4951.01141509            0.50000000        10174.39355469        26820.19335937         2983.99438477 
        4951.47272839            0.50000000        10082.39355469        26575.19335937         2953.99438477 
        4952.07307262            0.50000000        10124.39355469        26634.19335937         2952.99438477 
        4952.48000808            0.50000000        10096.39355469        26590.19335937         2947.99438477 
        4953.02601211            0.50000000        10079.39355469        26548.19335937         2928.99438477 
        4953.48277126            0.50000000        10117.39355469        26761.19335937         2939.99438477 
        4953.99425236            0.50000000        10027.39355469        26655.19335937         2917.99438477 
        4954.44127225            0.50000000        10055.39355469        26616.19335937         2945.99438477 
        4955.01756152            0.50000000        10071.39355469        26787.19335937         2928.99438477 
        4955.48466220            0.50000000         9989.39355469        26580.19335937         2908.99438477 
        4956.07613008            0.50000000        10071.39355469        26866.19335937         2950.99438477 
        4956.48378613            0.50000000         9923.39355469        26519.19335937         2892.99438477 
        4957.03075711            0.50000000         9976.39355469        26591.19335937         2887.99438477 
        4957.48832523            0.50000000         9917.39355469        26414.19335937         2859.99438477 
        4958.02061316            0.50000000         9951.39355469        26569.19335937         2868.99438477 
        4958.44354790            0.50000000         9890.39355469        26398.19335937         2874.99438477 
        4959.02085687            0.50000000         9930.39355469        26597.19335937         2885.99438477 
        4959.48878414            0.50000000         9867.39355469        26464.19335937         2867.99438477 
        4960.07631904            0.50000000         9927.39355469        26693.19335937         2862.99438477 
        4960.48967639            0.50000000         9836.39355469        26447.19335937         2850.99438477 
        4961.03761559            0.50000000        10042.39355469        27021.19335937         2907.99438477 
        4961.48602802            0.50000000         9806.39355469        26444.19335937         2838.99438477 
        4962.01925603            0.50000000        10009.39355469        26976.19335937         2876.99438477 
        4962.44293777            0.50000000         9808.39355469        26406.19335937         2823.99438477 
        4963.02126652            0.50000000        10000.39355469        27003.19335937         2864.99438477 
        4963.49002044            0.50000000         9782.39355469        26433.19335937         2781.99438477 
        4964.09355911            0.50000000         9881.39355469        26677.19335937         2790.99438477 
        4964.48270224            0.50000000         9778.39355469        26582.19335937         2733.99438477 
        4965.03160731            0.50000000         9837.39355469        26602.19335937         2661.99438477 
        4965.48081026            0.50000000         9748.39355469        26503.19335937         2523.99438477 
        4966.01997121            0.50000000         9847.39355469        26675.19335937         2233.99438477 
        4966.43441345            0.50000000         9761.39355469        26587.19335937         1768.99438477 
        4967.01875579            0.50000000         9818.39355469        26636.19335937         1522.99438477 
        4967.47834432            0.50000000         9729.39355469        26439.19335937         1584.99438477 
        4968.08294485            0.50000000         9779.39355469        26414.19335937         1783.99438477 
        4968.46777448            0.50000000         9711.39355469        26196.19335937         1859.99438477 
        4969.02264369            0.50000000         9801.39355469        26238.19335937         1845.99438477 
        4969.47263719            0.50000000         9725.39355469        26164.19335937         1788.99438477 
        4970.00774550            0.50000000         9770.39355469        25987.19335937         1684.99438477 
        4970.42791887            0.50000000         9755.39355469        25516.19335937         1595.99438477 
        4971.01328989            0.50000000         9748.39355469        24876.19335937         1516.99438477 
        4971.47869241            0.50000000         9648.39355469        24784.19335937         1457.99438477 
        4972.07935267            0.50000000         9723.39355469        25147.19335937         1496.99438477 
        4972.46485998            0.50000000         9681.39355469        25482.19335937         1477.99438477 
        4973.02070638            0.50000000         9708.39355469        25875.19335937         1426.99438477 
        4973.47149245            0.50000000         9612.39355469        25753.19335937         1375.99438477 
        4974.00754334            0.50000000         9680.39355469        25718.19335937         1303.99438477 
        4974.41843424            0.50000000         9641.39355469        25646.19335937         1231.99438477 
        4975.01485923            0.50000000         9652.39355469        25623.19335937         1161.99438477 
        4975.47105449            0.50000000         9601.39355469        25555.19335937         1133.99438477 
        4976.06274067            0.50000000         9722.39355469        25694.19335937         1092.99438477 
        4976.45895557            0.50000000         9581.39355469        25089.19335937         1028.99438477 
        4977.01076217            0.50000000         9703.39355469        24948.19335937          985.99432373 
        4977.46233985            0.50000000         9553.39355469        24129.19335937          927.99432373 
        4977.99933217            0.50000000         9657.39355469        23928.19335937          899.99432373 
        4978.40592465            0.50000000         9524.39355469        23276.19335937          876.99432373 
        4978.99837457            0.50000000         9543.39355469        23020.19335937          825.99432373 
        4979.46541411            0.50000000         9531.39355469        22651.19335937          817.99432373 
        4980.05813984            0.50000000         9607.39355469        22238.19335937          773.99432373 
        4980.45505094            0.50000000         9485.39355469        21406.19335937          737.99432373 
        4981.01285307            0.50000000         9523.39355469        20812.19335937          731.99432373 
        4981.46522538            0.50000000         9501.39355469        20449.19335937          707.99432373 
        4981.99310665            0.50000000         9481.39355469        20016.19335937          691.99432373 
        4982.40544186            0.50000000         9476.39355469        19783.19335937          699.99432373 
        4982.99893329            0.50000000         9517.39355469        19528.19335937          690.99432373 
        4983.46176268            0.50000000         9452.39355469        19156.19335937          661.99432373 
        4984.03539909            0.50000000         9470.39355469        18999.19335937          691.99432373 
        4984.46320443            0.50000000         9442.39355469        18696.19335937          661.99432373 
        4984.99681538            0.50000000         9436.39355469        18485.19335937          670.99432373 
        4985.45501500            0.50000000         9414.39355469        18079.19335937          687.99432373 
        4985.97374767            0.50000000         9382.39355469        17647.19335937          660.99432373 
        4986.41703024            0.50000000         9431.39355469        17382.19335937          640.99432373 
        4986.98637175            0.50000000         9364.39355469        16842.19335937          653.99432373 
        4987.46009158            0.50000000         9357.39355469        16513.19335937          641.99432373 
        4988.04481765            0.50000000         9393.39355469        16141.19433594          625.99432373 
        4988.46329124            0.50000000         9303.39355469        15698.19433594          627.99432373 
        4988.99783900            0.50000000         9343.39355469        15461.19433594          628.99432373 
        4989.46188765            0.50000000         9274.39355469        15100.19433594          632.99432373 
        4989.96134976            0.50000000         9280.39355469        15021.19433594          624.99432373 
        4990.41045447            0.50000000         9288.39355469        15113.19433594          618.99432373 
        4990.98079340            0.50000000         9287.39355469        15393.19433594          626.99432373 
        4991.45534322            0.50000000         9271.39355469        15749.19433594          626.99432373 
        4992.01584291            0.50000000         9243.39355469        16237.19433594          616.99432373 
        4992.45019853            0.50000000         9182.39355469        16519.19335937          634.99432373 
        4992.98568077            0.50000000         9189.39355469        16919.19335937          625.99432373 
        4993.45054073            0.50000000         9245.39355469        17251.19335937          639.99432373 
        4993.93065845            0.50000000         9147.39355469        17270.19335937          627.99432373 
        4994.42098805            0.50000000         9193.39355469        17466.19335937          644.99432373 
        4994.95693249            0.50000000         9227.39355469        17631.19335937          666.99432373 
        4995.44748237            0.50000000         9202.39355469        17665.19335937          639.99432373 
        4995.99884450            0.50000000         9096.39355469        17414.19335937          630.99432373 
        4996.46937791            0.50000000         9164.39355469        17510.19335937          631.99432373 
        4996.97037476            0.50000000         9100.39355469        17434.19335937          626.99432373 
        4997.44617036            0.50000000         9035.39355469        17283.19335937          598.99432373 
        4997.91700176            0.50000000         9092.39355469        17270.19335937          598.99432373 
        4998.43857335            0.50000000         9012.39355469        16986.19335937          592.99432373 
        4998.94506736            0.50000000         8963.39355469        16771.19335937          589.99432373 
        4999.44660692            0.50000000         9090.39355469        16808.19335937          588.99432373 
        4999.98373080            0.50000000         9083.39355469        16577.19335937          586.99432373 
        5000.48549814            0.50000000         9031.39355469        16343.19433594          571.99432373 
        5000.96202554            0.50000000         8972.39355469        16082.19433594          565.99432373 
        5001.46907854            0.50000000         9064.39355469        16093.19433594          572.99432373 
        5001.92552231            0.50000000         8998.39355469        15948.19433594          537.99432373 
        5002.44800855            0.50000000         9027.39355469        15994.19433594          545.99432373 
        5002.91479613            0.50000000         8908.39355469        15836.19433594          550.99432373 
        5003.45273462            0.50000000         8975.39355469        16072.19433594          522.99432373 
        5003.96541625            0.50000000         8821.39355469        15897.19433594          509.99432373 
        5004.50360162            0.50000000         8863.39355469        16192.19433594          537.99432373 
        5004.94033552            0.50000000         8803.39355469        16217.19433594          540.99432373 
        5005.46859010            0.50000000         8925.39355469        16552.19335937          553.99432373 
        5005.91058895            0.50000000         8800.39355469        16516.19335937          558.99432373 
        5007.58791178            0.50000000         8759.39355469        16992.19335937          533.99432373 
        5009.39876463            0.50000000         8736.39355469        17403.19335937          538.99432373 
        5011.19577056            0.50000000         8599.39355469        17556.19335937          570.99432373 
        5013.02476533            0.50000000         8528.39355469        17727.19335937          566.99432373 
        5014.83991647            0.50000000         8428.39355469        17778.19335937          574.99432373 
        5016.81475764            0.50000000         8394.39355469        17904.19335937          565.99432373 
        5018.75553150            0.50000000         8298.39355469        17836.19335937          572.99432373 
        5020.79510940            0.50000000         8284.39355469        17915.19335937          570.99432373 
        5022.78019484            0.50000000         8222.39355469        17884.19335937          564.99432373 
        5024.87457660            0.50000000         8117.39404297        17836.19335937          560.99432373 
        5026.91958908            0.50000000         8050.39404297        17743.19335937          565.99432373 
        5029.06393276            0.50000000         7928.39404297        17476.19335937          549.99432373 
        5031.20513692            0.50000000         7951.39404297        17548.19335937          535.99432373 
        5033.47174186            0.50000000         7913.39404297        17500.19335937          532.99432373 
        5035.74057651            0.50000000         7806.39404297        17269.19335937          469.99432373 
        5038.01679641            0.50000000         7756.39404297        17088.19335937          459.99432373 
        5040.27463287            0.50000000         7584.39404297        16644.19335937          436.99432373 
        5042.65858025            0.50000000         7605.39404297        16626.19335937          448.99432373 
        5045.12251101            0.50000000         7533.39404297        16582.19335937          429.99432373 
        5047.45455623            0.50000000         7445.39404297        16579.19335937          434.99432373 
        5049.98575141            0.50000000         7405.39404297        16654.19335937          443.99432373 
        5052.43676187            0.50000000         7227.39404297        16439.19335937          423.99432373 
        5054.96303029            0.50000000         7191.39404297        16496.19335937          464.99432373 
        5057.57519068            0.50000000         7081.39404297        16278.19433594          453.99432373 
        5060.16948832            0.50000000         7030.39404297        16226.19433594          446.99432373 
        5062.79272772            0.50000000         6946.39404297        16140.19433594          461.99432373 
        5065.55970684            0.50000000         6860.39404297        16041.19433594          458.99432373 
        5068.26212267            0.50000000         6772.39404297        16007.19433594          464.99432373 
        5071.07743389            0.50000000         6520.39404297        15628.19433594          443.99432373 
        5073.96418151            0.50000000         6621.39404297        15919.19433594          460.99432373 
        5076.78116247            0.50000000         6450.39404297        15775.19433594          464.99432373 
        5079.67499175            0.50000000         6282.39404297        15472.19433594          423.99432373 
        5082.71948375            0.50000000         6266.39404297        15706.19433594          408.99432373 
        5085.72587834            0.50000000         6138.39404297        15495.19433594          384.99432373 
        5088.70981837            0.50000000         6107.39404297        15449.19433594          382.99432373 
        5091.83994316            0.50000000         5976.39404297        15351.19433594          368.99432373 
        5094.95842309            0.50000000         5844.39404297        15280.19433594          371.99432373 
        5098.06520289            0.50000000         5793.39404297        15244.19433594          366.99432373 
        5101.23964079            0.50000000         5704.39404297        15308.19433594          380.99432373 
        5104.50851173            0.50000000         5584.39404297        15154.19433594          395.99432373 
        5107.78725428            0.50000000         5561.39404297        15243.19433594          417.99432373 
        5111.07058345            0.50000000         5539.39404297        15264.19433594          389.99432373 
        5114.39045271            0.50000000         5473.39404297        15159.19433594          425.99432373 
        5117.77899722            0.50000000         5308.39404297        14993.19433594          407.99432373 
        5121.18310842            0.50000000         5178.39404297        14786.19433594          393.99432373 
        5124.60284295            0.50000000         5100.39404297        14623.19433594          393.99432373 
        5128.08109834            0.50000000         5176.39404297        14925.19433594          402.99432373 
        5131.61275934            0.50000000         5011.39404297        14561.19433594          381.99432373 
        5135.13897069            0.50000000         4910.39404297        14499.19433594          388.99432373 
        5138.71886720            0.50000000         4804.39404297        14280.19433594          387.99432373 
        5142.42272008            0.50000000         4790.39404297        14344.19433594          380.99432373 
        5145.98668794            0.50000000         4551.39404297        13897.19433594          369.99432373 
        5149.70734415            0.50000000         4495.39404297        13885.19433594          362.99432373 
        5153.42843777            0.50000000         4458.39404297        13814.19433594          359.99432373 
        5157.17706334            0.50000000         4337.39404297        13699.19433594          339.99432373 
        5161.03478849            0.50000000         4266.39404297        13651.19433594          350.99432373 
        5164.84983618            0.50000000         4115.39404297        13389.19433594          348.99432373 
        5168.74728178            0.50000000         4064.39404297        13372.19433594          376.99432373 
        5172.70023049            0.50000000         3957.39404297        13093.19433594          355.99432373 
        5176.54496650            0.50000000         3800.39404297        12818.19433594          355.99432373 
        5180.56015224            0.50000000         3057.39404297        10441.19433594          289.99432373 
        5184.54919932            0.50000000         3669.39404297        12609.19433594          362.99432373 
        5188.53942501            0.50000000         3566.39404297        12499.19433594          348.99432373 
        5192.70139770            0.50000000         3410.39404297        12071.19433594          345.99432373 
        5196.82652178            0.50000000         3399.39404297        12058.19433594          336.99432373 
        5200.94219583            0.50000000         3168.39404297        11464.19433594          319.99432373 
        5205.14791567            0.50000000         3011.39404297        10960.19433594          326.99432373 
        5208.92330839            0.50000000         2823.39404297        10386.19433594          302.99432373 
